0
15052
-26740
32450
-30908
22457
-8987
-6492
20520
-29962
32706
-28140
17284
-2565
-12727
25175
-31996
31665
-24256
11426
3958
-18458
28831
-32761
29368
-19410
5114
10325
-23456
31345
-32227
25906
-13795
-1400
16282
-27524
32615
-30415
21417
-7632
-7859
21593
-30501
32591
-27397
16079
-1167
-14006
26048
-32268
31276
-23293
10103
5345
-19598
29470
-32756
28720
-18264
3727
11644
-24412
31724
-31944
25025
-12512
-2798
17482
-28259
32719
-29866
20338
-6264
-9211
22626
-30985
32417
-26604
14844
233
-15259
26874
-32482
30830
-22287
8762
6721
-20702
30055
-32691
28020
-17085
2332
12942
-25324
32045
-31604
24098
-11207
-4190
18650
-28942
32764
-29263
19222
-4884
-10546
23618
-31412
32184
-25762
13583
1633
-16484
27650
-32636
30327
-21240
7405
8085
-21768
30586
-32566
27268
-15875
934
14217
-26189
32308
-31205
23128
-9881
-5575
19784
-29572
32749
-28607
18070
-3495
-11862
24567
-31781
31892
-24874
12296
3030
-17679
28376
-32731
29770
-20154
6034
9435
-22795
31060
-32382
26467
-14636
-467
15465
-27007
32512
-30750
22115
-8537
-6949
20882
-30148
32674
-27898
16886
-2099
-13156
25471
-32093
31541
-23940
10987
4421
-18842
29050
-32766
29158
-19032
4653
10767
-23780
31477
-32139
25617
-13370
-1866
16685
-27775
32656
-30238
21062
-7177
-8311
21942
-30668
32540
-27138
15670
-700
-14427
26329
-32346
31133
-22962
9658
5805
-19970
29671
-32741
28492
-17875
3262
12079
-24721
31837
-31837
24721
-12079
-3262
17875
-28492
32741
-29671
19970
-5805
-9658
22962
-31133
32346
-26329
14427
700
-15670
27138
-32540
30668
-21942
8311
7177
-21062
30238
-32656
27775
-16685
1866
13370
-25617
32139
-31477
23780
-10767
-4653
19032
-29158
32766
-29050
18842
-4421
-10987
23940
-31541
32093
-25471
13156
2099
-16886
27898
-32674
30148
-20882
6949
8537
-22115
30750
-32512
27007
-15465
467
14636
-26467
32382
-31060
22795
-9435
-6034
20154
-29770
32731
-28376
17679
-3030
-12296
24874
-31892
31781
-24567
11862
3495
-18070
28607
-32749
29572
-19784
5575
9881
-23128
31205
-32308
26189
-14217
-934
15875
-27268
32566
-30586
21768
-8085
-7405
21240
-30327
32636
-27650
16484
-1633
-13583
25762
-32184
31412
-23618
10546
4884
-19222
29263
-32764
28942
-18650
4190
11207
-24098
31604
-32045
25324
-12942
-2332
17085
-28020
32691
-30055
20702
-6721
-8762
22287
-30830
32482
-26874
15259
-233
-14844
26604
-32417
30985
-22626
9211
6264
-20338
29866
-32719
28259
-17482
2798
12512
-25025
31944
-31724
24412
-11644
-3727
18264
-28720
32756
-29470
19598
-5345
-10103
23293
-31276
32268
-26048
14006
1167
-16079
27397
-32591
30501
-21593
7859
7632
-21417
30415
-32615
27524
-16282
1400
13795
-25906
32227
-31345
23456
-10325
-5114
19410
-29368
32761
-28831
18458
-3958
-11426
24256
-31665
31996
-25175
12727
2565
-17284
28140
-32706
29962
-20520
6492
8987
-22457
30908
-32450
26740
-15052
0
15052
-26740
32450
-30908
22457
-8987
-6492
20520
-29962
32706
-28140
17284
-2565
-12727
25175
-31996
31665
-24256
11426
3958
-18458
28831
-32761
29368
-19410
5114
10325
-23456
31345
-32227
25906
-13795
-1400
16282
-27524
32615
-30415
21417
-7632
-7859
21593
-30501
32591
-27397
16079
-1167
-14006
26048
-32268
31276
-23293
10103
5345
-19598
29470
-32756
28720
-18264
3727
11644
-24412
31724
-31944
25025
-12512
-2798
17482
-28259
32719
-29866
20338
-6264
-9211
22626
-30985
32417
-26604
14844
233
-15259
26874
-32482
30830
-22287
8762
6721
-20702
30055
-32691
28020
-17085
2332
12942
-25324
32045
-31604
24098
-11207
-4190
18650
-28942
32764
-29263
19222
-4884
-10546
23618
-31412
32184
-25762
13583
1633
-16484
27650
-32636
30327
-21240
7405
8085
-21768
30586
-32566
27268
-15875
934
14217
-26189
32308
-31205
23128
-9881
-5575
19784
-29572
32749
-28607
18070
-3495
-11862
24567
-31781
31892
-24874
12296
3030
-17679
28376
-32731
29770
-20154
6034
9435
-22795
31060
-32382
26467
-14636
-467
15465
-27007
32512
-30750
22115
-8537
-6949
20882
-30148
32674
-27898
16886
-2099
-13156
25471
-32093
31541
-23940
10987
4421
-18842
29050
-32766
29158
-19032
4653
10767
-23780
31477
-32139
25617
-13370
-1866
16685
-27775
32656
-30238
21062
-7177
-8311
21942
-30668
32540
-27138
15670
-700
-14427
26329
-32346
31133
-22962
9658
5805
-19970
29671
-32741
28492
-17875
3262
12079
-24721
31837
-31837
24721
-12079
-3262
17875
-28492
32741
-29671
19970
-5805
-9658
22962
-31133
32346
-26329
14427
700
-15670
27138
-32540
30668
-21942
8311
7177
-21062
30238
-32656
27775
-16685
1866
13370
-25617
32139
-31477
23780
-10767
-4653
19032
-29158
32766
-29050
18842
-4421
-10987
23940
-31541
32093
-25471
13156
2099
-16886
27898
-32674
30148
-20882
6949
8537
-22115
30750
-32512
27007
-15465
467
14636
-26467
32382
-31060
22795
-9435
-6034
20154
-29770
32731
-28376
17679
-3030
-12296
24874
-31892
31781
-24567
11862
3495
-18070
28607
-32749
29572
-19784
5575
9881
-23128
31205
-32308
26189
-14217
-934
15875
-27268
32566
-30586
21768
-8085
-7405
21240
-30327
32636
-27650
16484
-1633
-13583
25762
-32184
31412
-23618
10546
4884
-19222
29263
-32764
28942
-18650
4190
11207
-24098
31604
-32045
25324
-12942
-2332
17085
-28020
32691
-30055
20702
-6721
-8762
22287
-30830
32482
-26874
15259
-233
-14844
26604
-32417
30985
-22626
9211
6264
-20338
29866
-32719
28259
-17482
2798
12512
-25025
31944
-31724
24412
-11644
-3727
18264
-28720
32756
-29470
19598
-5345
-10103
23293
-31276
32268
-26048
14006
1167
-16079
27397
-32591
30501
-21593
7859
7632
-21417
30415
-32615
27524
-16282
1400
13795
-25906
32227
-31345
23456
-10325
-5114
19410
-29368
32761
-28831
18458
-3958
-11426
24256
-31665
31996
-25175
12727
2565
-17284
28140
-32706
29962
-20520
6492
8987
-22457
30908
-32450
26740
-15052
0
15052
-26740
32450
-30908
22457
-8987
-6492
20520
-29962
32706
-28140
17284
-2565
-12727
25175
-31996
31665
-24256
11426
3958
-18458
28831
-32761
29368
-19410
5114
10325
-23456
31345
-32227
25906
-13795
-1400
16282
-27524
32615
-30415
21417
-7632
-7859
21593
-30501
32591
-27397
16079
-1167
-14006
26048
-32268
31276
-23293
10103
5345
-19598
29470
-32756
28720
-18264
3727
11644
-24412
31724
-31944
25025
-12512
-2798
17482
-28259
32719
-29866
20338
-6264
-9211
22626
-30985
32417
-26604
14844
233
-15259
26874
-32482
30830
-22287
8762
6721
-20702
30055
-32691
28020
-17085
2332
12942
-25324
32045
-31604
24098
-11207
-4190
18650
-28942
32764
-29263
19222
-4884
-10546
23618
-31412
32184
-25762
13583
1633
-16484
27650
-32636
30327
-21240
7405
8085
-21768
30586
-32566
27268
-15875
934
14217
-26189
32308
-31205
23128
-9881
-5575
19784
-29572
32749
-28607
18070
-3495
-11862
24567
-31781
31892
-24874
12296
3030
-17679
28376
-32731
29770
-20154
6034
9435
-22795
31060
-32382
26467
-14636
-467
15465
-27007
32512
-30750
22115
-8537
-6949
20882
-30148
32674
-27898
16886
-2099
-13156
25471
-32093
31541
-23940
10987
4421
-18842
29050
-32766
29158
-19032
4653
10767
-23780
31477
-32139
25617
-13370
-1866
16685
-27775
32656
-30238
21062
-7177
-8311
21942
-30668
32540
-27138
15670
-700
-14427
26329
-32346
31133
-22962
9658
5805
-19970
29671
-32741
28492
-17875
3262
12079
-24721
31837
-31837
24721
-12079
-3262
17875
-28492
32741
-29671
19970
-5805
-9658
22962
-31133
32346
-26329
14427
700
-15670
27138
-32540
30668
-21942
8311
7177
-21062
30238
-32656
27775
-16685
1866
13370
-25617
32139
-31477
23780
-10767
-4653
19032
-29158
32766
-29050
18842
-4421
-10987
23940
-31541
32093
-25471
13156
2099
-16886
27898
-32674
30148
-20882
6949
8537
-22115
30750
-32512
27007
-15465
467
14636
-26467
32382
-31060
22795
-9435
-6034
20154
-29770
32731
-28376
17679
-3030
-12296
24874
-31892
31781
-24567
11862
3495
-18070
28607
-32749
29572
-19784
5575
9881
-23128
31205
-32308
26189
-14217
-934
15875
-27268
32566
-30586
21768
-8085
-7405
21240
-30327
32636
-27650
16484
-1633
-13583
25762
-32184
31412
-23618
10546
4884
-19222
29263
-32764
28942
-18650
4190
11207
-24098
31604
-32045
25324
-12942
-2332
17085
-28020
32691
-30055
20702
-6721
-8762
22287
-30830
32482
-26874
15259
-233
-14844
26604
-32417
30985
-22626
9211
6264
-20338
29866
-32719
28259
-17482
2798
12512
-25025
31944
-31724
24412
-11644
-3727
18264
-28720
32756
-29470
19598
-5345
-10103
23293
-31276
32268
-26048
14006
1167
-16079
27397
-32591
30501
-21593
7859
7632
-21417
30415
-32615
27524
-16282
1400
13795
-25906
32227
-31345
23456
-10325
-5114
19410
-29368
32761
-28831
18458
-3958
-11426
24256
-31665
31996
-25175
12727
2565
-17284
28140
-32706
29962
-20520
6492
8987
-22457
30908
-32450
26740
-15052
0
15052
-26740
32450
-30908
22457
-8987
-6492
20520
-29962
32706
-28140
17284
-2565
-12727
25175
-31996
31665
-24256
11426
3958
-18458
28831
-32761
29368
-19410
5114
10325
-23456
31345
-32227
25906
-13795
-1400
16282
-27524
32615
-30415
21417
-7632
-7859
21593
-30501
32591
-27397
16079
-1167
-14006
26048
-32268
31276
-23293
10103
5345
-19598
29470
-32756
28720
-18264
3727
11644
-24412
31724
-31944
25025
-12512
-2798
17482
-28259
32719
-29866
20338
-6264
-9211
22626
-30985
32417
-26604
14844
233
-15259
26874
-32482
30830
-22287
8762
6721
-20702
30055
-32691
28020
-17085
2332
12942
-25324
32045
-31604
24098
-11207
-4190
18650
-28942
32764
-29263
19222
-4884
-10546
23618
-31412
32184
-25762
13583
1633
-16484
27650
-32636
30327
-21240
7405
8085
-21768
30586
-32566
27268
-15875
934
14217
-26189
32308
-31205
23128
-9881
-5575
19784
-29572
32749
-28607
18070
-3495
-11862
24567
-31781
31892
-24874
12296
3030
-17679
28376
-32731
29770
-20154
6034
9435
-22795
31060
-32382
26467
-14636
-467
15465
-27007
32512
-30750
22115
-8537
-6949
20882
-30148
32674
-27898
16886
-2099
-13156
25471
-32093
31541
-23940
10987
4421
-18842
29050
-32766
29158
-19032
4653
10767
-23780
31477
-32139
25617
-13370
-1866
16685
-27775
32656
-30238
21062
-7177
-8311
21942
-30668
32540
-27138
15670
-700
-14427
26329
-32346
31133
-22962
9658
5805
-19970
29671
-32741
28492
-17875
3262
12079
-24721
31837
-31837
24721
-12079
-3262
17875
-28492
32741
-29671
19970
-5805
-9658
22962
-31133
32346
-26329
14427
700
-15670
27138
-32540
30668
-21942
8311
7177
-21062
30238
-32656
27775
-16685
1866
13370
-25617
32139
-31477
23780
-10767
-4653
19032
-29158
32766
-29050
18842
-4421
-10987
23940
-31541
32093
-25471
13156
2099
-16886
27898
-32674
30148
-20882
6949
8537
-22115
30750
-32512
27007
-15465
467
14636
-26467
32382
-31060
22795
-9435
-6034
20154
-29770
32731
-28376
17679
-3030
-12296
24874
-31892
31781
-24567
11862
3495
-18070
28607
-32749
29572
-19784
5575
9881
-23128
31205
-32308
26189
-14217
-934
15875
-27268
32566
-30586
21768
-8085
-7405
21240
-30327
32636
-27650
16484
-1633
-13583
25762
-32184
31412
-23618
10546
4884
-19222
29263
-32764
28942
-18650
4190
11207
-24098
31604
-32045
25324
-12942
-2332
17085
-28020
32691
-30055
20702
-6721
-8762
22287
-30830
32482
-26874
15259
-233
-14844
26604
-32417
30985
-22626
9211
6264
-20338
29866
-32719
28259
-17482
2798
12512
-25025
31944
-31724
24412
-11644
-3727
18264
-28720
32756
-29470
19598
-5345
-10103
23293
-31276
32268
-26048
14006
1167
-16079
27397
-32591
30501
-21593
7859
7632
-21417
30415
-32615
27524
-16282
1400
13795
-25906
32227
-31345
23456
-10325
-5114
19410
-29368
32761
-28831
18458
-3958
-11426
24256
-31665
31996
-25175
12727
2565
-17284
28140
-32706
29962
-20520
6492
8987
-22457
30908
-32450
26740
-15052
0
15052
-26740
32450
-30908
22457
-8987
-6492
20520
-29962
32706
-28140
17284
-2565
-12727
25175
-31996
31665
-24256
11426
3958
-18458
28831
-32761
29368
-19410
5114
10325
-23456
31345
-32227
25906
-13795
-1400
16282
-27524
32615
-30415
21417
-7632
-7859
21593
-30501
32591
-27397
16079
-1167
-14006
26048
-32268
31276
-23293
10103
5345
-19598
29470
-32756
28720
-18264
3727
11644
-24412
31724
-31944
25025
-12512
-2798
17482
-28259
32719
-29866
20338
-6264
-9211
22626
-30985
32417
-26604
14844
233
-15259
26874
-32482
30830
-22287
8762
6721
-20702
30055
-32691
28020
-17085
2332
12942
-25324
32045
-31604
24098
-11207
-4190
18650
-28942
32764
-29263
19222
-4884
-10546
23618
-31412
32184
-25762
13583
1633
-16484
27650
-32636
30327
-21240
7405
8085
-21768
30586
-32566
27268
-15875
934
14217
-26189
32308
-31205
23128
-9881
-5575
19784
-29572
32749
-28607
18070
-3495
-11862
24567
-31781
31892
-24874
12296
3030
-17679
28376
-32731
29770
-20154
6034
9435
-22795
31060
-32382
26467
-14636
-467
15465
-27007
32512
-30750
22115
-8537
-6949
20882
-30148
32674
-27898
16886
-2099
-13156
25471
-32093
31541
-23940
10987
4421
-18842
29050
-32766
29158
-19032
4653
10767
-23780
31477
-32139
25617
-13370
-1866
16685
-27775
32656
-30238
21062
-7177
-8311
21942
-30668
32540
-27138
15670
-700
-14427
26329
-32346
31133
-22962
9658
5805
-19970
29671
-32741
28492
-17875
3262
12079
-24721
31837
-31837
24721
-12079
-3262
17875
-28492
32741
-29671
19970
-5805
-9658
22962
-31133
32346
-26329
14427
700
-15670
27138
-32540
30668
-21942
8311
7177
-21062
30238
-32656
27775
-16685
1866
13370
-25617
32139
-31477
23780
-10767
-4653
19032
-29158
32766
-29050
18842
-4421
-10987
23940
-31541
32093
-25471
13156
2099
-16886
27898
-32674
30148
-20882
6949
8537
-22115
30750
-32512
27007
-15465
467
14636
-26467
32382
-31060
22795
-9435
-6034
20154
-29770
32731
-28376
17679
-3030
-12296
24874
-31892
31781
-24567
11862
3495
-18070
28607
-32749
29572
-19784
5575
9881
-23128
31205
-32308
26189
-14217
-934
15875
-27268
32566
-30586
21768
-8085
-7405
21240
-30327
32636
-27650
16484
-1633
-13583
25762
-32184
31412
-23618
10546
4884
-19222
29263
-32764
28942
-18650
4190
11207
-24098
31604
-32045
25324
-12942
-2332
17085
-28020
32691
-30055
20702
-6721
-8762
22287
-30830
32482
-26874
15259
-233
-14844
26604
-32417
30985
-22626
9211
6264
-20338
29866
-32719
28259
-17482
2798
12512
-25025
31944
-31724
24412
-11644
-3727
18264
-28720
32756
-29470
19598
-5345
-10103
23293
-31276
32268
-26048
14006
1167
-16079
27397
-32591
30501
-21593
7859
7632
-21417
30415
-32615
27524
-16282
1400
13795
-25906
32227
-31345
23456
-10325
-5114
19410
-29368
32761
-28831
18458
-3958
-11426
24256
-31665
31996
-25175
12727
2565
-17284
28140
-32706
29962
-20520
6492
8987
-22457
30908
-32450
26740
-15052
0
15052
-26740
32450
-30908
22457
-8987
-6492
20520
-29962
32706
-28140
17284
-2565
-12727
25175
-31996
31665
-24256
11426
3958
-18458
28831
-32761
29368
-19410
5114
10325
-23456
31345
-32227
25906
-13795
-1400
16282
-27524
32615
-30415
21417
-7632
-7859
21593
-30501
32591
-27397
16079
-1167
-14006
26048
-32268
31276
-23293
10103
5345
-19598
29470
-32756
28720
-18264
3727
11644
-24412
31724
-31944
25025
-12512
-2798
17482
-28259
32719
-29866
20338
-6264
-9211
22626
-30985
32417
-26604
14844
233
-15259
26874
-32482
30830
-22287
8762
6721
-20702
30055
-32691
28020
-17085
2332
12942
-25324
32045
-31604
24098
-11207
-4190
18650
-28942
32764
-29263
19222
-4884
-10546
23618
-31412
32184
-25762
13583
1633
-16484
27650
-32636
30327
-21240
7405
8085
-21768
30586
-32566
27268
-15875
934
14217
-26189
32308
-31205
23128
-9881
-5575
19784
-29572
32749
-28607
18070
-3495
-11862
24567
-31781
31892
-24874
12296
3030
-17679
28376
-32731
29770
-20154
6034
9435
-22795
31060
-32382
26467
-14636
-467
15465
-27007
32512
-30750
22115
-8537
-6949
20882
-30148
32674
-27898
16886
-2099
-13156
25471
-32093
31541
-23940
10987
4421
-18842
29050
-32766
29158
-19032
4653
10767
-23780
31477
-32139
25617
-13370
-1866
16685
-27775
32656
-30238
21062
-7177
-8311
21942
-30668
32540
-27138
15670
-700
-14427
26329
-32346
31133
-22962
9658
5805
-19970
29671
-32741
28492
-17875
3262
12079
-24721
31837
-31837
24721
-12079
-3262
17875
-28492
32741
-29671
19970
-5805
-9658
22962
-31133
32346
-26329
14427
700
-15670
27138
-32540
30668
-21942
8311
7177
-21062
30238
-32656
27775
-16685
1866
13370
-25617
32139
-31477
23780
-10767
-4653
19032
-29158
32766
-29050
18842
-4421
-10987
23940
-31541
32093
-25471
13156
2099
-16886
27898
-32674
30148
-20882
6949
8537
-22115
30750
-32512
27007
-15465
467
14636
-26467
32382
-31060
22795
-9435
-6034
20154
-29770
32731
-28376
17679
-3030
-12296
24874
-31892
31781
-24567
11862
3495
-18070
28607
-32749
29572
-19784
5575
9881
-23128
31205
-32308
26189
-14217
-934
15875
-27268
32566
-30586
21768
-8085
-7405
21240
-30327
32636
-27650
16484
-1633
-13583
25762
-32184
31412
-23618
10546
4884
-19222
29263
-32764
28942
-18650
4190
11207
-24098
31604
-32045
25324
-12942
-2332
17085
-28020
32691
-30055
20702
-6721
-8762
22287
-30830
32482
-26874
15259
-233
-14844
26604
-32417
30985
-22626
9211
6264
-20338
29866
-32719
28259
-17482
2798
12512
-25025
31944
-31724
24412
-11644
-3727
18264
-28720
32756
-29470
19598
-5345
-10103
23293
-31276
32268
-26048
14006
1167
-16079
27397
-32591
30501
-21593
7859
7632
-21417
30415
-32615
27524
-16282
1400
13795
-25906
32227
-31345
23456
-10325
-5114
19410
-29368
32761
-28831
18458
-3958
-11426
24256
-31665
31996
-25175
12727
2565
-17284
28140
-32706
29962
-20520
6492
8987
-22457
30908
-32450
26740
-15052
0
15052
-26740
32450
-30908
22457
-8987
-6492
20520
-29962
32706
-28140
17284
-2565
-12727
25175
-31996
31665
-24256
11426
3958
-18458
28831
-32761
29368
-19410
5114
10325
-23456
31345
-32227
25906
-13795
-1400
16282
-27524
32615
-30415
21417
-7632
-7859
21593
-30501
32591
-27397
16079
-1167
-14006
26048
-32268
31276
-23293
10103
5345
-19598
29470
-32756
28720
-18264
3727
11644
-24412
31724
-31944
25025
-12512
-2798
17482
-28259
32719
-29866
20338
-6264
-9211
22626
-30985
32417
-26604
14844
233
-15259
26874
-32482
30830
-22287
8762
6721
-20702
30055
-32691
28020
-17085
2332
12942
-25324
32045
-31604
24098
-11207
-4190
18650
-28942
32764
-29263
19222
-4884
-10546
23618
-31412
32184
-25762
13583
1633
-16484
27650
-32636
30327
-21240
7405
8085
-21768
30586
-32566
27268
-15875
934
14217
-26189
32308
-31205
23128
-9881
-5575
19784
-29572
32749
-28607
18070
-3495
-11862
24567
-31781
31892
-24874
12296
3030
-17679
28376
-32731
29770
-20154
6034
9435
-22795
31060
-32382
26467
-14636
-467
15465
-27007
32512
-30750
22115
-8537
-6949
20882
-30148
32674
-27898
16886
-2099
-13156
25471
-32093
31541
-23940
10987
4421
-18842
29050
-32766
29158
-19032
4653
10767
-23780
31477
-32139
25617
-13370
-1866
16685
-27775
32656
-30238
21062
-7177
-8311
21942
-30668
32540
-27138
15670
-700
-14427
26329
-32346
31133
-22962
9658
5805
-19970
29671
-32741
28492
-17875
3262
12079
-24721
31837
-31837
24721
-12079
-3262
17875
-28492
32741
-29671
19970
-5805
-9658
22962
-31133
32346
-26329
14427
700
-15670
27138
-32540
30668
-21942
8311
7177
-21062
30238
-32656
27775
-16685
1866
13370
-25617
32139
-31477
23780
-10767
-4653
19032
-29158
32766
-29050
18842
-4421
-10987
23940
-31541
32093
-25471
13156
2099
-16886
27898
-32674
30148
-20882
6949
8537
-22115
30750
-32512
27007
-15465
467
14636
-26467
32382
-31060
22795
-9435
-6034
20154
-29770
32731
-28376
17679
-3030
-12296
24874
-31892
31781
-24567
11862
3495
-18070
28607
-32749
29572
-19784
5575
9881
-23128
31205
-32308
26189
-14217
-934
15875
-27268
32566
-30586
21768
-8085
-7405
21240
-30327
32636
-27650
16484
-1633
-13583
25762
-32184
31412
-23618
10546
4884
-19222
29263
-32764
28942
-18650
4190
11207
-24098
31604
-32045
25324
-12942
-2332
17085
-28020
32691
-30055
20702
-6721
-8762
22287
-30830
32482
-26874
15259
-233
-14844
26604
-32417
30985
-22626
9211
6264
-20338
29866
-32719
28259
-17482
2798
12512
-25025
31944
-31724
24412
-11644
-3727
18264
-28720
32756
-29470
19598
-5345
-10103
23293
-31276
32268
-26048
14006
1167
-16079
27397
-32591
30501
-21593
7859
7632
-21417
30415
-32615
27524
-16282
1400
13795
-25906
32227
-31345
23456
-10325
-5114
19410
-29368
32761
-28831
18458
-3958
-11426
24256
-31665
31996
-25175
12727
2565
-17284
28140
-32706
29962
-20520
6492
8987
-22457
30908
-32450
26740
-15052
0
15052
-26740
32450
-30908
22457
-8987
-6492
20520
-29962
32706
-28140
17284
-2565
-12727
25175
-31996
31665
-24256
11426
3958
-18458
28831
-32761
29368
-19410
5114
10325
-23456
31345
-32227
25906
-13795
-1400
16282
-27524
32615
-30415
21417
-7632
-7859
21593
-30501
32591
-27397
16079
-1167
-14006
26048
-32268
31276
-23293
10103
5345
-19598
29470
-32756
28720
-18264
3727
11644
-24412
31724
-31944
25025
-12512
-2798
17482
-28259
32719
-29866
20338
-6264
-9211
22626
-30985
32417
-26604
14844
233
-15259
26874
-32482
30830
-22287
8762
6721
-20702
30055
-32691
28020
-17085
2332
12942
-25324
32045
-31604
24098
-11207
-4190
18650
-28942
32764
-29263
19222
-4884
-10546
23618
-31412
32184
-25762
13583
1633
-16484
27650
-32636
30327
-21240
7405
8085
-21768
30586
-32566
27268
-15875
934
14217
-26189
32308
-31205
23128
-9881
-5575
19784
-29572
32749
-28607
18070
-3495
-11862
24567
-31781
31892
-24874
12296
3030
-17679
28376
-32731
29770
-20154
6034
9435
-22795
31060
-32382
26467
-14636
-467
15465
-27007
32512
-30750
22115
-8537
-6949
20882
-30148
32674
-27898
16886
-2099
-13156
25471
-32093
31541
-23940
10987
4421
-18842
29050
-32766
29158
-19032
4653
10767
-23780
31477
-32139
25617
-13370
-1866
16685
-27775
32656
-30238
21062
-7177
-8311
21942
-30668
32540
-27138
15670
-700
-14427
26329
-32346
31133
-22962
9658
5805
-19970
29671
-32741
28492
-17875
3262
12079
-24721
31837
-31837
24721
-12079
-3262
17875
-28492
32741
-29671
19970
-5805
-9658
22962
-31133
32346
-26329
14427
700
-15670
27138
-32540
30668
-21942
8311
7177
-21062
30238
-32656
27775
-16685
1866
13370
-25617
32139
-31477
23780
-10767
-4653
19032
-29158
32766
-29050
18842
-4421
-10987
23940
-31541
32093
-25471
13156
2099
-16886
27898
-32674
30148
-20882
6949
8537
-22115
30750
-32512
27007
-15465
467
14636
-26467
32382
-31060
22795
-9435
-6034
20154
-29770
32731
-28376
17679
-3030
-12296
24874
-31892
31781
-24567
11862
3495
-18070
28607
-32749
29572
-19784
5575
9881
-23128
31205
-32308
26189
-14217
-934
15875
-27268
32566
-30586
21768
-8085
-7405
21240
-30327
32636
-27650
16484
-1633
-13583
25762
-32184
31412
-23618
10546
4884
-19222
29263
-32764
28942
-18650
4190
11207
-24098
31604
-32045
25324
-12942
-2332
17085
-28020
32691
-30055
20702
-6721
-8762
22287
-30830
32482
-26874
15259
-233
-14844
26604
-32417
30985
-22626
9211
6264
-20338
29866
-32719
28259
-17482
2798
12512
-25025
31944
-31724
24412
-11644
-3727
18264
-28720
32756
-29470
19598
-5345
-10103
23293
-31276
32268
-26048
14006
1167
-16079
27397
-32591
30501
-21593
7859
7632
-21417
30415
-32615
27524
-16282
1400
13795
-25906
32227
-31345
23456
-10325
-5114
19410
-29368
32761
-28831
18458
-3958
-11426
24256
-31665
31996
-25175
12727
2565
-17284
28140
-32706
29962
-20520
6492
8987
-22457
30908
-32450
26740
-15052
0
15052
-26740
32450
-30908
22457
-8987
-6492
20520
-29962
32706
-28140
17284
-2565
-12727
25175
-31996
31665
-24256
11426
3958
-18458
28831
-32761
29368
-19410
5114
10325
-23456
31345
-32227
25906
-13795
-1400
16282
-27524
32615
-30415
21417
-7632
-7859
21593
-30501
32591
-27397
16079
-1167
-14006
26048
-32268
31276
-23293
10103
5345
-19598
29470
-32756
28720
-18264
3727
11644
-24412
31724
-31944
25025
-12512
-2798
17482
-28259
32719
-29866
20338
-6264
-9211
22626
-30985
32417
-26604
14844
233
-15259
26874
-32482
30830
-22287
8762
6721
-20702
30055
-32691
28020
-17085
2332
12942
-25324
32045
-31604
24098
-11207
-4190
18650
-28942
32764
-29263
19222
-4884
-10546
23618
-31412
32184
-25762
13583
1633
-16484
27650
-32636
30327
-21240
7405
8085
-21768
30586
-32566
27268
-15875
934
14217
-26189
32308
-31205
23128
-9881
-5575
19784
-29572
32749
-28607
18070
-3495
-11862
24567
-31781
31892
-24874
12296
3030
-17679
28376
-32731
29770
-20154
6034
9435
-22795
31060
-32382
26467
-14636
-467
15465
-27007
32512
-30750
22115
-8537
-6949
20882
-30148
32674
-27898
16886
-2099
-13156
25471
-32093
31541
-23940
10987
4421
-18842
29050
-32766
29158
-19032
4653
10767
-23780
31477
-32139
25617
-13370
-1866
16685
-27775
32656
-30238
21062
-7177
-8311
21942
-30668
32540
-27138
15670
-700
-14427
26329
-32346
31133
-22962
9658
5805
-19970
29671
-32741
28492
-17875
3262
12079
-24721
31837
-31837
24721
-12079
-3262
17875
-28492
32741
-29671
19970
-5805
-9658
22962
-31133
32346
-26329
14427
700
-15670
27138
-32540
30668
-21942
8311
7177
-21062
30238
-32656
27775
-16685
1866
13370
-25617
32139
-31477
23780
-10767
-4653
19032
-29158
32766
-29050
18842
-4421
-10987
23940
-31541
32093
-25471
13156
2099
-16886
27898
-32674
30148
-20882
6949
8537
-22115
30750
-32512
27007
-15465
467
14636
-26467
32382
-31060
22795
-9435
-6034
20154
-29770
32731
-28376
17679
-3030
-12296
24874
-31892
31781
-24567
11862
3495
-18070
28607
-32749
29572
-19784
5575
9881
-23128
31205
-32308
26189
-14217
-934
15875
-27268
32566
-30586
21768
-8085
-7405
21240
-30327
32636
-27650
16484
-1633
-13583
25762
-32184
31412
-23618
10546
4884
-19222
29263
-32764
28942
-18650
4190
11207
-24098
31604
-32045
25324
-12942
-2332
17085
-28020
32691
-30055
20702
-6721
-8762
22287
-30830
32482
-26874
15259
-233
-14844
26604
-32417
30985
-22626
9211
6264
-20338
29866
-32719
28259
-17482
2798
12512
-25025
31944
-31724
24412
-11644
-3727
18264
-28720
32756
-29470
19598
-5345
-10103
23293
-31276
32268
-26048
14006
1167
-16079
27397
-32591
30501
-21593
7859
7632
-21417
30415
-32615
27524
-16282
1400
13795
-25906
32227
-31345
23456
-10325
-5114
19410
-29368
32761
-28831
18458
-3958
-11426
24256
-31665
31996
-25175
12727
2565
-17284
28140
-32706
29962
-20520
6492
8987
-22457
30908
-32450
26740
-15052
0
15052
-26740
32450
-30908
22457
-8987
-6492
20520
-29962
32706
-28140
17284
-2565
-12727
25175
-31996
31665
-24256
11426
3958
-18458
28831
-32761
29368
-19410
5114
10325
-23456
31345
-32227
25906
-13795
-1400
16282
-27524
32615
-30415
21417
-7632
-7859
21593
-30501
32591
-27397
16079
-1167
-14006
26048
-32268
31276
-23293
10103
5345
-19598
29470
-32756
28720
-18264
3727
11644
-24412
31724
-31944
25025
-12512
-2798
17482
-28259
32719
-29866
20338
-6264
-9211
22626
-30985
32417
-26604
14844
233
-15259
26874
-32482
30830
-22287
8762
6721
-20702
30055
-32691
28020
-17085
2332
12942
-25324
32045
-31604
24098
-11207
-4190
18650
-28942
32764
-29263
19222
-4884
-10546
23618
-31412
32184
-25762
13583
1633
-16484
27650
-32636
30327
-21240
7405
8085
-21768
30586
-32566
27268
-15875
934
14217
-26189
32308
-31205
23128
-9881
-5575
19784
-29572
32749
-28607
18070
-3495
-11862
24567
-31781
31892
-24874
12296
3030
-17679
28376
-32731
29770
-20154
6034
9435
-22795
31060
-32382
26467
-14636
-467
15465
-27007
32512
-30750
22115
-8537
-6949
20882
-30148
32674
-27898
16886
-2099
-13156
25471
-32093
31541
-23940
10987
4421
-18842
29050
-32766
29158
-19032
4653
10767
-23780
31477
-32139
25617
-13370
-1866
16685
-27775
32656
-30238
21062
-7177
-8311
21942
-30668
32540
-27138
15670
-700
-14427
26329
-32346
31133
-22962
9658
5805
-19970
29671
-32741
28492
-17875
3262
12079
-24721
31837
-31837
24721
-12079
-3262
17875
-28492
32741
-29671
19970
-5805
-9658
22962
-31133
32346
-26329
14427
700
-15670
27138
-32540
30668
-21942
8311
7177
-21062
30238
-32656
27775
-16685
1866
13370
-25617
32139
-31477
23780
-10767
-4653
19032
-29158
32766
-29050
18842
-4421
-10987
23940
-31541
32093
-25471
13156
2099
-16886
27898
-32674
30148
-20882
6949
8537
-22115
30750
-32512
27007
-15465
467
14636
-26467
32382
-31060
22795
-9435
-6034
20154
-29770
32731
-28376
17679
-3030
-12296
24874
-31892
31781
-24567
11862
3495
-18070
28607
-32749
29572
-19784
5575
9881
-23128
31205
-32308
26189
-14217
-934
15875
-27268
32566
-30586
21768
-8085
-7405
21240
-30327
32636
-27650
16484
-1633
-13583
25762
-32184
31412
-23618
10546
4884
-19222
29263
-32764
28942
-18650
4190
11207
-24098
31604
-32045
25324
-12942
-2332
17085
-28020
32691
-30055
20702
-6721
-8762
22287
-30830
32482
-26874
15259
-233
-14844
26604
-32417
30985
-22626
9211
6264
-20338
29866
-32719
28259
-17482
2798
12512
-25025
31944
-31724
24412
-11644
-3727
18264
-28720
32756
-29470
19598
-5345
-10103
23293
-31276
32268
-26048
14006
1167
-16079
27397
-32591
30501
-21593
7859
7632
-21417
30415
-32615
27524
-16282
1400
13795
-25906
32227
-31345
23456
-10325
-5114
19410
-29368
32761
-28831
18458
-3958
-11426
24256
-31665
31996
-25175
12727
2565
-17284
28140
-32706
29962
-20520
6492
8987
-22457
30908
-32450
26740
-15052
