0
16282
-28259
32764
-28607
16886
-700
-15670
27898
-32749
28942
-17482
1400
15052
-27524
32719
-29263
18070
-2099
-14427
27138
-32674
29572
-18650
2798
13795
-26740
32615
-29866
19222
-3495
-13156
26329
-32540
30148
-19784
4190
12512
-25906
32450
-30415
20338
-4884
-11862
25471
-32346
30668
-20882
5575
11207
-25025
32227
-30908
21417
-6264
-10546
24567
-32093
31133
-21942
6949
9881
-24098
31944
-31345
22457
-7632
-9211
23618
-31781
31541
-22962
8311
8537
-23128
31604
-31724
23456
-8987
-7859
22626
-31412
31892
-23940
9658
7177
-22115
31205
-32045
24412
-10325
-6492
21593
-30985
32184
-24874
10987
5805
-21062
30750
-32308
25324
-11644
-5114
20520
-30501
32417
-25762
12296
4421
-19970
30238
-32512
26189
-12942
-3727
19410
-29962
32591
-26604
13583
3030
-18842
29671
-32656
27007
-14217
-2332
18264
-29368
32706
-27397
14844
1633
-17679
29050
-32741
27775
-15465
-934
17085
-28720
32761
-28140
16079
233
-16484
28376
-32766
28492
-16685
467
15875
-28020
32756
-28831
17284
-1167
-15259
27650
-32731
29158
-17875
1866
14636
-27268
32691
-29470
18458
-2565
-14006
26874
-32636
29770
-19032
3262
13370
-26467
32566
-30055
19598
-3958
-12727
26048
-32482
30327
-20154
4653
12079
-25617
32382
-30586
20702
-5345
-11426
25175
-32268
30830
-21240
6034
10767
-24721
32139
-31060
21768
-6721
-10103
24256
-31996
31276
-22287
7405
9435
-23780
31837
-31477
22795
-8085
-8762
23293
-31665
31665
-23293
8762
8085
-22795
31477
-31837
23780
-9435
-7405
22287
-31276
31996
-24256
10103
6721
-21768
31060
-32139
24721
-10767
-6034
21240
-30830
32268
-25175
11426
5345
-20702
30586
-32382
25617
-12079
-4653
20154
-30327
32482
-26048
12727
3958
-19598
30055
-32566
26467
-13370
-3262
19032
-29770
32636
-26874
14006
2565
-18458
29470
-32691
27268
-14636
-1866
17875
-29158
32731
-27650
15259
1167
-17284
28831
-32756
28020
-15875
-467
16685
-28492
32766
-28376
16484
-233
-16079
28140
-32761
28720
-17085
934
15465
-27775
32741
-29050
17679
-1633
-14844
27397
-32706
29368
-18264
2332
14217
-27007
32656
-29671
18842
-3030
-13583
26604
-32591
29962
-19410
3727
12942
-26189
32512
-30238
19970
-4421
-12296
25762
-32417
30501
-20520
5114
11644
-25324
32308
-30750
21062
-5805
-10987
24874
-32184
30985
-21593
6492
10325
-24412
32045
-31205
22115
-7177
-9658
23940
-31892
31412
-22626
7859
8987
-23456
31724
-31604
23128
-8537
-8311
22962
-31541
31781
-23618
9211
7632
-22457
31345
-31944
24098
-9881
-6949
21942
-31133
32093
-24567
10546
6264
-21417
30908
-32227
25025
-11207
-5575
20882
-30668
32346
-25471
11862
4884
-20338
30415
-32450
25906
-12512
-4190
19784
-30148
32540
-26329
13156
3495
-19222
29866
-32615
26740
-13795
-2798
18650
-29572
32674
-27138
14427
2099
-18070
29263
-32719
27524
-15052
-1400
17482
-28942
32749
-27898
15670
700
-16886
28607
-32764
28259
-16282
0
16282
-28259
32764
-28607
16886
-700
-15670
27898
-32749
28942
-17482
1400
15052
-27524
32719
-29263
18070
-2099
-14427
27138
-32674
29572
-18650
2798
13795
-26740
32615
-29866
19222
-3495
-13156
26329
-32540
30148
-19784
4190
12512
-25906
32450
-30415
20338
-4884
-11862
25471
-32346
30668
-20882
5575
11207
-25025
32227
-30908
21417
-6264
-10546
24567
-32093
31133
-21942
6949
9881
-24098
31944
-31345
22457
-7632
-9211
23618
-31781
31541
-22962
8311
8537
-23128
31604
-31724
23456
-8987
-7859
22626
-31412
31892
-23940
9658
7177
-22115
31205
-32045
24412
-10325
-6492
21593
-30985
32184
-24874
10987
5805
-21062
30750
-32308
25324
-11644
-5114
20520
-30501
32417
-25762
12296
4421
-19970
30238
-32512
26189
-12942
-3727
19410
-29962
32591
-26604
13583
3030
-18842
29671
-32656
27007
-14217
-2332
18264
-29368
32706
-27397
14844
1633
-17679
29050
-32741
27775
-15465
-934
17085
-28720
32761
-28140
16079
233
-16484
28376
-32766
28492
-16685
467
15875
-28020
32756
-28831
17284
-1167
-15259
27650
-32731
29158
-17875
1866
14636
-27268
32691
-29470
18458
-2565
-14006
26874
-32636
29770
-19032
3262
13370
-26467
32566
-30055
19598
-3958
-12727
26048
-32482
30327
-20154
4653
12079
-25617
32382
-30586
20702
-5345
-11426
25175
-32268
30830
-21240
6034
10767
-24721
32139
-31060
21768
-6721
-10103
24256
-31996
31276
-22287
7405
9435
-23780
31837
-31477
22795
-8085
-8762
23293
-31665
31665
-23293
8762
8085
-22795
31477
-31837
23780
-9435
-7405
22287
-31276
31996
-24256
10103
6721
-21768
31060
-32139
24721
-10767
-6034
21240
-30830
32268
-25175
11426
5345
-20702
30586
-32382
25617
-12079
-4653
20154
-30327
32482
-26048
12727
3958
-19598
30055
-32566
26467
-13370
-3262
19032
-29770
32636
-26874
14006
2565
-18458
29470
-32691
27268
-14636
-1866
17875
-29158
32731
-27650
15259
1167
-17284
28831
-32756
28020
-15875
-467
16685
-28492
32766
-28376
16484
-233
-16079
28140
-32761
28720
-17085
934
15465
-27775
32741
-29050
17679
-1633
-14844
27397
-32706
29368
-18264
2332
14217
-27007
32656
-29671
18842
-3030
-13583
26604
-32591
29962
-19410
3727
12942
-26189
32512
-30238
19970
-4421
-12296
25762
-32417
30501
-20520
5114
11644
-25324
32308
-30750
21062
-5805
-10987
24874
-32184
30985
-21593
6492
10325
-24412
32045
-31205
22115
-7177
-9658
23940
-31892
31412
-22626
7859
8987
-23456
31724
-31604
23128
-8537
-8311
22962
-31541
31781
-23618
9211
7632
-22457
31345
-31944
24098
-9881
-6949
21942
-31133
32093
-24567
10546
6264
-21417
30908
-32227
25025
-11207
-5575
20882
-30668
32346
-25471
11862
4884
-20338
30415
-32450
25906
-12512
-4190
19784
-30148
32540
-26329
13156
3495
-19222
29866
-32615
26740
-13795
-2798
18650
-29572
32674
-27138
14427
2099
-18070
29263
-32719
27524
-15052
-1400
17482
-28942
32749
-27898
15670
700
-16886
28607
-32764
28259
-16282
0
16282
-28259
32764
-28607
16886
-700
-15670
27898
-32749
28942
-17482
1400
15052
-27524
32719
-29263
18070
-2099
-14427
27138
-32674
29572
-18650
2798
13795
-26740
32615
-29866
19222
-3495
-13156
26329
-32540
30148
-19784
4190
12512
-25906
32450
-30415
20338
-4884
-11862
25471
-32346
30668
-20882
5575
11207
-25025
32227
-30908
21417
-6264
-10546
24567
-32093
31133
-21942
6949
9881
-24098
31944
-31345
22457
-7632
-9211
23618
-31781
31541
-22962
8311
8537
-23128
31604
-31724
23456
-8987
-7859
22626
-31412
31892
-23940
9658
7177
-22115
31205
-32045
24412
-10325
-6492
21593
-30985
32184
-24874
10987
5805
-21062
30750
-32308
25324
-11644
-5114
20520
-30501
32417
-25762
12296
4421
-19970
30238
-32512
26189
-12942
-3727
19410
-29962
32591
-26604
13583
3030
-18842
29671
-32656
27007
-14217
-2332
18264
-29368
32706
-27397
14844
1633
-17679
29050
-32741
27775
-15465
-934
17085
-28720
32761
-28140
16079
233
-16484
28376
-32766
28492
-16685
467
15875
-28020
32756
-28831
17284
-1167
-15259
27650
-32731
29158
-17875
1866
14636
-27268
32691
-29470
18458
-2565
-14006
26874
-32636
29770
-19032
3262
13370
-26467
32566
-30055
19598
-3958
-12727
26048
-32482
30327
-20154
4653
12079
-25617
32382
-30586
20702
-5345
-11426
25175
-32268
30830
-21240
6034
10767
-24721
32139
-31060
21768
-6721
-10103
24256
-31996
31276
-22287
7405
9435
-23780
31837
-31477
22795
-8085
-8762
23293
-31665
31665
-23293
8762
8085
-22795
31477
-31837
23780
-9435
-7405
22287
-31276
31996
-24256
10103
6721
-21768
31060
-32139
24721
-10767
-6034
21240
-30830
32268
-25175
11426
5345
-20702
30586
-32382
25617
-12079
-4653
20154
-30327
32482
-26048
12727
3958
-19598
30055
-32566
26467
-13370
-3262
19032
-29770
32636
-26874
14006
2565
-18458
29470
-32691
27268
-14636
-1866
17875
-29158
32731
-27650
15259
1167
-17284
28831
-32756
28020
-15875
-467
16685
-28492
32766
-28376
16484
-233
-16079
28140
-32761
28720
-17085
934
15465
-27775
32741
-29050
17679
-1633
-14844
27397
-32706
29368
-18264
2332
14217
-27007
32656
-29671
18842
-3030
-13583
26604
-32591
29962
-19410
3727
12942
-26189
32512
-30238
19970
-4421
-12296
25762
-32417
30501
-20520
5114
11644
-25324
32308
-30750
21062
-5805
-10987
24874
-32184
30985
-21593
6492
10325
-24412
32045
-31205
22115
-7177
-9658
23940
-31892
31412
-22626
7859
8987
-23456
31724
-31604
23128
-8537
-8311
22962
-31541
31781
-23618
9211
7632
-22457
31345
-31944
24098
-9881
-6949
21942
-31133
32093
-24567
10546
6264
-21417
30908
-32227
25025
-11207
-5575
20882
-30668
32346
-25471
11862
4884
-20338
30415
-32450
25906
-12512
-4190
19784
-30148
32540
-26329
13156
3495
-19222
29866
-32615
26740
-13795
-2798
18650
-29572
32674
-27138
14427
2099
-18070
29263
-32719
27524
-15052
-1400
17482
-28942
32749
-27898
15670
700
-16886
28607
-32764
28259
-16282
0
16282
-28259
32764
-28607
16886
-700
-15670
27898
-32749
28942
-17482
1400
15052
-27524
32719
-29263
18070
-2099
-14427
27138
-32674
29572
-18650
2798
13795
-26740
32615
-29866
19222
-3495
-13156
26329
-32540
30148
-19784
4190
12512
-25906
32450
-30415
20338
-4884
-11862
25471
-32346
30668
-20882
5575
11207
-25025
32227
-30908
21417
-6264
-10546
24567
-32093
31133
-21942
6949
9881
-24098
31944
-31345
22457
-7632
-9211
23618
-31781
31541
-22962
8311
8537
-23128
31604
-31724
23456
-8987
-7859
22626
-31412
31892
-23940
9658
7177
-22115
31205
-32045
24412
-10325
-6492
21593
-30985
32184
-24874
10987
5805
-21062
30750
-32308
25324
-11644
-5114
20520
-30501
32417
-25762
12296
4421
-19970
30238
-32512
26189
-12942
-3727
19410
-29962
32591
-26604
13583
3030
-18842
29671
-32656
27007
-14217
-2332
18264
-29368
32706
-27397
14844
1633
-17679
29050
-32741
27775
-15465
-934
17085
-28720
32761
-28140
16079
233
-16484
28376
-32766
28492
-16685
467
15875
-28020
32756
-28831
17284
-1167
-15259
27650
-32731
29158
-17875
1866
14636
-27268
32691
-29470
18458
-2565
-14006
26874
-32636
29770
-19032
3262
13370
-26467
32566
-30055
19598
-3958
-12727
26048
-32482
30327
-20154
4653
12079
-25617
32382
-30586
20702
-5345
-11426
25175
-32268
30830
-21240
6034
10767
-24721
32139
-31060
21768
-6721
-10103
24256
-31996
31276
-22287
7405
9435
-23780
31837
-31477
22795
-8085
-8762
23293
-31665
31665
-23293
8762
8085
-22795
31477
-31837
23780
-9435
-7405
22287
-31276
31996
-24256
10103
6721
-21768
31060
-32139
24721
-10767
-6034
21240
-30830
32268
-25175
11426
5345
-20702
30586
-32382
25617
-12079
-4653
20154
-30327
32482
-26048
12727
3958
-19598
30055
-32566
26467
-13370
-3262
19032
-29770
32636
-26874
14006
2565
-18458
29470
-32691
27268
-14636
-1866
17875
-29158
32731
-27650
15259
1167
-17284
28831
-32756
28020
-15875
-467
16685
-28492
32766
-28376
16484
-233
-16079
28140
-32761
28720
-17085
934
15465
-27775
32741
-29050
17679
-1633
-14844
27397
-32706
29368
-18264
2332
14217
-27007
32656
-29671
18842
-3030
-13583
26604
-32591
29962
-19410
3727
12942
-26189
32512
-30238
19970
-4421
-12296
25762
-32417
30501
-20520
5114
11644
-25324
32308
-30750
21062
-5805
-10987
24874
-32184
30985
-21593
6492
10325
-24412
32045
-31205
22115
-7177
-9658
23940
-31892
31412
-22626
7859
8987
-23456
31724
-31604
23128
-8537
-8311
22962
-31541
31781
-23618
9211
7632
-22457
31345
-31944
24098
-9881
-6949
21942
-31133
32093
-24567
10546
6264
-21417
30908
-32227
25025
-11207
-5575
20882
-30668
32346
-25471
11862
4884
-20338
30415
-32450
25906
-12512
-4190
19784
-30148
32540
-26329
13156
3495
-19222
29866
-32615
26740
-13795
-2798
18650
-29572
32674
-27138
14427
2099
-18070
29263
-32719
27524
-15052
-1400
17482
-28942
32749
-27898
15670
700
-16886
28607
-32764
28259
-16282
0
16282
-28259
32764
-28607
16886
-700
-15670
27898
-32749
28942
-17482
1400
15052
-27524
32719
-29263
18070
-2099
-14427
27138
-32674
29572
-18650
2798
13795
-26740
32615
-29866
19222
-3495
-13156
26329
-32540
30148
-19784
4190
12512
-25906
32450
-30415
20338
-4884
-11862
25471
-32346
30668
-20882
5575
11207
-25025
32227
-30908
21417
-6264
-10546
24567
-32093
31133
-21942
6949
9881
-24098
31944
-31345
22457
-7632
-9211
23618
-31781
31541
-22962
8311
8537
-23128
31604
-31724
23456
-8987
-7859
22626
-31412
31892
-23940
9658
7177
-22115
31205
-32045
24412
-10325
-6492
21593
-30985
32184
-24874
10987
5805
-21062
30750
-32308
25324
-11644
-5114
20520
-30501
32417
-25762
12296
4421
-19970
30238
-32512
26189
-12942
-3727
19410
-29962
32591
-26604
13583
3030
-18842
29671
-32656
27007
-14217
-2332
18264
-29368
32706
-27397
14844
1633
-17679
29050
-32741
27775
-15465
-934
17085
-28720
32761
-28140
16079
233
-16484
28376
-32766
28492
-16685
467
15875
-28020
32756
-28831
17284
-1167
-15259
27650
-32731
29158
-17875
1866
14636
-27268
32691
-29470
18458
-2565
-14006
26874
-32636
29770
-19032
3262
13370
-26467
32566
-30055
19598
-3958
-12727
26048
-32482
30327
-20154
4653
12079
-25617
32382
-30586
20702
-5345
-11426
25175
-32268
30830
-21240
6034
10767
-24721
32139
-31060
21768
-6721
-10103
24256
-31996
31276
-22287
7405
9435
-23780
31837
-31477
22795
-8085
-8762
23293
-31665
31665
-23293
8762
8085
-22795
31477
-31837
23780
-9435
-7405
22287
-31276
31996
-24256
10103
6721
-21768
31060
-32139
24721
-10767
-6034
21240
-30830
32268
-25175
11426
5345
-20702
30586
-32382
25617
-12079
-4653
20154
-30327
32482
-26048
12727
3958
-19598
30055
-32566
26467
-13370
-3262
19032
-29770
32636
-26874
14006
2565
-18458
29470
-32691
27268
-14636
-1866
17875
-29158
32731
-27650
15259
1167
-17284
28831
-32756
28020
-15875
-467
16685
-28492
32766
-28376
16484
-233
-16079
28140
-32761
28720
-17085
934
15465
-27775
32741
-29050
17679
-1633
-14844
27397
-32706
29368
-18264
2332
14217
-27007
32656
-29671
18842
-3030
-13583
26604
-32591
29962
-19410
3727
12942
-26189
32512
-30238
19970
-4421
-12296
25762
-32417
30501
-20520
5114
11644
-25324
32308
-30750
21062
-5805
-10987
24874
-32184
30985
-21593
6492
10325
-24412
32045
-31205
22115
-7177
-9658
23940
-31892
31412
-22626
7859
8987
-23456
31724
-31604
23128
-8537
-8311
22962
-31541
31781
-23618
9211
7632
-22457
31345
-31944
24098
-9881
-6949
21942
-31133
32093
-24567
10546
6264
-21417
30908
-32227
25025
-11207
-5575
20882
-30668
32346
-25471
11862
4884
-20338
30415
-32450
25906
-12512
-4190
19784
-30148
32540
-26329
13156
3495
-19222
29866
-32615
26740
-13795
-2798
18650
-29572
32674
-27138
14427
2099
-18070
29263
-32719
27524
-15052
-1400
17482
-28942
32749
-27898
15670
700
-16886
28607
-32764
28259
-16282
0
16282
-28259
32764
-28607
16886
-700
-15670
27898
-32749
28942
-17482
1400
15052
-27524
32719
-29263
18070
-2099
-14427
27138
-32674
29572
-18650
2798
13795
-26740
32615
-29866
19222
-3495
-13156
26329
-32540
30148
-19784
4190
12512
-25906
32450
-30415
20338
-4884
-11862
25471
-32346
30668
-20882
5575
11207
-25025
32227
-30908
21417
-6264
-10546
24567
-32093
31133
-21942
6949
9881
-24098
31944
-31345
22457
-7632
-9211
23618
-31781
31541
-22962
8311
8537
-23128
31604
-31724
23456
-8987
-7859
22626
-31412
31892
-23940
9658
7177
-22115
31205
-32045
24412
-10325
-6492
21593
-30985
32184
-24874
10987
5805
-21062
30750
-32308
25324
-11644
-5114
20520
-30501
32417
-25762
12296
4421
-19970
30238
-32512
26189
-12942
-3727
19410
-29962
32591
-26604
13583
3030
-18842
29671
-32656
27007
-14217
-2332
18264
-29368
32706
-27397
14844
1633
-17679
29050
-32741
27775
-15465
-934
17085
-28720
32761
-28140
16079
233
-16484
28376
-32766
28492
-16685
467
15875
-28020
32756
-28831
17284
-1167
-15259
27650
-32731
29158
-17875
1866
14636
-27268
32691
-29470
18458
-2565
-14006
26874
-32636
29770
-19032
3262
13370
-26467
32566
-30055
19598
-3958
-12727
26048
-32482
30327
-20154
4653
12079
-25617
32382
-30586
20702
-5345
-11426
25175
-32268
30830
-21240
6034
10767
-24721
32139
-31060
21768
-6721
-10103
24256
-31996
31276
-22287
7405
9435
-23780
31837
-31477
22795
-8085
-8762
23293
-31665
31665
-23293
8762
8085
-22795
31477
-31837
23780
-9435
-7405
22287
-31276
31996
-24256
10103
6721
-21768
31060
-32139
24721
-10767
-6034
21240
-30830
32268
-25175
11426
5345
-20702
30586
-32382
25617
-12079
-4653
20154
-30327
32482
-26048
12727
3958
-19598
30055
-32566
26467
-13370
-3262
19032
-29770
32636
-26874
14006
2565
-18458
29470
-32691
27268
-14636
-1866
17875
-29158
32731
-27650
15259
1167
-17284
28831
-32756
28020
-15875
-467
16685
-28492
32766
-28376
16484
-233
-16079
28140
-32761
28720
-17085
934
15465
-27775
32741
-29050
17679
-1633
-14844
27397
-32706
29368
-18264
2332
14217
-27007
32656
-29671
18842
-3030
-13583
26604
-32591
29962
-19410
3727
12942
-26189
32512
-30238
19970
-4421
-12296
25762
-32417
30501
-20520
5114
11644
-25324
32308
-30750
21062
-5805
-10987
24874
-32184
30985
-21593
6492
10325
-24412
32045
-31205
22115
-7177
-9658
23940
-31892
31412
-22626
7859
8987
-23456
31724
-31604
23128
-8537
-8311
22962
-31541
31781
-23618
9211
7632
-22457
31345
-31944
24098
-9881
-6949
21942
-31133
32093
-24567
10546
6264
-21417
30908
-32227
25025
-11207
-5575
20882
-30668
32346
-25471
11862
4884
-20338
30415
-32450
25906
-12512
-4190
19784
-30148
32540
-26329
13156
3495
-19222
29866
-32615
26740
-13795
-2798
18650
-29572
32674
-27138
14427
2099
-18070
29263
-32719
27524
-15052
-1400
17482
-28942
32749
-27898
15670
700
-16886
28607
-32764
28259
-16282
0
16282
-28259
32764
-28607
16886
-700
-15670
27898
-32749
28942
-17482
1400
15052
-27524
32719
-29263
18070
-2099
-14427
27138
-32674
29572
-18650
2798
13795
-26740
32615
-29866
19222
-3495
-13156
26329
-32540
30148
-19784
4190
12512
-25906
32450
-30415
20338
-4884
-11862
25471
-32346
30668
-20882
5575
11207
-25025
32227
-30908
21417
-6264
-10546
24567
-32093
31133
-21942
6949
9881
-24098
31944
-31345
22457
-7632
-9211
23618
-31781
31541
-22962
8311
8537
-23128
31604
-31724
23456
-8987
-7859
22626
-31412
31892
-23940
9658
7177
-22115
31205
-32045
24412
-10325
-6492
21593
-30985
32184
-24874
10987
5805
-21062
30750
-32308
25324
-11644
-5114
20520
-30501
32417
-25762
12296
4421
-19970
30238
-32512
26189
-12942
-3727
19410
-29962
32591
-26604
13583
3030
-18842
29671
-32656
27007
-14217
-2332
18264
-29368
32706
-27397
14844
1633
-17679
29050
-32741
27775
-15465
-934
17085
-28720
32761
-28140
16079
233
-16484
28376
-32766
28492
-16685
467
15875
-28020
32756
-28831
17284
-1167
-15259
27650
-32731
29158
-17875
1866
14636
-27268
32691
-29470
18458
-2565
-14006
26874
-32636
29770
-19032
3262
13370
-26467
32566
-30055
19598
-3958
-12727
26048
-32482
30327
-20154
4653
12079
-25617
32382
-30586
20702
-5345
-11426
25175
-32268
30830
-21240
6034
10767
-24721
32139
-31060
21768
-6721
-10103
24256
-31996
31276
-22287
7405
9435
-23780
31837
-31477
22795
-8085
-8762
23293
-31665
31665
-23293
8762
8085
-22795
31477
-31837
23780
-9435
-7405
22287
-31276
31996
-24256
10103
6721
-21768
31060
-32139
24721
-10767
-6034
21240
-30830
32268
-25175
11426
5345
-20702
30586
-32382
25617
-12079
-4653
20154
-30327
32482
-26048
12727
3958
-19598
30055
-32566
26467
-13370
-3262
19032
-29770
32636
-26874
14006
2565
-18458
29470
-32691
27268
-14636
-1866
17875
-29158
32731
-27650
15259
1167
-17284
28831
-32756
28020
-15875
-467
16685
-28492
32766
-28376
16484
-233
-16079
28140
-32761
28720
-17085
934
15465
-27775
32741
-29050
17679
-1633
-14844
27397
-32706
29368
-18264
2332
14217
-27007
32656
-29671
18842
-3030
-13583
26604
-32591
29962
-19410
3727
12942
-26189
32512
-30238
19970
-4421
-12296
25762
-32417
30501
-20520
5114
11644
-25324
32308
-30750
21062
-5805
-10987
24874
-32184
30985
-21593
6492
10325
-24412
32045
-31205
22115
-7177
-9658
23940
-31892
31412
-22626
7859
8987
-23456
31724
-31604
23128
-8537
-8311
22962
-31541
31781
-23618
9211
7632
-22457
31345
-31944
24098
-9881
-6949
21942
-31133
32093
-24567
10546
6264
-21417
30908
-32227
25025
-11207
-5575
20882
-30668
32346
-25471
11862
4884
-20338
30415
-32450
25906
-12512
-4190
19784
-30148
32540
-26329
13156
3495
-19222
29866
-32615
26740
-13795
-2798
18650
-29572
32674
-27138
14427
2099
-18070
29263
-32719
27524
-15052
-1400
17482
-28942
32749
-27898
15670
700
-16886
28607
-32764
28259
-16282
0
16282
-28259
32764
-28607
16886
-700
-15670
27898
-32749
28942
-17482
1400
15052
-27524
32719
-29263
18070
-2099
-14427
27138
-32674
29572
-18650
2798
13795
-26740
32615
-29866
19222
-3495
-13156
26329
-32540
30148
-19784
4190
12512
-25906
32450
-30415
20338
-4884
-11862
25471
-32346
30668
-20882
5575
11207
-25025
32227
-30908
21417
-6264
-10546
24567
-32093
31133
-21942
6949
9881
-24098
31944
-31345
22457
-7632
-9211
23618
-31781
31541
-22962
8311
8537
-23128
31604
-31724
23456
-8987
-7859
22626
-31412
31892
-23940
9658
7177
-22115
31205
-32045
24412
-10325
-6492
21593
-30985
32184
-24874
10987
5805
-21062
30750
-32308
25324
-11644
-5114
20520
-30501
32417
-25762
12296
4421
-19970
30238
-32512
26189
-12942
-3727
19410
-29962
32591
-26604
13583
3030
-18842
29671
-32656
27007
-14217
-2332
18264
-29368
32706
-27397
14844
1633
-17679
29050
-32741
27775
-15465
-934
17085
-28720
32761
-28140
16079
233
-16484
28376
-32766
28492
-16685
467
15875
-28020
32756
-28831
17284
-1167
-15259
27650
-32731
29158
-17875
1866
14636
-27268
32691
-29470
18458
-2565
-14006
26874
-32636
29770
-19032
3262
13370
-26467
32566
-30055
19598
-3958
-12727
26048
-32482
30327
-20154
4653
12079
-25617
32382
-30586
20702
-5345
-11426
25175
-32268
30830
-21240
6034
10767
-24721
32139
-31060
21768
-6721
-10103
24256
-31996
31276
-22287
7405
9435
-23780
31837
-31477
22795
-8085
-8762
23293
-31665
31665
-23293
8762
8085
-22795
31477
-31837
23780
-9435
-7405
22287
-31276
31996
-24256
10103
6721
-21768
31060
-32139
24721
-10767
-6034
21240
-30830
32268
-25175
11426
5345
-20702
30586
-32382
25617
-12079
-4653
20154
-30327
32482
-26048
12727
3958
-19598
30055
-32566
26467
-13370
-3262
19032
-29770
32636
-26874
14006
2565
-18458
29470
-32691
27268
-14636
-1866
17875
-29158
32731
-27650
15259
1167
-17284
28831
-32756
28020
-15875
-467
16685
-28492
32766
-28376
16484
-233
-16079
28140
-32761
28720
-17085
934
15465
-27775
32741
-29050
17679
-1633
-14844
27397
-32706
29368
-18264
2332
14217
-27007
32656
-29671
18842
-3030
-13583
26604
-32591
29962
-19410
3727
12942
-26189
32512
-30238
19970
-4421
-12296
25762
-32417
30501
-20520
5114
11644
-25324
32308
-30750
21062
-5805
-10987
24874
-32184
30985
-21593
6492
10325
-24412
32045
-31205
22115
-7177
-9658
23940
-31892
31412
-22626
7859
8987
-23456
31724
-31604
23128
-8537
-8311
22962
-31541
31781
-23618
9211
7632
-22457
31345
-31944
24098
-9881
-6949
21942
-31133
32093
-24567
10546
6264
-21417
30908
-32227
25025
-11207
-5575
20882
-30668
32346
-25471
11862
4884
-20338
30415
-32450
25906
-12512
-4190
19784
-30148
32540
-26329
13156
3495
-19222
29866
-32615
26740
-13795
-2798
18650
-29572
32674
-27138
14427
2099
-18070
29263
-32719
27524
-15052
-1400
17482
-28942
32749
-27898
15670
700
-16886
28607
-32764
28259
-16282
0
16282
-28259
32764
-28607
16886
-700
-15670
27898
-32749
28942
-17482
1400
15052
-27524
32719
-29263
18070
-2099
-14427
27138
-32674
29572
-18650
2798
13795
-26740
32615
-29866
19222
-3495
-13156
26329
-32540
30148
-19784
4190
12512
-25906
32450
-30415
20338
-4884
-11862
25471
-32346
30668
-20882
5575
11207
-25025
32227
-30908
21417
-6264
-10546
24567
-32093
31133
-21942
6949
9881
-24098
31944
-31345
22457
-7632
-9211
23618
-31781
31541
-22962
8311
8537
-23128
31604
-31724
23456
-8987
-7859
22626
-31412
31892
-23940
9658
7177
-22115
31205
-32045
24412
-10325
-6492
21593
-30985
32184
-24874
10987
5805
-21062
30750
-32308
25324
-11644
-5114
20520
-30501
32417
-25762
12296
4421
-19970
30238
-32512
26189
-12942
-3727
19410
-29962
32591
-26604
13583
3030
-18842
29671
-32656
27007
-14217
-2332
18264
-29368
32706
-27397
14844
1633
-17679
29050
-32741
27775
-15465
-934
17085
-28720
32761
-28140
16079
233
-16484
28376
-32766
28492
-16685
467
15875
-28020
32756
-28831
17284
-1167
-15259
27650
-32731
29158
-17875
1866
14636
-27268
32691
-29470
18458
-2565
-14006
26874
-32636
29770
-19032
3262
13370
-26467
32566
-30055
19598
-3958
-12727
26048
-32482
30327
-20154
4653
12079
-25617
32382
-30586
20702
-5345
-11426
25175
-32268
30830
-21240
6034
10767
-24721
32139
-31060
21768
-6721
-10103
24256
-31996
31276
-22287
7405
9435
-23780
31837
-31477
22795
-8085
-8762
23293
-31665
31665
-23293
8762
8085
-22795
31477
-31837
23780
-9435
-7405
22287
-31276
31996
-24256
10103
6721
-21768
31060
-32139
24721
-10767
-6034
21240
-30830
32268
-25175
11426
5345
-20702
30586
-32382
25617
-12079
-4653
20154
-30327
32482
-26048
12727
3958
-19598
30055
-32566
26467
-13370
-3262
19032
-29770
32636
-26874
14006
2565
-18458
29470
-32691
27268
-14636
-1866
17875
-29158
32731
-27650
15259
1167
-17284
28831
-32756
28020
-15875
-467
16685
-28492
32766
-28376
16484
-233
-16079
28140
-32761
28720
-17085
934
15465
-27775
32741
-29050
17679
-1633
-14844
27397
-32706
29368
-18264
2332
14217
-27007
32656
-29671
18842
-3030
-13583
26604
-32591
29962
-19410
3727
12942
-26189
32512
-30238
19970
-4421
-12296
25762
-32417
30501
-20520
5114
11644
-25324
32308
-30750
21062
-5805
-10987
24874
-32184
30985
-21593
6492
10325
-24412
32045
-31205
22115
-7177
-9658
23940
-31892
31412
-22626
7859
8987
-23456
31724
-31604
23128
-8537
-8311
22962
-31541
31781
-23618
9211
7632
-22457
31345
-31944
24098
-9881
-6949
21942
-31133
32093
-24567
10546
6264
-21417
30908
-32227
25025
-11207
-5575
20882
-30668
32346
-25471
11862
4884
-20338
30415
-32450
25906
-12512
-4190
19784
-30148
32540
-26329
13156
3495
-19222
29866
-32615
26740
-13795
-2798
18650
-29572
32674
-27138
14427
2099
-18070
29263
-32719
27524
-15052
-1400
17482
-28942
32749
-27898
15670
700
-16886
28607
-32764
28259
-16282
0
16282
-28259
32764
-28607
16886
-700
-15670
27898
-32749
28942
-17482
1400
15052
-27524
32719
-29263
18070
-2099
-14427
27138
-32674
29572
-18650
2798
13795
-26740
32615
-29866
19222
-3495
-13156
26329
-32540
30148
-19784
4190
12512
-25906
32450
-30415
20338
-4884
-11862
25471
-32346
30668
-20882
5575
11207
-25025
32227
-30908
21417
-6264
-10546
24567
-32093
31133
-21942
6949
9881
-24098
31944
-31345
22457
-7632
-9211
23618
-31781
31541
-22962
8311
8537
-23128
31604
-31724
23456
-8987
-7859
22626
-31412
31892
-23940
9658
7177
-22115
31205
-32045
24412
-10325
-6492
21593
-30985
32184
-24874
10987
5805
-21062
30750
-32308
25324
-11644
-5114
20520
-30501
32417
-25762
12296
4421
-19970
30238
-32512
26189
-12942
-3727
19410
-29962
32591
-26604
13583
3030
-18842
29671
-32656
27007
-14217
-2332
18264
-29368
32706
-27397
14844
1633
-17679
29050
-32741
27775
-15465
-934
17085
-28720
32761
-28140
16079
233
-16484
28376
-32766
28492
-16685
467
15875
-28020
32756
-28831
17284
-1167
-15259
27650
-32731
29158
-17875
1866
14636
-27268
32691
-29470
18458
-2565
-14006
26874
-32636
29770
-19032
3262
13370
-26467
32566
-30055
19598
-3958
-12727
26048
-32482
30327
-20154
4653
12079
-25617
32382
-30586
20702
-5345
-11426
25175
-32268
30830
-21240
6034
10767
-24721
32139
-31060
21768
-6721
-10103
24256
-31996
31276
-22287
7405
9435
-23780
31837
-31477
22795
-8085
-8762
23293
-31665
31665
-23293
8762
8085
-22795
31477
-31837
23780
-9435
-7405
22287
-31276
31996
-24256
10103
6721
-21768
31060
-32139
24721
-10767
-6034
21240
-30830
32268
-25175
11426
5345
-20702
30586
-32382
25617
-12079
-4653
20154
-30327
32482
-26048
12727
3958
-19598
30055
-32566
26467
-13370
-3262
19032
-29770
32636
-26874
14006
2565
-18458
29470
-32691
27268
-14636
-1866
17875
-29158
32731
-27650
15259
1167
-17284
28831
-32756
28020
-15875
-467
16685
-28492
32766
-28376
16484
-233
-16079
28140
-32761
28720
-17085
934
15465
-27775
32741
-29050
17679
-1633
-14844
27397
-32706
29368
-18264
2332
14217
-27007
32656
-29671
18842
-3030
-13583
26604
-32591
29962
-19410
3727
12942
-26189
32512
-30238
19970
-4421
-12296
25762
-32417
30501
-20520
5114
11644
-25324
32308
-30750
21062
-5805
-10987
24874
-32184
30985
-21593
6492
10325
-24412
32045
-31205
22115
-7177
-9658
23940
-31892
31412
-22626
7859
8987
-23456
31724
-31604
23128
-8537
-8311
22962
-31541
31781
-23618
9211
7632
-22457
31345
-31944
24098
-9881
-6949
21942
-31133
32093
-24567
10546
6264
-21417
30908
-32227
25025
-11207
-5575
20882
-30668
32346
-25471
11862
4884
-20338
30415
-32450
25906
-12512
-4190
19784
-30148
32540
-26329
13156
3495
-19222
29866
-32615
26740
-13795
-2798
18650
-29572
32674
-27138
14427
2099
-18070
29263
-32719
27524
-15052
-1400
17482
-28942
32749
-27898
15670
700
-16886
28607
-32764
28259
-16282
