0
12512
-23128
30238
-32766
30327
-23293
12727
-233
-12296
22962
-30148
32764
-30415
23456
-12942
467
12079
-22795
30055
-32761
30501
-23618
13156
-700
-11862
22626
-29962
32756
-30586
23780
-13370
934
11644
-22457
29866
-32749
30668
-23940
13583
-1167
-11426
22287
-29770
32741
-30750
24098
-13795
1400
11207
-22115
29671
-32731
30830
-24256
14006
-1633
-10987
21942
-29572
32719
-30908
24412
-14217
1866
10767
-21768
29470
-32706
30985
-24567
14427
-2099
-10546
21593
-29368
32691
-31060
24721
-14636
2332
10325
-21417
29263
-32674
31133
-24874
14844
-2565
-10103
21240
-29158
32656
-31205
25025
-15052
2798
9881
-21062
29050
-32636
31276
-25175
15259
-3030
-9658
20882
-28942
32615
-31345
25324
-15465
3262
9435
-20702
28831
-32591
31412
-25471
15670
-3495
-9211
20520
-28720
32566
-31477
25617
-15875
3727
8987
-20338
28607
-32540
31541
-25762
16079
-3958
-8762
20154
-28492
32512
-31604
25906
-16282
4190
8537
-19970
28376
-32482
31665
-26048
16484
-4421
-8311
19784
-28259
32450
-31724
26189
-16685
4653
8085
-19598
28140
-32417
31781
-26329
16886
-4884
-7859
19410
-28020
32382
-31837
26467
-17085
5114
7632
-19222
27898
-32346
31892
-26604
17284
-5345
-7405
19032
-27775
32308
-31944
26740
-17482
5575
7177
-18842
27650
-32268
31996
-26874
17679
-5805
-6949
18650
-27524
32227
-32045
27007
-17875
6034
6721
-18458
27397
-32184
32093
-27138
18070
-6264
-6492
18264
-27268
32139
-32139
27268
-18264
6492
6264
-18070
27138
-32093
32184
-27397
18458
-6721
-6034
17875
-27007
32045
-32227
27524
-18650
6949
5805
-17679
26874
-31996
32268
-27650
18842
-7177
-5575
17482
-26740
31944
-32308
27775
-19032
7405
5345
-17284
26604
-31892
32346
-27898
19222
-7632
-5114
17085
-26467
31837
-32382
28020
-19410
7859
4884
-16886
26329
-31781
32417
-28140
19598
-8085
-4653
16685
-26189
31724
-32450
28259
-19784
8311
4421
-16484
26048
-31665
32482
-28376
19970
-8537
-4190
16282
-25906
31604
-32512
28492
-20154
8762
3958
-16079
25762
-31541
32540
-28607
20338
-8987
-3727
15875
-25617
31477
-32566
28720
-20520
9211
3495
-15670
25471
-31412
32591
-28831
20702
-9435
-3262
15465
-25324
31345
-32615
28942
-20882
9658
3030
-15259
25175
-31276
32636
-29050
21062
-9881
-2798
15052
-25025
31205
-32656
29158
-21240
10103
2565
-14844
24874
-31133
32674
-29263
21417
-10325
-2332
14636
-24721
31060
-32691
29368
-21593
10546
2099
-14427
24567
-30985
32706
-29470
21768
-10767
-1866
14217
-24412
30908
-32719
29572
-21942
10987
1633
-14006
24256
-30830
32731
-29671
22115
-11207
-1400
13795
-24098
30750
-32741
29770
-22287
11426
1167
-13583
23940
-30668
32749
-29866
22457
-11644
-934
13370
-23780
30586
-32756
29962
-22626
11862
700
-13156
23618
-30501
32761
-30055
22795
-12079
-467
12942
-23456
30415
-32764
30148
-22962
12296
233
-12727
23293
-30327
32766
-30238
23128
-12512
0
12512
-23128
30238
-32766
30327
-23293
12727
-233
-12296
22962
-30148
32764
-30415
23456
-12942
467
12079
-22795
30055
-32761
30501
-23618
13156
-700
-11862
22626
-29962
32756
-30586
23780
-13370
934
11644
-22457
29866
-32749
30668
-23940
13583
-1167
-11426
22287
-29770
32741
-30750
24098
-13795
1400
11207
-22115
29671
-32731
30830
-24256
14006
-1633
-10987
21942
-29572
32719
-30908
24412
-14217
1866
10767
-21768
29470
-32706
30985
-24567
14427
-2099
-10546
21593
-29368
32691
-31060
24721
-14636
2332
10325
-21417
29263
-32674
31133
-24874
14844
-2565
-10103
21240
-29158
32656
-31205
25025
-15052
2798
9881
-21062
29050
-32636
31276
-25175
15259
-3030
-9658
20882
-28942
32615
-31345
25324
-15465
3262
9435
-20702
28831
-32591
31412
-25471
15670
-3495
-9211
20520
-28720
32566
-31477
25617
-15875
3727
8987
-20338
28607
-32540
31541
-25762
16079
-3958
-8762
20154
-28492
32512
-31604
25906
-16282
4190
8537
-19970
28376
-32482
31665
-26048
16484
-4421
-8311
19784
-28259
32450
-31724
26189
-16685
4653
8085
-19598
28140
-32417
31781
-26329
16886
-4884
-7859
19410
-28020
32382
-31837
26467
-17085
5114
7632
-19222
27898
-32346
31892
-26604
17284
-5345
-7405
19032
-27775
32308
-31944
26740
-17482
5575
7177
-18842
27650
-32268
31996
-26874
17679
-5805
-6949
18650
-27524
32227
-32045
27007
-17875
6034
6721
-18458
27397
-32184
32093
-27138
18070
-6264
-6492
18264
-27268
32139
-32139
27268
-18264
6492
6264
-18070
27138
-32093
32184
-27397
18458
-6721
-6034
17875
-27007
32045
-32227
27524
-18650
6949
5805
-17679
26874
-31996
32268
-27650
18842
-7177
-5575
17482
-26740
31944
-32308
27775
-19032
7405
5345
-17284
26604
-31892
32346
-27898
19222
-7632
-5114
17085
-26467
31837
-32382
28020
-19410
7859
4884
-16886
26329
-31781
32417
-28140
19598
-8085
-4653
16685
-26189
31724
-32450
28259
-19784
8311
4421
-16484
26048
-31665
32482
-28376
19970
-8537
-4190
16282
-25906
31604
-32512
28492
-20154
8762
3958
-16079
25762
-31541
32540
-28607
20338
-8987
-3727
15875
-25617
31477
-32566
28720
-20520
9211
3495
-15670
25471
-31412
32591
-28831
20702
-9435
-3262
15465
-25324
31345
-32615
28942
-20882
9658
3030
-15259
25175
-31276
32636
-29050
21062
-9881
-2798
15052
-25025
31205
-32656
29158
-21240
10103
2565
-14844
24874
-31133
32674
-29263
21417
-10325
-2332
14636
-24721
31060
-32691
29368
-21593
10546
2099
-14427
24567
-30985
32706
-29470
21768
-10767
-1866
14217
-24412
30908
-32719
29572
-21942
10987
1633
-14006
24256
-30830
32731
-29671
22115
-11207
-1400
13795
-24098
30750
-32741
29770
-22287
11426
1167
-13583
23940
-30668
32749
-29866
22457
-11644
-934
13370
-23780
30586
-32756
29962
-22626
11862
700
-13156
23618
-30501
32761
-30055
22795
-12079
-467
12942
-23456
30415
-32764
30148
-22962
12296
233
-12727
23293
-30327
32766
-30238
23128
-12512
0
12512
-23128
30238
-32766
30327
-23293
12727
-233
-12296
22962
-30148
32764
-30415
23456
-12942
467
12079
-22795
30055
-32761
30501
-23618
13156
-700
-11862
22626
-29962
32756
-30586
23780
-13370
934
11644
-22457
29866
-32749
30668
-23940
13583
-1167
-11426
22287
-29770
32741
-30750
24098
-13795
1400
11207
-22115
29671
-32731
30830
-24256
14006
-1633
-10987
21942
-29572
32719
-30908
24412
-14217
1866
10767
-21768
29470
-32706
30985
-24567
14427
-2099
-10546
21593
-29368
32691
-31060
24721
-14636
2332
10325
-21417
29263
-32674
31133
-24874
14844
-2565
-10103
21240
-29158
32656
-31205
25025
-15052
2798
9881
-21062
29050
-32636
31276
-25175
15259
-3030
-9658
20882
-28942
32615
-31345
25324
-15465
3262
9435
-20702
28831
-32591
31412
-25471
15670
-3495
-9211
20520
-28720
32566
-31477
25617
-15875
3727
8987
-20338
28607
-32540
31541
-25762
16079
-3958
-8762
20154
-28492
32512
-31604
25906
-16282
4190
8537
-19970
28376
-32482
31665
-26048
16484
-4421
-8311
19784
-28259
32450
-31724
26189
-16685
4653
8085
-19598
28140
-32417
31781
-26329
16886
-4884
-7859
19410
-28020
32382
-31837
26467
-17085
5114
7632
-19222
27898
-32346
31892
-26604
17284
-5345
-7405
19032
-27775
32308
-31944
26740
-17482
5575
7177
-18842
27650
-32268
31996
-26874
17679
-5805
-6949
18650
-27524
32227
-32045
27007
-17875
6034
6721
-18458
27397
-32184
32093
-27138
18070
-6264
-6492
18264
-27268
32139
-32139
27268
-18264
6492
6264
-18070
27138
-32093
32184
-27397
18458
-6721
-6034
17875
-27007
32045
-32227
27524
-18650
6949
5805
-17679
26874
-31996
32268
-27650
18842
-7177
-5575
17482
-26740
31944
-32308
27775
-19032
7405
5345
-17284
26604
-31892
32346
-27898
19222
-7632
-5114
17085
-26467
31837
-32382
28020
-19410
7859
4884
-16886
26329
-31781
32417
-28140
19598
-8085
-4653
16685
-26189
31724
-32450
28259
-19784
8311
4421
-16484
26048
-31665
32482
-28376
19970
-8537
-4190
16282
-25906
31604
-32512
28492
-20154
8762
3958
-16079
25762
-31541
32540
-28607
20338
-8987
-3727
15875
-25617
31477
-32566
28720
-20520
9211
3495
-15670
25471
-31412
32591
-28831
20702
-9435
-3262
15465
-25324
31345
-32615
28942
-20882
9658
3030
-15259
25175
-31276
32636
-29050
21062
-9881
-2798
15052
-25025
31205
-32656
29158
-21240
10103
2565
-14844
24874
-31133
32674
-29263
21417
-10325
-2332
14636
-24721
31060
-32691
29368
-21593
10546
2099
-14427
24567
-30985
32706
-29470
21768
-10767
-1866
14217
-24412
30908
-32719
29572
-21942
10987
1633
-14006
24256
-30830
32731
-29671
22115
-11207
-1400
13795
-24098
30750
-32741
29770
-22287
11426
1167
-13583
23940
-30668
32749
-29866
22457
-11644
-934
13370
-23780
30586
-32756
29962
-22626
11862
700
-13156
23618
-30501
32761
-30055
22795
-12079
-467
12942
-23456
30415
-32764
30148
-22962
12296
233
-12727
23293
-30327
32766
-30238
23128
-12512
0
12512
-23128
30238
-32766
30327
-23293
12727
-233
-12296
22962
-30148
32764
-30415
23456
-12942
467
12079
-22795
30055
-32761
30501
-23618
13156
-700
-11862
22626
-29962
32756
-30586
23780
-13370
934
11644
-22457
29866
-32749
30668
-23940
13583
-1167
-11426
22287
-29770
32741
-30750
24098
-13795
1400
11207
-22115
29671
-32731
30830
-24256
14006
-1633
-10987
21942
-29572
32719
-30908
24412
-14217
1866
10767
-21768
29470
-32706
30985
-24567
14427
-2099
-10546
21593
-29368
32691
-31060
24721
-14636
2332
10325
-21417
29263
-32674
31133
-24874
14844
-2565
-10103
21240
-29158
32656
-31205
25025
-15052
2798
9881
-21062
29050
-32636
31276
-25175
15259
-3030
-9658
20882
-28942
32615
-31345
25324
-15465
3262
9435
-20702
28831
-32591
31412
-25471
15670
-3495
-9211
20520
-28720
32566
-31477
25617
-15875
3727
8987
-20338
28607
-32540
31541
-25762
16079
-3958
-8762
20154
-28492
32512
-31604
25906
-16282
4190
8537
-19970
28376
-32482
31665
-26048
16484
-4421
-8311
19784
-28259
32450
-31724
26189
-16685
4653
8085
-19598
28140
-32417
31781
-26329
16886
-4884
-7859
19410
-28020
32382
-31837
26467
-17085
5114
7632
-19222
27898
-32346
31892
-26604
17284
-5345
-7405
19032
-27775
32308
-31944
26740
-17482
5575
7177
-18842
27650
-32268
31996
-26874
17679
-5805
-6949
18650
-27524
32227
-32045
27007
-17875
6034
6721
-18458
27397
-32184
32093
-27138
18070
-6264
-6492
18264
-27268
32139
-32139
27268
-18264
6492
6264
-18070
27138
-32093
32184
-27397
18458
-6721
-6034
17875
-27007
32045
-32227
27524
-18650
6949
5805
-17679
26874
-31996
32268
-27650
18842
-7177
-5575
17482
-26740
31944
-32308
27775
-19032
7405
5345
-17284
26604
-31892
32346
-27898
19222
-7632
-5114
17085
-26467
31837
-32382
28020
-19410
7859
4884
-16886
26329
-31781
32417
-28140
19598
-8085
-4653
16685
-26189
31724
-32450
28259
-19784
8311
4421
-16484
26048
-31665
32482
-28376
19970
-8537
-4190
16282
-25906
31604
-32512
28492
-20154
8762
3958
-16079
25762
-31541
32540
-28607
20338
-8987
-3727
15875
-25617
31477
-32566
28720
-20520
9211
3495
-15670
25471
-31412
32591
-28831
20702
-9435
-3262
15465
-25324
31345
-32615
28942
-20882
9658
3030
-15259
25175
-31276
32636
-29050
21062
-9881
-2798
15052
-25025
31205
-32656
29158
-21240
10103
2565
-14844
24874
-31133
32674
-29263
21417
-10325
-2332
14636
-24721
31060
-32691
29368
-21593
10546
2099
-14427
24567
-30985
32706
-29470
21768
-10767
-1866
14217
-24412
30908
-32719
29572
-21942
10987
1633
-14006
24256
-30830
32731
-29671
22115
-11207
-1400
13795
-24098
30750
-32741
29770
-22287
11426
1167
-13583
23940
-30668
32749
-29866
22457
-11644
-934
13370
-23780
30586
-32756
29962
-22626
11862
700
-13156
23618
-30501
32761
-30055
22795
-12079
-467
12942
-23456
30415
-32764
30148
-22962
12296
233
-12727
23293
-30327
32766
-30238
23128
-12512
0
12512
-23128
30238
-32766
30327
-23293
12727
-233
-12296
22962
-30148
32764
-30415
23456
-12942
467
12079
-22795
30055
-32761
30501
-23618
13156
-700
-11862
22626
-29962
32756
-30586
23780
-13370
934
11644
-22457
29866
-32749
30668
-23940
13583
-1167
-11426
22287
-29770
32741
-30750
24098
-13795
1400
11207
-22115
29671
-32731
30830
-24256
14006
-1633
-10987
21942
-29572
32719
-30908
24412
-14217
1866
10767
-21768
29470
-32706
30985
-24567
14427
-2099
-10546
21593
-29368
32691
-31060
24721
-14636
2332
10325
-21417
29263
-32674
31133
-24874
14844
-2565
-10103
21240
-29158
32656
-31205
25025
-15052
2798
9881
-21062
29050
-32636
31276
-25175
15259
-3030
-9658
20882
-28942
32615
-31345
25324
-15465
3262
9435
-20702
28831
-32591
31412
-25471
15670
-3495
-9211
20520
-28720
32566
-31477
25617
-15875
3727
8987
-20338
28607
-32540
31541
-25762
16079
-3958
-8762
20154
-28492
32512
-31604
25906
-16282
4190
8537
-19970
28376
-32482
31665
-26048
16484
-4421
-8311
19784
-28259
32450
-31724
26189
-16685
4653
8085
-19598
28140
-32417
31781
-26329
16886
-4884
-7859
19410
-28020
32382
-31837
26467
-17085
5114
7632
-19222
27898
-32346
31892
-26604
17284
-5345
-7405
19032
-27775
32308
-31944
26740
-17482
5575
7177
-18842
27650
-32268
31996
-26874
17679
-5805
-6949
18650
-27524
32227
-32045
27007
-17875
6034
6721
-18458
27397
-32184
32093
-27138
18070
-6264
-6492
18264
-27268
32139
-32139
27268
-18264
6492
6264
-18070
27138
-32093
32184
-27397
18458
-6721
-6034
17875
-27007
32045
-32227
27524
-18650
6949
5805
-17679
26874
-31996
32268
-27650
18842
-7177
-5575
17482
-26740
31944
-32308
27775
-19032
7405
5345
-17284
26604
-31892
32346
-27898
19222
-7632
-5114
17085
-26467
31837
-32382
28020
-19410
7859
4884
-16886
26329
-31781
32417
-28140
19598
-8085
-4653
16685
-26189
31724
-32450
28259
-19784
8311
4421
-16484
26048
-31665
32482
-28376
19970
-8537
-4190
16282
-25906
31604
-32512
28492
-20154
8762
3958
-16079
25762
-31541
32540
-28607
20338
-8987
-3727
15875
-25617
31477
-32566
28720
-20520
9211
3495
-15670
25471
-31412
32591
-28831
20702
-9435
-3262
15465
-25324
31345
-32615
28942
-20882
9658
3030
-15259
25175
-31276
32636
-29050
21062
-9881
-2798
15052
-25025
31205
-32656
29158
-21240
10103
2565
-14844
24874
-31133
32674
-29263
21417
-10325
-2332
14636
-24721
31060
-32691
29368
-21593
10546
2099
-14427
24567
-30985
32706
-29470
21768
-10767
-1866
14217
-24412
30908
-32719
29572
-21942
10987
1633
-14006
24256
-30830
32731
-29671
22115
-11207
-1400
13795
-24098
30750
-32741
29770
-22287
11426
1167
-13583
23940
-30668
32749
-29866
22457
-11644
-934
13370
-23780
30586
-32756
29962
-22626
11862
700
-13156
23618
-30501
32761
-30055
22795
-12079
-467
12942
-23456
30415
-32764
30148
-22962
12296
233
-12727
23293
-30327
32766
-30238
23128
-12512
0
12512
-23128
30238
-32766
30327
-23293
12727
-233
-12296
22962
-30148
32764
-30415
23456
-12942
467
12079
-22795
30055
-32761
30501
-23618
13156
-700
-11862
22626
-29962
32756
-30586
23780
-13370
934
11644
-22457
29866
-32749
30668
-23940
13583
-1167
-11426
22287
-29770
32741
-30750
24098
-13795
1400
11207
-22115
29671
-32731
30830
-24256
14006
-1633
-10987
21942
-29572
32719
-30908
24412
-14217
1866
10767
-21768
29470
-32706
30985
-24567
14427
-2099
-10546
21593
-29368
32691
-31060
24721
-14636
2332
10325
-21417
29263
-32674
31133
-24874
14844
-2565
-10103
21240
-29158
32656
-31205
25025
-15052
2798
9881
-21062
29050
-32636
31276
-25175
15259
-3030
-9658
20882
-28942
32615
-31345
25324
-15465
3262
9435
-20702
28831
-32591
31412
-25471
15670
-3495
-9211
20520
-28720
32566
-31477
25617
-15875
3727
8987
-20338
28607
-32540
31541
-25762
16079
-3958
-8762
20154
-28492
32512
-31604
25906
-16282
4190
8537
-19970
28376
-32482
31665
-26048
16484
-4421
-8311
19784
-28259
32450
-31724
26189
-16685
4653
8085
-19598
28140
-32417
31781
-26329
16886
-4884
-7859
19410
-28020
32382
-31837
26467
-17085
5114
7632
-19222
27898
-32346
31892
-26604
17284
-5345
-7405
19032
-27775
32308
-31944
26740
-17482
5575
7177
-18842
27650
-32268
31996
-26874
17679
-5805
-6949
18650
-27524
32227
-32045
27007
-17875
6034
6721
-18458
27397
-32184
32093
-27138
18070
-6264
-6492
18264
-27268
32139
-32139
27268
-18264
6492
6264
-18070
27138
-32093
32184
-27397
18458
-6721
-6034
17875
-27007
32045
-32227
27524
-18650
6949
5805
-17679
26874
-31996
32268
-27650
18842
-7177
-5575
17482
-26740
31944
-32308
27775
-19032
7405
5345
-17284
26604
-31892
32346
-27898
19222
-7632
-5114
17085
-26467
31837
-32382
28020
-19410
7859
4884
-16886
26329
-31781
32417
-28140
19598
-8085
-4653
16685
-26189
31724
-32450
28259
-19784
8311
4421
-16484
26048
-31665
32482
-28376
19970
-8537
-4190
16282
-25906
31604
-32512
28492
-20154
8762
3958
-16079
25762
-31541
32540
-28607
20338
-8987
-3727
15875
-25617
31477
-32566
28720
-20520
9211
3495
-15670
25471
-31412
32591
-28831
20702
-9435
-3262
15465
-25324
31345
-32615
28942
-20882
9658
3030
-15259
25175
-31276
32636
-29050
21062
-9881
-2798
15052
-25025
31205
-32656
29158
-21240
10103
2565
-14844
24874
-31133
32674
-29263
21417
-10325
-2332
14636
-24721
31060
-32691
29368
-21593
10546
2099
-14427
24567
-30985
32706
-29470
21768
-10767
-1866
14217
-24412
30908
-32719
29572
-21942
10987
1633
-14006
24256
-30830
32731
-29671
22115
-11207
-1400
13795
-24098
30750
-32741
29770
-22287
11426
1167
-13583
23940
-30668
32749
-29866
22457
-11644
-934
13370
-23780
30586
-32756
29962
-22626
11862
700
-13156
23618
-30501
32761
-30055
22795
-12079
-467
12942
-23456
30415
-32764
30148
-22962
12296
233
-12727
23293
-30327
32766
-30238
23128
-12512
0
12512
-23128
30238
-32766
30327
-23293
12727
-233
-12296
22962
-30148
32764
-30415
23456
-12942
467
12079
-22795
30055
-32761
30501
-23618
13156
-700
-11862
22626
-29962
32756
-30586
23780
-13370
934
11644
-22457
29866
-32749
30668
-23940
13583
-1167
-11426
22287
-29770
32741
-30750
24098
-13795
1400
11207
-22115
29671
-32731
30830
-24256
14006
-1633
-10987
21942
-29572
32719
-30908
24412
-14217
1866
10767
-21768
29470
-32706
30985
-24567
14427
-2099
-10546
21593
-29368
32691
-31060
24721
-14636
2332
10325
-21417
29263
-32674
31133
-24874
14844
-2565
-10103
21240
-29158
32656
-31205
25025
-15052
2798
9881
-21062
29050
-32636
31276
-25175
15259
-3030
-9658
20882
-28942
32615
-31345
25324
-15465
3262
9435
-20702
28831
-32591
31412
-25471
15670
-3495
-9211
20520
-28720
32566
-31477
25617
-15875
3727
8987
-20338
28607
-32540
31541
-25762
16079
-3958
-8762
20154
-28492
32512
-31604
25906
-16282
4190
8537
-19970
28376
-32482
31665
-26048
16484
-4421
-8311
19784
-28259
32450
-31724
26189
-16685
4653
8085
-19598
28140
-32417
31781
-26329
16886
-4884
-7859
19410
-28020
32382
-31837
26467
-17085
5114
7632
-19222
27898
-32346
31892
-26604
17284
-5345
-7405
19032
-27775
32308
-31944
26740
-17482
5575
7177
-18842
27650
-32268
31996
-26874
17679
-5805
-6949
18650
-27524
32227
-32045
27007
-17875
6034
6721
-18458
27397
-32184
32093
-27138
18070
-6264
-6492
18264
-27268
32139
-32139
27268
-18264
6492
6264
-18070
27138
-32093
32184
-27397
18458
-6721
-6034
17875
-27007
32045
-32227
27524
-18650
6949
5805
-17679
26874
-31996
32268
-27650
18842
-7177
-5575
17482
-26740
31944
-32308
27775
-19032
7405
5345
-17284
26604
-31892
32346
-27898
19222
-7632
-5114
17085
-26467
31837
-32382
28020
-19410
7859
4884
-16886
26329
-31781
32417
-28140
19598
-8085
-4653
16685
-26189
31724
-32450
28259
-19784
8311
4421
-16484
26048
-31665
32482
-28376
19970
-8537
-4190
16282
-25906
31604
-32512
28492
-20154
8762
3958
-16079
25762
-31541
32540
-28607
20338
-8987
-3727
15875
-25617
31477
-32566
28720
-20520
9211
3495
-15670
25471
-31412
32591
-28831
20702
-9435
-3262
15465
-25324
31345
-32615
28942
-20882
9658
3030
-15259
25175
-31276
32636
-29050
21062
-9881
-2798
15052
-25025
31205
-32656
29158
-21240
10103
2565
-14844
24874
-31133
32674
-29263
21417
-10325
-2332
14636
-24721
31060
-32691
29368
-21593
10546
2099
-14427
24567
-30985
32706
-29470
21768
-10767
-1866
14217
-24412
30908
-32719
29572
-21942
10987
1633
-14006
24256
-30830
32731
-29671
22115
-11207
-1400
13795
-24098
30750
-32741
29770
-22287
11426
1167
-13583
23940
-30668
32749
-29866
22457
-11644
-934
13370
-23780
30586
-32756
29962
-22626
11862
700
-13156
23618
-30501
32761
-30055
22795
-12079
-467
12942
-23456
30415
-32764
30148
-22962
12296
233
-12727
23293
-30327
32766
-30238
23128
-12512
0
12512
-23128
30238
-32766
30327
-23293
12727
-233
-12296
22962
-30148
32764
-30415
23456
-12942
467
12079
-22795
30055
-32761
30501
-23618
13156
-700
-11862
22626
-29962
32756
-30586
23780
-13370
934
11644
-22457
29866
-32749
30668
-23940
13583
-1167
-11426
22287
-29770
32741
-30750
24098
-13795
1400
11207
-22115
29671
-32731
30830
-24256
14006
-1633
-10987
21942
-29572
32719
-30908
24412
-14217
1866
10767
-21768
29470
-32706
30985
-24567
14427
-2099
-10546
21593
-29368
32691
-31060
24721
-14636
2332
10325
-21417
29263
-32674
31133
-24874
14844
-2565
-10103
21240
-29158
32656
-31205
25025
-15052
2798
9881
-21062
29050
-32636
31276
-25175
15259
-3030
-9658
20882
-28942
32615
-31345
25324
-15465
3262
9435
-20702
28831
-32591
31412
-25471
15670
-3495
-9211
20520
-28720
32566
-31477
25617
-15875
3727
8987
-20338
28607
-32540
31541
-25762
16079
-3958
-8762
20154
-28492
32512
-31604
25906
-16282
4190
8537
-19970
28376
-32482
31665
-26048
16484
-4421
-8311
19784
-28259
32450
-31724
26189
-16685
4653
8085
-19598
28140
-32417
31781
-26329
16886
-4884
-7859
19410
-28020
32382
-31837
26467
-17085
5114
7632
-19222
27898
-32346
31892
-26604
17284
-5345
-7405
19032
-27775
32308
-31944
26740
-17482
5575
7177
-18842
27650
-32268
31996
-26874
17679
-5805
-6949
18650
-27524
32227
-32045
27007
-17875
6034
6721
-18458
27397
-32184
32093
-27138
18070
-6264
-6492
18264
-27268
32139
-32139
27268
-18264
6492
6264
-18070
27138
-32093
32184
-27397
18458
-6721
-6034
17875
-27007
32045
-32227
27524
-18650
6949
5805
-17679
26874
-31996
32268
-27650
18842
-7177
-5575
17482
-26740
31944
-32308
27775
-19032
7405
5345
-17284
26604
-31892
32346
-27898
19222
-7632
-5114
17085
-26467
31837
-32382
28020
-19410
7859
4884
-16886
26329
-31781
32417
-28140
19598
-8085
-4653
16685
-26189
31724
-32450
28259
-19784
8311
4421
-16484
26048
-31665
32482
-28376
19970
-8537
-4190
16282
-25906
31604
-32512
28492
-20154
8762
3958
-16079
25762
-31541
32540
-28607
20338
-8987
-3727
15875
-25617
31477
-32566
28720
-20520
9211
3495
-15670
25471
-31412
32591
-28831
20702
-9435
-3262
15465
-25324
31345
-32615
28942
-20882
9658
3030
-15259
25175
-31276
32636
-29050
21062
-9881
-2798
15052
-25025
31205
-32656
29158
-21240
10103
2565
-14844
24874
-31133
32674
-29263
21417
-10325
-2332
14636
-24721
31060
-32691
29368
-21593
10546
2099
-14427
24567
-30985
32706
-29470
21768
-10767
-1866
14217
-24412
30908
-32719
29572
-21942
10987
1633
-14006
24256
-30830
32731
-29671
22115
-11207
-1400
13795
-24098
30750
-32741
29770
-22287
11426
1167
-13583
23940
-30668
32749
-29866
22457
-11644
-934
13370
-23780
30586
-32756
29962
-22626
11862
700
-13156
23618
-30501
32761
-30055
22795
-12079
-467
12942
-23456
30415
-32764
30148
-22962
12296
233
-12727
23293
-30327
32766
-30238
23128
-12512
0
12512
-23128
30238
-32766
30327
-23293
12727
-233
-12296
22962
-30148
32764
-30415
23456
-12942
467
12079
-22795
30055
-32761
30501
-23618
13156
-700
-11862
22626
-29962
32756
-30586
23780
-13370
934
11644
-22457
29866
-32749
30668
-23940
13583
-1167
-11426
22287
-29770
32741
-30750
24098
-13795
1400
11207
-22115
29671
-32731
30830
-24256
14006
-1633
-10987
21942
-29572
32719
-30908
24412
-14217
1866
10767
-21768
29470
-32706
30985
-24567
14427
-2099
-10546
21593
-29368
32691
-31060
24721
-14636
2332
10325
-21417
29263
-32674
31133
-24874
14844
-2565
-10103
21240
-29158
32656
-31205
25025
-15052
2798
9881
-21062
29050
-32636
31276
-25175
15259
-3030
-9658
20882
-28942
32615
-31345
25324
-15465
3262
9435
-20702
28831
-32591
31412
-25471
15670
-3495
-9211
20520
-28720
32566
-31477
25617
-15875
3727
8987
-20338
28607
-32540
31541
-25762
16079
-3958
-8762
20154
-28492
32512
-31604
25906
-16282
4190
8537
-19970
28376
-32482
31665
-26048
16484
-4421
-8311
19784
-28259
32450
-31724
26189
-16685
4653
8085
-19598
28140
-32417
31781
-26329
16886
-4884
-7859
19410
-28020
32382
-31837
26467
-17085
5114
7632
-19222
27898
-32346
31892
-26604
17284
-5345
-7405
19032
-27775
32308
-31944
26740
-17482
5575
7177
-18842
27650
-32268
31996
-26874
17679
-5805
-6949
18650
-27524
32227
-32045
27007
-17875
6034
6721
-18458
27397
-32184
32093
-27138
18070
-6264
-6492
18264
-27268
32139
-32139
27268
-18264
6492
6264
-18070
27138
-32093
32184
-27397
18458
-6721
-6034
17875
-27007
32045
-32227
27524
-18650
6949
5805
-17679
26874
-31996
32268
-27650
18842
-7177
-5575
17482
-26740
31944
-32308
27775
-19032
7405
5345
-17284
26604
-31892
32346
-27898
19222
-7632
-5114
17085
-26467
31837
-32382
28020
-19410
7859
4884
-16886
26329
-31781
32417
-28140
19598
-8085
-4653
16685
-26189
31724
-32450
28259
-19784
8311
4421
-16484
26048
-31665
32482
-28376
19970
-8537
-4190
16282
-25906
31604
-32512
28492
-20154
8762
3958
-16079
25762
-31541
32540
-28607
20338
-8987
-3727
15875
-25617
31477
-32566
28720
-20520
9211
3495
-15670
25471
-31412
32591
-28831
20702
-9435
-3262
15465
-25324
31345
-32615
28942
-20882
9658
3030
-15259
25175
-31276
32636
-29050
21062
-9881
-2798
15052
-25025
31205
-32656
29158
-21240
10103
2565
-14844
24874
-31133
32674
-29263
21417
-10325
-2332
14636
-24721
31060
-32691
29368
-21593
10546
2099
-14427
24567
-30985
32706
-29470
21768
-10767
-1866
14217
-24412
30908
-32719
29572
-21942
10987
1633
-14006
24256
-30830
32731
-29671
22115
-11207
-1400
13795
-24098
30750
-32741
29770
-22287
11426
1167
-13583
23940
-30668
32749
-29866
22457
-11644
-934
13370
-23780
30586
-32756
29962
-22626
11862
700
-13156
23618
-30501
32761
-30055
22795
-12079
-467
12942
-23456
30415
-32764
30148
-22962
12296
233
-12727
23293
-30327
32766
-30238
23128
-12512
0
12512
-23128
30238
-32766
30327
-23293
12727
-233
-12296
22962
-30148
32764
-30415
23456
-12942
467
12079
-22795
30055
-32761
30501
-23618
13156
-700
-11862
22626
-29962
32756
-30586
23780
-13370
934
11644
-22457
29866
-32749
30668
-23940
13583
-1167
-11426
22287
-29770
32741
-30750
24098
-13795
1400
11207
-22115
29671
-32731
30830
-24256
14006
-1633
-10987
21942
-29572
32719
-30908
24412
-14217
1866
10767
-21768
29470
-32706
30985
-24567
14427
-2099
-10546
21593
-29368
32691
-31060
24721
-14636
2332
10325
-21417
29263
-32674
31133
-24874
14844
-2565
-10103
21240
-29158
32656
-31205
25025
-15052
2798
9881
-21062
29050
-32636
31276
-25175
15259
-3030
-9658
20882
-28942
32615
-31345
25324
-15465
3262
9435
-20702
28831
-32591
31412
-25471
15670
-3495
-9211
20520
-28720
32566
-31477
25617
-15875
3727
8987
-20338
28607
-32540
31541
-25762
16079
-3958
-8762
20154
-28492
32512
-31604
25906
-16282
4190
8537
-19970
28376
-32482
31665
-26048
16484
-4421
-8311
19784
-28259
32450
-31724
26189
-16685
4653
8085
-19598
28140
-32417
31781
-26329
16886
-4884
-7859
19410
-28020
32382
-31837
26467
-17085
5114
7632
-19222
27898
-32346
31892
-26604
17284
-5345
-7405
19032
-27775
32308
-31944
26740
-17482
5575
7177
-18842
27650
-32268
31996
-26874
17679
-5805
-6949
18650
-27524
32227
-32045
27007
-17875
6034
6721
-18458
27397
-32184
32093
-27138
18070
-6264
-6492
18264
-27268
32139
-32139
27268
-18264
6492
6264
-18070
27138
-32093
32184
-27397
18458
-6721
-6034
17875
-27007
32045
-32227
27524
-18650
6949
5805
-17679
26874
-31996
32268
-27650
18842
-7177
-5575
17482
-26740
31944
-32308
27775
-19032
7405
5345
-17284
26604
-31892
32346
-27898
19222
-7632
-5114
17085
-26467
31837
-32382
28020
-19410
7859
4884
-16886
26329
-31781
32417
-28140
19598
-8085
-4653
16685
-26189
31724
-32450
28259
-19784
8311
4421
-16484
26048
-31665
32482
-28376
19970
-8537
-4190
16282
-25906
31604
-32512
28492
-20154
8762
3958
-16079
25762
-31541
32540
-28607
20338
-8987
-3727
15875
-25617
31477
-32566
28720
-20520
9211
3495
-15670
25471
-31412
32591
-28831
20702
-9435
-3262
15465
-25324
31345
-32615
28942
-20882
9658
3030
-15259
25175
-31276
32636
-29050
21062
-9881
-2798
15052
-25025
31205
-32656
29158
-21240
10103
2565
-14844
24874
-31133
32674
-29263
21417
-10325
-2332
14636
-24721
31060
-32691
29368
-21593
10546
2099
-14427
24567
-30985
32706
-29470
21768
-10767
-1866
14217
-24412
30908
-32719
29572
-21942
10987
1633
-14006
24256
-30830
32731
-29671
22115
-11207
-1400
13795
-24098
30750
-32741
29770
-22287
11426
1167
-13583
23940
-30668
32749
-29866
22457
-11644
-934
13370
-23780
30586
-32756
29962
-22626
11862
700
-13156
23618
-30501
32761
-30055
22795
-12079
-467
12942
-23456
30415
-32764
30148
-22962
12296
233
-12727
23293
-30327
32766
-30238
23128
-12512
