0
10767
-20338
27650
-31892
32591
-29671
23456
-14636
4190
6721
-16886
25175
-30668
32756
-31205
26189
-18264
8311
2565
-13156
22287
-28942
32382
-32227
28492
-21593
12296
-1633
-9211
19032
-26740
31477
-32719
30327
-24567
16079
-5805
-5114
15465
-24098
30055
-32674
31665
-27138
19598
-9881
-934
11644
-21062
28140
-32093
32482
-29263
22795
-13795
3262
7632
-17679
25762
-30985
32766
-30908
25617
-17482
7405
3495
-14006
22962
-29368
32512
-32045
28020
-20882
11426
-700
-10103
19784
-27268
31724
-32656
29962
-23940
15259
-4884
-6034
16282
-24721
30415
-32731
31412
-26604
18842
-8987
-1866
12512
-21768
28607
-32268
32346
-28831
22115
-12942
2332
8537
-18458
26329
-31276
32749
-30586
25025
-16685
6492
4421
-14844
23618
-29770
32615
-31837
27524
-20154
10546
233
-10987
20520
-27775
31944
-32566
29572
-23293
14427
-3958
-6949
17085
-25324
30750
-32761
31133
-26048
18070
-8085
-2798
13370
-22457
29050
-32417
32184
-28376
21417
-12079
1400
9435
-19222
26874
-31541
32706
-30238
24412
-15875
5575
5345
-15670
24256
-30148
32691
-31604
27007
-19410
9658
1167
-11862
21240
-28259
32139
-32450
29158
-22626
13583
-3030
-7859
17875
-25906
31060
-32764
30830
-25471
17284
-7177
-3727
14217
-23128
29470
-32540
31996
-27898
20702
-11207
467
10325
-19970
27397
-31781
32636
-29866
23780
-15052
4653
6264
-16484
24874
-30501
32741
-31345
26467
-18650
8762
2099
-12727
21942
-28720
32308
-32308
28720
-21942
12727
-2099
-8762
18650
-26467
31345
-32741
30501
-24874
16484
-6264
-4653
15052
-23780
29866
-32636
31781
-27397
19970
-10325
-467
11207
-20702
27898
-31996
32540
-29470
23128
-14217
3727
7177
-17284
25471
-30830
32764
-31060
25906
-17875
7859
3030
-13583
22626
-29158
32450
-32139
28259
-21240
11862
-1167
-9658
19410
-27007
31604
-32691
30148
-24256
15670
-5345
-5575
15875
-24412
30238
-32706
31541
-26874
19222
-9435
-1400
12079
-21417
28376
-32184
32417
-29050
22457
-13370
2798
8085
-18070
26048
-31133
32761
-30750
25324
-17085
6949
3958
-14427
23293
-29572
32566
-31944
27775
-20520
10987
-233
-10546
20154
-27524
31837
-32615
29770
-23618
14844
-4421
-6492
16685
-25025
30586
-32749
31276
-26329
18458
-8537
-2332
12942
-22115
28831
-32346
32268
-28607
21768
-12512
1866
8987
-18842
26604
-31412
32731
-30415
24721
-16282
6034
4884
-15259
23940
-29962
32656
-31724
27268
-19784
10103
700
-11426
20882
-28020
32045
-32512
29368
-22962
14006
-3495
-7405
17482
-25617
30908
-32766
30985
-25762
17679
-7632
-3262
13795
-22795
29263
-32482
32093
-28140
21062
-11644
934
9881
-19598
27138
-31665
32674
-30055
24098
-15465
5114
5805
-16079
24567
-30327
32719
-31477
26740
-19032
9211
1633
-12296
21593
-28492
32227
-32382
28942
-22287
13156
-2565
-8311
18264
-26189
31205
-32756
30668
-25175
16886
-6721
-4190
14636
-23456
29671
-32591
31892
-27650
20338
-10767
0
10767
-20338
27650
-31892
32591
-29671
23456
-14636
4190
6721
-16886
25175
-30668
32756
-31205
26189
-18264
8311
2565
-13156
22287
-28942
32382
-32227
28492
-21593
12296
-1633
-9211
19032
-26740
31477
-32719
30327
-24567
16079
-5805
-5114
15465
-24098
30055
-32674
31665
-27138
19598
-9881
-934
11644
-21062
28140
-32093
32482
-29263
22795
-13795
3262
7632
-17679
25762
-30985
32766
-30908
25617
-17482
7405
3495
-14006
22962
-29368
32512
-32045
28020
-20882
11426
-700
-10103
19784
-27268
31724
-32656
29962
-23940
15259
-4884
-6034
16282
-24721
30415
-32731
31412
-26604
18842
-8987
-1866
12512
-21768
28607
-32268
32346
-28831
22115
-12942
2332
8537
-18458
26329
-31276
32749
-30586
25025
-16685
6492
4421
-14844
23618
-29770
32615
-31837
27524
-20154
10546
233
-10987
20520
-27775
31944
-32566
29572
-23293
14427
-3958
-6949
17085
-25324
30750
-32761
31133
-26048
18070
-8085
-2798
13370
-22457
29050
-32417
32184
-28376
21417
-12079
1400
9435
-19222
26874
-31541
32706
-30238
24412
-15875
5575
5345
-15670
24256
-30148
32691
-31604
27007
-19410
9658
1167
-11862
21240
-28259
32139
-32450
29158
-22626
13583
-3030
-7859
17875
-25906
31060
-32764
30830
-25471
17284
-7177
-3727
14217
-23128
29470
-32540
31996
-27898
20702
-11207
467
10325
-19970
27397
-31781
32636
-29866
23780
-15052
4653
6264
-16484
24874
-30501
32741
-31345
26467
-18650
8762
2099
-12727
21942
-28720
32308
-32308
28720
-21942
12727
-2099
-8762
18650
-26467
31345
-32741
30501
-24874
16484
-6264
-4653
15052
-23780
29866
-32636
31781
-27397
19970
-10325
-467
11207
-20702
27898
-31996
32540
-29470
23128
-14217
3727
7177
-17284
25471
-30830
32764
-31060
25906
-17875
7859
3030
-13583
22626
-29158
32450
-32139
28259
-21240
11862
-1167
-9658
19410
-27007
31604
-32691
30148
-24256
15670
-5345
-5575
15875
-24412
30238
-32706
31541
-26874
19222
-9435
-1400
12079
-21417
28376
-32184
32417
-29050
22457
-13370
2798
8085
-18070
26048
-31133
32761
-30750
25324
-17085
6949
3958
-14427
23293
-29572
32566
-31944
27775
-20520
10987
-233
-10546
20154
-27524
31837
-32615
29770
-23618
14844
-4421
-6492
16685
-25025
30586
-32749
31276
-26329
18458
-8537
-2332
12942
-22115
28831
-32346
32268
-28607
21768
-12512
1866
8987
-18842
26604
-31412
32731
-30415
24721
-16282
6034
4884
-15259
23940
-29962
32656
-31724
27268
-19784
10103
700
-11426
20882
-28020
32045
-32512
29368
-22962
14006
-3495
-7405
17482
-25617
30908
-32766
30985
-25762
17679
-7632
-3262
13795
-22795
29263
-32482
32093
-28140
21062
-11644
934
9881
-19598
27138
-31665
32674
-30055
24098
-15465
5114
5805
-16079
24567
-30327
32719
-31477
26740
-19032
9211
1633
-12296
21593
-28492
32227
-32382
28942
-22287
13156
-2565
-8311
18264
-26189
31205
-32756
30668
-25175
16886
-6721
-4190
14636
-23456
29671
-32591
31892
-27650
20338
-10767
0
10767
-20338
27650
-31892
32591
-29671
23456
-14636
4190
6721
-16886
25175
-30668
32756
-31205
26189
-18264
8311
2565
-13156
22287
-28942
32382
-32227
28492
-21593
12296
-1633
-9211
19032
-26740
31477
-32719
30327
-24567
16079
-5805
-5114
15465
-24098
30055
-32674
31665
-27138
19598
-9881
-934
11644
-21062
28140
-32093
32482
-29263
22795
-13795
3262
7632
-17679
25762
-30985
32766
-30908
25617
-17482
7405
3495
-14006
22962
-29368
32512
-32045
28020
-20882
11426
-700
-10103
19784
-27268
31724
-32656
29962
-23940
15259
-4884
-6034
16282
-24721
30415
-32731
31412
-26604
18842
-8987
-1866
12512
-21768
28607
-32268
32346
-28831
22115
-12942
2332
8537
-18458
26329
-31276
32749
-30586
25025
-16685
6492
4421
-14844
23618
-29770
32615
-31837
27524
-20154
10546
233
-10987
20520
-27775
31944
-32566
29572
-23293
14427
-3958
-6949
17085
-25324
30750
-32761
31133
-26048
18070
-8085
-2798
13370
-22457
29050
-32417
32184
-28376
21417
-12079
1400
9435
-19222
26874
-31541
32706
-30238
24412
-15875
5575
5345
-15670
24256
-30148
32691
-31604
27007
-19410
9658
1167
-11862
21240
-28259
32139
-32450
29158
-22626
13583
-3030
-7859
17875
-25906
31060
-32764
30830
-25471
17284
-7177
-3727
14217
-23128
29470
-32540
31996
-27898
20702
-11207
467
10325
-19970
27397
-31781
32636
-29866
23780
-15052
4653
6264
-16484
24874
-30501
32741
-31345
26467
-18650
8762
2099
-12727
21942
-28720
32308
-32308
28720
-21942
12727
-2099
-8762
18650
-26467
31345
-32741
30501
-24874
16484
-6264
-4653
15052
-23780
29866
-32636
31781
-27397
19970
-10325
-467
11207
-20702
27898
-31996
32540
-29470
23128
-14217
3727
7177
-17284
25471
-30830
32764
-31060
25906
-17875
7859
3030
-13583
22626
-29158
32450
-32139
28259
-21240
11862
-1167
-9658
19410
-27007
31604
-32691
30148
-24256
15670
-5345
-5575
15875
-24412
30238
-32706
31541
-26874
19222
-9435
-1400
12079
-21417
28376
-32184
32417
-29050
22457
-13370
2798
8085
-18070
26048
-31133
32761
-30750
25324
-17085
6949
3958
-14427
23293
-29572
32566
-31944
27775
-20520
10987
-233
-10546
20154
-27524
31837
-32615
29770
-23618
14844
-4421
-6492
16685
-25025
30586
-32749
31276
-26329
18458
-8537
-2332
12942
-22115
28831
-32346
32268
-28607
21768
-12512
1866
8987
-18842
26604
-31412
32731
-30415
24721
-16282
6034
4884
-15259
23940
-29962
32656
-31724
27268
-19784
10103
700
-11426
20882
-28020
32045
-32512
29368
-22962
14006
-3495
-7405
17482
-25617
30908
-32766
30985
-25762
17679
-7632
-3262
13795
-22795
29263
-32482
32093
-28140
21062
-11644
934
9881
-19598
27138
-31665
32674
-30055
24098
-15465
5114
5805
-16079
24567
-30327
32719
-31477
26740
-19032
9211
1633
-12296
21593
-28492
32227
-32382
28942
-22287
13156
-2565
-8311
18264
-26189
31205
-32756
30668
-25175
16886
-6721
-4190
14636
-23456
29671
-32591
31892
-27650
20338
-10767
0
10767
-20338
27650
-31892
32591
-29671
23456
-14636
4190
6721
-16886
25175
-30668
32756
-31205
26189
-18264
8311
2565
-13156
22287
-28942
32382
-32227
28492
-21593
12296
-1633
-9211
19032
-26740
31477
-32719
30327
-24567
16079
-5805
-5114
15465
-24098
30055
-32674
31665
-27138
19598
-9881
-934
11644
-21062
28140
-32093
32482
-29263
22795
-13795
3262
7632
-17679
25762
-30985
32766
-30908
25617
-17482
7405
3495
-14006
22962
-29368
32512
-32045
28020
-20882
11426
-700
-10103
19784
-27268
31724
-32656
29962
-23940
15259
-4884
-6034
16282
-24721
30415
-32731
31412
-26604
18842
-8987
-1866
12512
-21768
28607
-32268
32346
-28831
22115
-12942
2332
8537
-18458
26329
-31276
32749
-30586
25025
-16685
6492
4421
-14844
23618
-29770
32615
-31837
27524
-20154
10546
233
-10987
20520
-27775
31944
-32566
29572
-23293
14427
-3958
-6949
17085
-25324
30750
-32761
31133
-26048
18070
-8085
-2798
13370
-22457
29050
-32417
32184
-28376
21417
-12079
1400
9435
-19222
26874
-31541
32706
-30238
24412
-15875
5575
5345
-15670
24256
-30148
32691
-31604
27007
-19410
9658
1167
-11862
21240
-28259
32139
-32450
29158
-22626
13583
-3030
-7859
17875
-25906
31060
-32764
30830
-25471
17284
-7177
-3727
14217
-23128
29470
-32540
31996
-27898
20702
-11207
467
10325
-19970
27397
-31781
32636
-29866
23780
-15052
4653
6264
-16484
24874
-30501
32741
-31345
26467
-18650
8762
2099
-12727
21942
-28720
32308
-32308
28720
-21942
12727
-2099
-8762
18650
-26467
31345
-32741
30501
-24874
16484
-6264
-4653
15052
-23780
29866
-32636
31781
-27397
19970
-10325
-467
11207
-20702
27898
-31996
32540
-29470
23128
-14217
3727
7177
-17284
25471
-30830
32764
-31060
25906
-17875
7859
3030
-13583
22626
-29158
32450
-32139
28259
-21240
11862
-1167
-9658
19410
-27007
31604
-32691
30148
-24256
15670
-5345
-5575
15875
-24412
30238
-32706
31541
-26874
19222
-9435
-1400
12079
-21417
28376
-32184
32417
-29050
22457
-13370
2798
8085
-18070
26048
-31133
32761
-30750
25324
-17085
6949
3958
-14427
23293
-29572
32566
-31944
27775
-20520
10987
-233
-10546
20154
-27524
31837
-32615
29770
-23618
14844
-4421
-6492
16685
-25025
30586
-32749
31276
-26329
18458
-8537
-2332
12942
-22115
28831
-32346
32268
-28607
21768
-12512
1866
8987
-18842
26604
-31412
32731
-30415
24721
-16282
6034
4884
-15259
23940
-29962
32656
-31724
27268
-19784
10103
700
-11426
20882
-28020
32045
-32512
29368
-22962
14006
-3495
-7405
17482
-25617
30908
-32766
30985
-25762
17679
-7632
-3262
13795
-22795
29263
-32482
32093
-28140
21062
-11644
934
9881
-19598
27138
-31665
32674
-30055
24098
-15465
5114
5805
-16079
24567
-30327
32719
-31477
26740
-19032
9211
1633
-12296
21593
-28492
32227
-32382
28942
-22287
13156
-2565
-8311
18264
-26189
31205
-32756
30668
-25175
16886
-6721
-4190
14636
-23456
29671
-32591
31892
-27650
20338
-10767
0
10767
-20338
27650
-31892
32591
-29671
23456
-14636
4190
6721
-16886
25175
-30668
32756
-31205
26189
-18264
8311
2565
-13156
22287
-28942
32382
-32227
28492
-21593
12296
-1633
-9211
19032
-26740
31477
-32719
30327
-24567
16079
-5805
-5114
15465
-24098
30055
-32674
31665
-27138
19598
-9881
-934
11644
-21062
28140
-32093
32482
-29263
22795
-13795
3262
7632
-17679
25762
-30985
32766
-30908
25617
-17482
7405
3495
-14006
22962
-29368
32512
-32045
28020
-20882
11426
-700
-10103
19784
-27268
31724
-32656
29962
-23940
15259
-4884
-6034
16282
-24721
30415
-32731
31412
-26604
18842
-8987
-1866
12512
-21768
28607
-32268
32346
-28831
22115
-12942
2332
8537
-18458
26329
-31276
32749
-30586
25025
-16685
6492
4421
-14844
23618
-29770
32615
-31837
27524
-20154
10546
233
-10987
20520
-27775
31944
-32566
29572
-23293
14427
-3958
-6949
17085
-25324
30750
-32761
31133
-26048
18070
-8085
-2798
13370
-22457
29050
-32417
32184
-28376
21417
-12079
1400
9435
-19222
26874
-31541
32706
-30238
24412
-15875
5575
5345
-15670
24256
-30148
32691
-31604
27007
-19410
9658
1167
-11862
21240
-28259
32139
-32450
29158
-22626
13583
-3030
-7859
17875
-25906
31060
-32764
30830
-25471
17284
-7177
-3727
14217
-23128
29470
-32540
31996
-27898
20702
-11207
467
10325
-19970
27397
-31781
32636
-29866
23780
-15052
4653
6264
-16484
24874
-30501
32741
-31345
26467
-18650
8762
2099
-12727
21942
-28720
32308
-32308
28720
-21942
12727
-2099
-8762
18650
-26467
31345
-32741
30501
-24874
16484
-6264
-4653
15052
-23780
29866
-32636
31781
-27397
19970
-10325
-467
11207
-20702
27898
-31996
32540
-29470
23128
-14217
3727
7177
-17284
25471
-30830
32764
-31060
25906
-17875
7859
3030
-13583
22626
-29158
32450
-32139
28259
-21240
11862
-1167
-9658
19410
-27007
31604
-32691
30148
-24256
15670
-5345
-5575
15875
-24412
30238
-32706
31541
-26874
19222
-9435
-1400
12079
-21417
28376
-32184
32417
-29050
22457
-13370
2798
8085
-18070
26048
-31133
32761
-30750
25324
-17085
6949
3958
-14427
23293
-29572
32566
-31944
27775
-20520
10987
-233
-10546
20154
-27524
31837
-32615
29770
-23618
14844
-4421
-6492
16685
-25025
30586
-32749
31276
-26329
18458
-8537
-2332
12942
-22115
28831
-32346
32268
-28607
21768
-12512
1866
8987
-18842
26604
-31412
32731
-30415
24721
-16282
6034
4884
-15259
23940
-29962
32656
-31724
27268
-19784
10103
700
-11426
20882
-28020
32045
-32512
29368
-22962
14006
-3495
-7405
17482
-25617
30908
-32766
30985
-25762
17679
-7632
-3262
13795
-22795
29263
-32482
32093
-28140
21062
-11644
934
9881
-19598
27138
-31665
32674
-30055
24098
-15465
5114
5805
-16079
24567
-30327
32719
-31477
26740
-19032
9211
1633
-12296
21593
-28492
32227
-32382
28942
-22287
13156
-2565
-8311
18264
-26189
31205
-32756
30668
-25175
16886
-6721
-4190
14636
-23456
29671
-32591
31892
-27650
20338
-10767
0
10767
-20338
27650
-31892
32591
-29671
23456
-14636
4190
6721
-16886
25175
-30668
32756
-31205
26189
-18264
8311
2565
-13156
22287
-28942
32382
-32227
28492
-21593
12296
-1633
-9211
19032
-26740
31477
-32719
30327
-24567
16079
-5805
-5114
15465
-24098
30055
-32674
31665
-27138
19598
-9881
-934
11644
-21062
28140
-32093
32482
-29263
22795
-13795
3262
7632
-17679
25762
-30985
32766
-30908
25617
-17482
7405
3495
-14006
22962
-29368
32512
-32045
28020
-20882
11426
-700
-10103
19784
-27268
31724
-32656
29962
-23940
15259
-4884
-6034
16282
-24721
30415
-32731
31412
-26604
18842
-8987
-1866
12512
-21768
28607
-32268
32346
-28831
22115
-12942
2332
8537
-18458
26329
-31276
32749
-30586
25025
-16685
6492
4421
-14844
23618
-29770
32615
-31837
27524
-20154
10546
233
-10987
20520
-27775
31944
-32566
29572
-23293
14427
-3958
-6949
17085
-25324
30750
-32761
31133
-26048
18070
-8085
-2798
13370
-22457
29050
-32417
32184
-28376
21417
-12079
1400
9435
-19222
26874
-31541
32706
-30238
24412
-15875
5575
5345
-15670
24256
-30148
32691
-31604
27007
-19410
9658
1167
-11862
21240
-28259
32139
-32450
29158
-22626
13583
-3030
-7859
17875
-25906
31060
-32764
30830
-25471
17284
-7177
-3727
14217
-23128
29470
-32540
31996
-27898
20702
-11207
467
10325
-19970
27397
-31781
32636
-29866
23780
-15052
4653
6264
-16484
24874
-30501
32741
-31345
26467
-18650
8762
2099
-12727
21942
-28720
32308
-32308
28720
-21942
12727
-2099
-8762
18650
-26467
31345
-32741
30501
-24874
16484
-6264
-4653
15052
-23780
29866
-32636
31781
-27397
19970
-10325
-467
11207
-20702
27898
-31996
32540
-29470
23128
-14217
3727
7177
-17284
25471
-30830
32764
-31060
25906
-17875
7859
3030
-13583
22626
-29158
32450
-32139
28259
-21240
11862
-1167
-9658
19410
-27007
31604
-32691
30148
-24256
15670
-5345
-5575
15875
-24412
30238
-32706
31541
-26874
19222
-9435
-1400
12079
-21417
28376
-32184
32417
-29050
22457
-13370
2798
8085
-18070
26048
-31133
32761
-30750
25324
-17085
6949
3958
-14427
23293
-29572
32566
-31944
27775
-20520
10987
-233
-10546
20154
-27524
31837
-32615
29770
-23618
14844
-4421
-6492
16685
-25025
30586
-32749
31276
-26329
18458
-8537
-2332
12942
-22115
28831
-32346
32268
-28607
21768
-12512
1866
8987
-18842
26604
-31412
32731
-30415
24721
-16282
6034
4884
-15259
23940
-29962
32656
-31724
27268
-19784
10103
700
-11426
20882
-28020
32045
-32512
29368
-22962
14006
-3495
-7405
17482
-25617
30908
-32766
30985
-25762
17679
-7632
-3262
13795
-22795
29263
-32482
32093
-28140
21062
-11644
934
9881
-19598
27138
-31665
32674
-30055
24098
-15465
5114
5805
-16079
24567
-30327
32719
-31477
26740
-19032
9211
1633
-12296
21593
-28492
32227
-32382
28942
-22287
13156
-2565
-8311
18264
-26189
31205
-32756
30668
-25175
16886
-6721
-4190
14636
-23456
29671
-32591
31892
-27650
20338
-10767
0
10767
-20338
27650
-31892
32591
-29671
23456
-14636
4190
6721
-16886
25175
-30668
32756
-31205
26189
-18264
8311
2565
-13156
22287
-28942
32382
-32227
28492
-21593
12296
-1633
-9211
19032
-26740
31477
-32719
30327
-24567
16079
-5805
-5114
15465
-24098
30055
-32674
31665
-27138
19598
-9881
-934
11644
-21062
28140
-32093
32482
-29263
22795
-13795
3262
7632
-17679
25762
-30985
32766
-30908
25617
-17482
7405
3495
-14006
22962
-29368
32512
-32045
28020
-20882
11426
-700
-10103
19784
-27268
31724
-32656
29962
-23940
15259
-4884
-6034
16282
-24721
30415
-32731
31412
-26604
18842
-8987
-1866
12512
-21768
28607
-32268
32346
-28831
22115
-12942
2332
8537
-18458
26329
-31276
32749
-30586
25025
-16685
6492
4421
-14844
23618
-29770
32615
-31837
27524
-20154
10546
233
-10987
20520
-27775
31944
-32566
29572
-23293
14427
-3958
-6949
17085
-25324
30750
-32761
31133
-26048
18070
-8085
-2798
13370
-22457
29050
-32417
32184
-28376
21417
-12079
1400
9435
-19222
26874
-31541
32706
-30238
24412
-15875
5575
5345
-15670
24256
-30148
32691
-31604
27007
-19410
9658
1167
-11862
21240
-28259
32139
-32450
29158
-22626
13583
-3030
-7859
17875
-25906
31060
-32764
30830
-25471
17284
-7177
-3727
14217
-23128
29470
-32540
31996
-27898
20702
-11207
467
10325
-19970
27397
-31781
32636
-29866
23780
-15052
4653
6264
-16484
24874
-30501
32741
-31345
26467
-18650
8762
2099
-12727
21942
-28720
32308
-32308
28720
-21942
12727
-2099
-8762
18650
-26467
31345
-32741
30501
-24874
16484
-6264
-4653
15052
-23780
29866
-32636
31781
-27397
19970
-10325
-467
11207
-20702
27898
-31996
32540
-29470
23128
-14217
3727
7177
-17284
25471
-30830
32764
-31060
25906
-17875
7859
3030
-13583
22626
-29158
32450
-32139
28259
-21240
11862
-1167
-9658
19410
-27007
31604
-32691
30148
-24256
15670
-5345
-5575
15875
-24412
30238
-32706
31541
-26874
19222
-9435
-1400
12079
-21417
28376
-32184
32417
-29050
22457
-13370
2798
8085
-18070
26048
-31133
32761
-30750
25324
-17085
6949
3958
-14427
23293
-29572
32566
-31944
27775
-20520
10987
-233
-10546
20154
-27524
31837
-32615
29770
-23618
14844
-4421
-6492
16685
-25025
30586
-32749
31276
-26329
18458
-8537
-2332
12942
-22115
28831
-32346
32268
-28607
21768
-12512
1866
8987
-18842
26604
-31412
32731
-30415
24721
-16282
6034
4884
-15259
23940
-29962
32656
-31724
27268
-19784
10103
700
-11426
20882
-28020
32045
-32512
29368
-22962
14006
-3495
-7405
17482
-25617
30908
-32766
30985
-25762
17679
-7632
-3262
13795
-22795
29263
-32482
32093
-28140
21062
-11644
934
9881
-19598
27138
-31665
32674
-30055
24098
-15465
5114
5805
-16079
24567
-30327
32719
-31477
26740
-19032
9211
1633
-12296
21593
-28492
32227
-32382
28942
-22287
13156
-2565
-8311
18264
-26189
31205
-32756
30668
-25175
16886
-6721
-4190
14636
-23456
29671
-32591
31892
-27650
20338
-10767
0
10767
-20338
27650
-31892
32591
-29671
23456
-14636
4190
6721
-16886
25175
-30668
32756
-31205
26189
-18264
8311
2565
-13156
22287
-28942
32382
-32227
28492
-21593
12296
-1633
-9211
19032
-26740
31477
-32719
30327
-24567
16079
-5805
-5114
15465
-24098
30055
-32674
31665
-27138
19598
-9881
-934
11644
-21062
28140
-32093
32482
-29263
22795
-13795
3262
7632
-17679
25762
-30985
32766
-30908
25617
-17482
7405
3495
-14006
22962
-29368
32512
-32045
28020
-20882
11426
-700
-10103
19784
-27268
31724
-32656
29962
-23940
15259
-4884
-6034
16282
-24721
30415
-32731
31412
-26604
18842
-8987
-1866
12512
-21768
28607
-32268
32346
-28831
22115
-12942
2332
8537
-18458
26329
-31276
32749
-30586
25025
-16685
6492
4421
-14844
23618
-29770
32615
-31837
27524
-20154
10546
233
-10987
20520
-27775
31944
-32566
29572
-23293
14427
-3958
-6949
17085
-25324
30750
-32761
31133
-26048
18070
-8085
-2798
13370
-22457
29050
-32417
32184
-28376
21417
-12079
1400
9435
-19222
26874
-31541
32706
-30238
24412
-15875
5575
5345
-15670
24256
-30148
32691
-31604
27007
-19410
9658
1167
-11862
21240
-28259
32139
-32450
29158
-22626
13583
-3030
-7859
17875
-25906
31060
-32764
30830
-25471
17284
-7177
-3727
14217
-23128
29470
-32540
31996
-27898
20702
-11207
467
10325
-19970
27397
-31781
32636
-29866
23780
-15052
4653
6264
-16484
24874
-30501
32741
-31345
26467
-18650
8762
2099
-12727
21942
-28720
32308
-32308
28720
-21942
12727
-2099
-8762
18650
-26467
31345
-32741
30501
-24874
16484
-6264
-4653
15052
-23780
29866
-32636
31781
-27397
19970
-10325
-467
11207
-20702
27898
-31996
32540
-29470
23128
-14217
3727
7177
-17284
25471
-30830
32764
-31060
25906
-17875
7859
3030
-13583
22626
-29158
32450
-32139
28259
-21240
11862
-1167
-9658
19410
-27007
31604
-32691
30148
-24256
15670
-5345
-5575
15875
-24412
30238
-32706
31541
-26874
19222
-9435
-1400
12079
-21417
28376
-32184
32417
-29050
22457
-13370
2798
8085
-18070
26048
-31133
32761
-30750
25324
-17085
6949
3958
-14427
23293
-29572
32566
-31944
27775
-20520
10987
-233
-10546
20154
-27524
31837
-32615
29770
-23618
14844
-4421
-6492
16685
-25025
30586
-32749
31276
-26329
18458
-8537
-2332
12942
-22115
28831
-32346
32268
-28607
21768
-12512
1866
8987
-18842
26604
-31412
32731
-30415
24721
-16282
6034
4884
-15259
23940
-29962
32656
-31724
27268
-19784
10103
700
-11426
20882
-28020
32045
-32512
29368
-22962
14006
-3495
-7405
17482
-25617
30908
-32766
30985
-25762
17679
-7632
-3262
13795
-22795
29263
-32482
32093
-28140
21062
-11644
934
9881
-19598
27138
-31665
32674
-30055
24098
-15465
5114
5805
-16079
24567
-30327
32719
-31477
26740
-19032
9211
1633
-12296
21593
-28492
32227
-32382
28942
-22287
13156
-2565
-8311
18264
-26189
31205
-32756
30668
-25175
16886
-6721
-4190
14636
-23456
29671
-32591
31892
-27650
20338
-10767
0
10767
-20338
27650
-31892
32591
-29671
23456
-14636
4190
6721
-16886
25175
-30668
32756
-31205
26189
-18264
8311
2565
-13156
22287
-28942
32382
-32227
28492
-21593
12296
-1633
-9211
19032
-26740
31477
-32719
30327
-24567
16079
-5805
-5114
15465
-24098
30055
-32674
31665
-27138
19598
-9881
-934
11644
-21062
28140
-32093
32482
-29263
22795
-13795
3262
7632
-17679
25762
-30985
32766
-30908
25617
-17482
7405
3495
-14006
22962
-29368
32512
-32045
28020
-20882
11426
-700
-10103
19784
-27268
31724
-32656
29962
-23940
15259
-4884
-6034
16282
-24721
30415
-32731
31412
-26604
18842
-8987
-1866
12512
-21768
28607
-32268
32346
-28831
22115
-12942
2332
8537
-18458
26329
-31276
32749
-30586
25025
-16685
6492
4421
-14844
23618
-29770
32615
-31837
27524
-20154
10546
233
-10987
20520
-27775
31944
-32566
29572
-23293
14427
-3958
-6949
17085
-25324
30750
-32761
31133
-26048
18070
-8085
-2798
13370
-22457
29050
-32417
32184
-28376
21417
-12079
1400
9435
-19222
26874
-31541
32706
-30238
24412
-15875
5575
5345
-15670
24256
-30148
32691
-31604
27007
-19410
9658
1167
-11862
21240
-28259
32139
-32450
29158
-22626
13583
-3030
-7859
17875
-25906
31060
-32764
30830
-25471
17284
-7177
-3727
14217
-23128
29470
-32540
31996
-27898
20702
-11207
467
10325
-19970
27397
-31781
32636
-29866
23780
-15052
4653
6264
-16484
24874
-30501
32741
-31345
26467
-18650
8762
2099
-12727
21942
-28720
32308
-32308
28720
-21942
12727
-2099
-8762
18650
-26467
31345
-32741
30501
-24874
16484
-6264
-4653
15052
-23780
29866
-32636
31781
-27397
19970
-10325
-467
11207
-20702
27898
-31996
32540
-29470
23128
-14217
3727
7177
-17284
25471
-30830
32764
-31060
25906
-17875
7859
3030
-13583
22626
-29158
32450
-32139
28259
-21240
11862
-1167
-9658
19410
-27007
31604
-32691
30148
-24256
15670
-5345
-5575
15875
-24412
30238
-32706
31541
-26874
19222
-9435
-1400
12079
-21417
28376
-32184
32417
-29050
22457
-13370
2798
8085
-18070
26048
-31133
32761
-30750
25324
-17085
6949
3958
-14427
23293
-29572
32566
-31944
27775
-20520
10987
-233
-10546
20154
-27524
31837
-32615
29770
-23618
14844
-4421
-6492
16685
-25025
30586
-32749
31276
-26329
18458
-8537
-2332
12942
-22115
28831
-32346
32268
-28607
21768
-12512
1866
8987
-18842
26604
-31412
32731
-30415
24721
-16282
6034
4884
-15259
23940
-29962
32656
-31724
27268
-19784
10103
700
-11426
20882
-28020
32045
-32512
29368
-22962
14006
-3495
-7405
17482
-25617
30908
-32766
30985
-25762
17679
-7632
-3262
13795
-22795
29263
-32482
32093
-28140
21062
-11644
934
9881
-19598
27138
-31665
32674
-30055
24098
-15465
5114
5805
-16079
24567
-30327
32719
-31477
26740
-19032
9211
1633
-12296
21593
-28492
32227
-32382
28942
-22287
13156
-2565
-8311
18264
-26189
31205
-32756
30668
-25175
16886
-6721
-4190
14636
-23456
29671
-32591
31892
-27650
20338
-10767
0
10767
-20338
27650
-31892
32591
-29671
23456
-14636
4190
6721
-16886
25175
-30668
32756
-31205
26189
-18264
8311
2565
-13156
22287
-28942
32382
-32227
28492
-21593
12296
-1633
-9211
19032
-26740
31477
-32719
30327
-24567
16079
-5805
-5114
15465
-24098
30055
-32674
31665
-27138
19598
-9881
-934
11644
-21062
28140
-32093
32482
-29263
22795
-13795
3262
7632
-17679
25762
-30985
32766
-30908
25617
-17482
7405
3495
-14006
22962
-29368
32512
-32045
28020
-20882
11426
-700
-10103
19784
-27268
31724
-32656
29962
-23940
15259
-4884
-6034
16282
-24721
30415
-32731
31412
-26604
18842
-8987
-1866
12512
-21768
28607
-32268
32346
-28831
22115
-12942
2332
8537
-18458
26329
-31276
32749
-30586
25025
-16685
6492
4421
-14844
23618
-29770
32615
-31837
27524
-20154
10546
233
-10987
20520
-27775
31944
-32566
29572
-23293
14427
-3958
-6949
17085
-25324
30750
-32761
31133
-26048
18070
-8085
-2798
13370
-22457
29050
-32417
32184
-28376
21417
-12079
1400
9435
-19222
26874
-31541
32706
-30238
24412
-15875
5575
5345
-15670
24256
-30148
32691
-31604
27007
-19410
9658
1167
-11862
21240
-28259
32139
-32450
29158
-22626
13583
-3030
-7859
17875
-25906
31060
-32764
30830
-25471
17284
-7177
-3727
14217
-23128
29470
-32540
31996
-27898
20702
-11207
467
10325
-19970
27397
-31781
32636
-29866
23780
-15052
4653
6264
-16484
24874
-30501
32741
-31345
26467
-18650
8762
2099
-12727
21942
-28720
32308
-32308
28720
-21942
12727
-2099
-8762
18650
-26467
31345
-32741
30501
-24874
16484
-6264
-4653
15052
-23780
29866
-32636
31781
-27397
19970
-10325
-467
11207
-20702
27898
-31996
32540
-29470
23128
-14217
3727
7177
-17284
25471
-30830
32764
-31060
25906
-17875
7859
3030
-13583
22626
-29158
32450
-32139
28259
-21240
11862
-1167
-9658
19410
-27007
31604
-32691
30148
-24256
15670
-5345
-5575
15875
-24412
30238
-32706
31541
-26874
19222
-9435
-1400
12079
-21417
28376
-32184
32417
-29050
22457
-13370
2798
8085
-18070
26048
-31133
32761
-30750
25324
-17085
6949
3958
-14427
23293
-29572
32566
-31944
27775
-20520
10987
-233
-10546
20154
-27524
31837
-32615
29770
-23618
14844
-4421
-6492
16685
-25025
30586
-32749
31276
-26329
18458
-8537
-2332
12942
-22115
28831
-32346
32268
-28607
21768
-12512
1866
8987
-18842
26604
-31412
32731
-30415
24721
-16282
6034
4884
-15259
23940
-29962
32656
-31724
27268
-19784
10103
700
-11426
20882
-28020
32045
-32512
29368
-22962
14006
-3495
-7405
17482
-25617
30908
-32766
30985
-25762
17679
-7632
-3262
13795
-22795
29263
-32482
32093
-28140
21062
-11644
934
9881
-19598
27138
-31665
32674
-30055
24098
-15465
5114
5805
-16079
24567
-30327
32719
-31477
26740
-19032
9211
1633
-12296
21593
-28492
32227
-32382
28942
-22287
13156
-2565
-8311
18264
-26189
31205
-32756
30668
-25175
16886
-6721
-4190
14636
-23456
29671
-32591
31892
-27650
20338
-10767
