0
288611
-517740
641669
-638780
515820
-305294
56682
175961
-346858
428506
-416440
327936
-195382
56470
55946
-121627
136450
-111115
65853
-23033
0
-4223
31945
-70512
103287
-115513
99206
-55627
-5295
68238
-117283
140723
-134328
102184
-54997
6473
30969
-49756
49017
-34174
14565
0
-2641
-8376
29246
-52103
67822
-69183
53330
-22788
-15294
51371
-76440
84730
-75347
52296
-23049
-3948
21916
-27705
22502
-11101
0
4953
-616
-12397
29936
-45781
53754
-49841
33587
-8324
-19828
43834
-57892
59139
-48426
29872
-9440
-7019
15587
-15409
8744
0
-5926
5407
2610
-16215
31158
-42282
45239
-37990
21531
377
-22302
38846
-46250
43475
-32412
17155
-2589
-7174
10107
-6771
0
6220
-8205
3904
6319
-19776
32297
-39626
38815
-29241
12876
6309
-23542
34705
-37552
32336
-21592
9226
791
-5741
4966
0
-6071
9764
-8443
1316
10224
-23014
33128
-37147
33308
-22099
6157
10527
-23845
30791
-30354
23731
-13818
4218
1993
-3257
0
5593
-10408
11531
-7314
-1976
14177
-25891
33547
-34571
28239
-15940
754
13480
-23342
26858
-24038
16773
-8125
1260
1621
0
-4840
10309
-13431
11959
-5176
-5745
18075
-28356
33496
-31777
23410
-10501
-3612
15371
-22102
22792
-18315
11059
-4055
-72
0
3865
-9561
14274
-15357
11272
-2224
-9855
21835
-30366
32949
-28719
18735
-5667
-7057
16299
-20167
18554
-13060
6391
-1377
0
-2699
8237
-14141
17557
-16296
9618
1415
-14207
25396
-31908
31908
-25396
14207
-1415
-9618
16296
-17557
14141
-8237
2699
0
1377
-6391
13060
-18554
20167
-16299
7057
5667
-18735
28719
-32949
30366
-21835
9855
2224
-11272
15357
-14274
9561
-3865
0
72
4055
-11059
18315
-22792
22102
-15371
3612
10501
-23410
31777
-33496
28356
-18075
5745
5176
-11959
13431
-10309
4840
0
-1621
-1260
8125
-16773
24038
-26858
23342
-13480
-754
15940
-28239
34571
-33547
25891
-14177
1976
7314
-11531
10408
-5593
0
3257
-1993
-4218
13818
-23731
30354
-30791
23845
-10527
-6157
22099
-33308
37147
-33128
23014
-10224
-1316
8443
-9764
6071
0
-4966
5741
-791
-9226
21592
-32336
37552
-34705
23542
-6309
-12876
29241
-38815
39626
-32297
19776
-6319
-3904
8205
-6220
0
6771
-10107
7174
2589
-17155
32412
-43475
46250
-38846
22302
-377
-21531
37990
-45239
42282
-31158
16215
-2610
-5407
5926
0
-8744
15409
-15587
7019
9440
-29872
48426
-59139
57892
-43834
19828
8324
-33587
49841
-53754
45781
-29936
12397
616
-4953
0
11101
-22502
27705
-21916
3948
23049
-52296
75347
-84730
76440
-51371
15294
22788
-53330
69183
-67822
52103
-29246
8376
2641
0
-14565
34174
-49017
49756
-30969
-6473
54997
-102184
134328
-140723
117283
-68238
5295
55627
-99206
115513
-103287
70512
-31945
4223
0
23033
-65853
111115
-136450
121627
-55946
-56470
195382
-327936
416440
-428506
346858
-175961
-56682
305294
-515820
638780
-641669
517740
-288611
0
288611
-517740
641669
-638780
515820
-305294
56682
175961
-346858
428506
-416440
327936
-195382
56470
55946
-121627
136450
-111115
65853
-23033
0
-4223
31945
-70512
103287
-115513
99206
-55627
-5295
68238
-117283
140723
-134328
102184
-54997
6473
30969
-49756
49017
-34174
14565
0
-2641
-8376
29246
-52103
67822
-69183
53330
-22788
-15294
51371
-76440
84730
-75347
52296
-23049
-3948
21916
-27705
22502
-11101
0
4953
-616
-12397
29936
-45781
53754
-49841
33587
-8324
-19828
43834
-57892
59139
-48426
29872
-9440
-7019
15587
-15409
8744
0
-5926
5407
2610
-16215
31158
-42282
45239
-37990
21531
377
-22302
38846
-46250
43475
-32412
17155
-2589
-7174
10107
-6771
0
6220
-8205
3904
6319
-19776
32297
-39626
38815
-29241
12876
6309
-23542
34705
-37552
32336
-21592
9226
791
-5741
4966
0
-6071
9764
-8443
1316
10224
-23014
33128
-37147
33308
-22099
6157
10527
-23845
30791
-30354
23731
-13818
4218
1993
-3257
0
5593
-10408
11531
-7314
-1976
14177
-25891
33547
-34571
28239
-15940
754
13480
-23342
26858
-24038
16773
-8125
1260
1621
0
-4840
10309
-13431
11959
-5176
-5745
18075
-28356
33496
-31777
23410
-10501
-3612
15371
-22102
22792
-18315
11059
-4055
-72
0
3865
-9561
14274
-15357
11272
-2224
-9855
21835
-30366
32949
-28719
18735
-5667
-7057
16299
-20167
18554
-13060
6391
-1377
0
-2699
8237
-14141
17557
-16296
9618
1415
-14207
25396
-31908
31908
-25396
14207
-1415
-9618
16296
-17557
14141
-8237
2699
0
1377
-6391
13060
-18554
20167
-16299
7057
5667
-18735
28719
-32949
30366
-21835
9855
2224
-11272
15357
-14274
9561
-3865
0
72
4055
-11059
18315
-22792
22102
-15371
3612
10501
-23410
31777
-33496
28356
-18075
5745
5176
-11959
13431
-10309
4840
0
-1621
-1260
8125
-16773
24038
-26858
23342
-13480
-754
15940
-28239
34571
-33547
25891
-14177
1976
7314
-11531
10408
-5593
0
3257
-1993
-4218
13818
-23731
30354
-30791
23845
-10527
-6157
22099
-33308
37147
-33128
23014
-10224
-1316
8443
-9764
6071
0
-4966
5741
-791
-9226
21592
-32336
37552
-34705
23542
-6309
-12876
29241
-38815
39626
-32297
19776
-6319
-3904
8205
-6220
0
6771
-10107
7174
2589
-17155
32412
-43475
46250
-38846
22302
-377
-21531
37990
-45239
42282
-31158
16215
-2610
-5407
5926
0
-8744
15409
-15587
7019
9440
-29872
48426
-59139
57892
-43834
19828
8324
-33587
49841
-53754
45781
-29936
12397
616
-4953
0
11101
-22502
27705
-21916
3948
23049
-52296
75347
-84730
76440
-51371
15294
22788
-53330
69183
-67822
52103
-29246
8376
2641
0
-14565
34174
-49017
49756
-30969
-6473
54997
-102184
134328
-140723
117283
-68238
5295
55627
-99206
115513
-103287
70512
-31945
4223
0
23033
-65853
111115
-136450
121627
-55946
-56470
195382
-327936
416440
-428506
346858
-175961
-56682
305294
-515820
638780
-641669
517740
-288611
0
288611
-517740
641669
-638780
515820
-305294
56682
175961
-346858
428506
-416440
327936
-195382
56470
55946
-121627
136450
-111115
65853
-23033
0
-4223
31945
-70512
103287
-115513
99206
-55627
-5295
68238
-117283
140723
-134328
102184
-54997
6473
30969
-49756
49017
-34174
14565
0
-2641
-8376
29246
-52103
67822
-69183
53330
-22788
-15294
51371
-76440
84730
-75347
52296
-23049
-3948
21916
-27705
22502
-11101
0
4953
-616
-12397
29936
-45781
53754
-49841
33587
-8324
-19828
43834
-57892
59139
-48426
29872
-9440
-7019
15587
-15409
8744
0
-5926
5407
2610
-16215
31158
-42282
45239
-37990
21531
377
-22302
38846
-46250
43475
-32412
17155
-2589
-7174
10107
-6771
0
6220
-8205
3904
6319
-19776
32297
-39626
38815
-29241
12876
6309
-23542
34705
-37552
32336
-21592
9226
791
-5741
4966
0
-6071
9764
-8443
1316
10224
-23014
33128
-37147
33308
-22099
6157
10527
-23845
30791
-30354
23731
-13818
4218
1993
-3257
0
5593
-10408
11531
-7314
-1976
14177
-25891
33547
-34571
28239
-15940
754
13480
-23342
26858
-24038
16773
-8125
1260
1621
0
-4840
10309
-13431
11959
-5176
-5745
18075
-28356
33496
-31777
23410
-10501
-3612
15371
-22102
22792
-18315
11059
-4055
-72
0
3865
-9561
14274
-15357
11272
-2224
-9855
21835
-30366
32949
-28719
18735
-5667
-7057
16299
-20167
18554
-13060
6391
-1377
0
-2699
8237
-14141
17557
-16296
9618
1415
-14207
25396
-31908
31908
-25396
14207
-1415
-9618
16296
-17557
14141
-8237
2699
0
1377
-6391
13060
-18554
20167
-16299
7057
5667
-18735
28719
-32949
30366
-21835
9855
2224
-11272
15357
-14274
9561
-3865
0
72
4055
-11059
18315
-22792
22102
-15371
3612
10501
-23410
31777
-33496
28356
-18075
5745
5176
-11959
13431
-10309
4840
0
-1621
-1260
8125
-16773
24038
-26858
23342
-13480
-754
15940
-28239
34571
-33547
25891
-14177
1976
7314
-11531
10408
-5593
0
3257
-1993
-4218
13818
-23731
30354
-30791
23845
-10527
-6157
22099
-33308
37147
-33128
23014
-10224
-1316
8443
-9764
6071
0
-4966
5741
-791
-9226
21592
-32336
37552
-34705
23542
-6309
-12876
29241
-38815
39626
-32297
19776
-6319
-3904
8205
-6220
0
6771
-10107
7174
2589
-17155
32412
-43475
46250
-38846
22302
-377
-21531
37990
-45239
42282
-31158
16215
-2610
-5407
5926
0
-8744
15409
-15587
7019
9440
-29872
48426
-59139
57892
-43834
19828
8324
-33587
49841
-53754
45781
-29936
12397
616
-4953
0
11101
-22502
27705
-21916
3948
23049
-52296
75347
-84730
76440
-51371
15294
22788
-53330
69183
-67822
52103
-29246
8376
2641
0
-14565
34174
-49017
49756
-30969
-6473
54997
-102184
134328
-140723
117283
-68238
5295
55627
-99206
115513
-103287
70512
-31945
4223
0
23033
-65853
111115
-136450
121627
-55946
-56470
195382
-327936
416440
-428506
346858
-175961
-56682
305294
-515820
638780
-641669
517740
-288611
0
288611
-517740
641669
-638780
515820
-305294
56682
175961
-346858
428506
-416440
327936
-195382
56470
55946
-121627
136450
-111115
65853
-23033
0
-4223
31945
-70512
103287
-115513
99206
-55627
-5295
68238
-117283
140723
-134328
102184
-54997
6473
30969
-49756
49017
-34174
14565
0
-2641
-8376
29246
-52103
67822
-69183
53330
-22788
-15294
51371
-76440
84730
-75347
52296
-23049
-3948
21916
-27705
22502
-11101
0
4953
-616
-12397
29936
-45781
53754
-49841
33587
-8324
-19828
43834
-57892
59139
-48426
29872
-9440
-7019
15587
-15409
8744
0
-5926
5407
2610
-16215
31158
-42282
45239
-37990
21531
377
-22302
38846
-46250
43475
-32412
17155
-2589
-7174
10107
-6771
0
6220
-8205
3904
6319
-19776
32297
-39626
38815
-29241
12876
6309
-23542
34705
-37552
32336
-21592
9226
791
-5741
4966
0
-6071
9764
-8443
1316
10224
-23014
33128
-37147
33308
-22099
6157
10527
-23845
30791
-30354
23731
-13818
4218
1993
-3257
0
5593
-10408
11531
-7314
-1976
14177
-25891
33547
-34571
28239
-15940
754
13480
-23342
26858
-24038
16773
-8125
1260
1621
0
-4840
10309
-13431
11959
-5176
-5745
18075
-28356
33496
-31777
23410
-10501
-3612
15371
-22102
22792
-18315
11059
-4055
-72
0
3865
-9561
14274
-15357
11272
-2224
-9855
21835
-30366
32949
-28719
18735
-5667
-7057
16299
-20167
18554
-13060
6391
-1377
0
-2699
8237
-14141
17557
-16296
9618
1415
-14207
25396
-31908
31908
-25396
14207
-1415
-9618
16296
-17557
14141
-8237
2699
0
1377
-6391
13060
-18554
20167
-16299
7057
5667
-18735
28719
-32949
30366
-21835
9855
2224
-11272
15357
-14274
9561
-3865
0
72
4055
-11059
18315
-22792
22102
-15371
3612
10501
-23410
31777
-33496
28356
-18075
5745
5176
-11959
13431
-10309
4840
0
-1621
-1260
8125
-16773
24038
-26858
23342
-13480
-754
15940
-28239
34571
-33547
25891
-14177
1976
7314
-11531
10408
-5593
0
3257
-1993
-4218
13818
-23731
30354
-30791
23845
-10527
-6157
22099
-33308
37147
-33128
23014
-10224
-1316
8443
-9764
6071
0
-4966
5741
-791
-9226
21592
-32336
37552
-34705
23542
-6309
-12876
29241
-38815
39626
-32297
19776
-6319
-3904
8205
-6220
0
6771
-10107
7174
2589
-17155
32412
-43475
46250
-38846
22302
-377
-21531
37990
-45239
42282
-31158
16215
-2610
-5407
5926
0
-8744
15409
-15587
7019
9440
-29872
48426
-59139
57892
-43834
19828
8324
-33587
49841
-53754
45781
-29936
12397
616
-4953
0
11101
-22502
27705
-21916
3948
23049
-52296
75347
-84730
76440
-51371
15294
22788
-53330
69183
-67822
52103
-29246
8376
2641
0
-14565
34174
-49017
49756
-30969
-6473
54997
-102184
134328
-140723
117283
-68238
5295
55627
-99206
115513
-103287
70512
-31945
4223
0
23033
-65853
111115
-136450
121627
-55946
-56470
195382
-327936
416440
-428506
346858
-175961
-56682
305294
-515820
638780
-641669
517740
-288611
0
288611
-517740
641669
-638780
515820
-305294
56682
175961
-346858
428506
-416440
327936
-195382
56470
55946
-121627
136450
-111115
65853
-23033
0
-4223
31945
-70512
103287
-115513
99206
-55627
-5295
68238
-117283
140723
-134328
102184
-54997
6473
30969
-49756
49017
-34174
14565
0
-2641
-8376
29246
-52103
67822
-69183
53330
-22788
-15294
51371
-76440
84730
-75347
52296
-23049
-3948
21916
-27705
22502
-11101
0
4953
-616
-12397
29936
-45781
53754
-49841
33587
-8324
-19828
43834
-57892
59139
-48426
29872
-9440
-7019
15587
-15409
8744
0
-5926
5407
2610
-16215
31158
-42282
45239
-37990
21531
377
-22302
38846
-46250
43475
-32412
17155
-2589
-7174
10107
-6771
0
6220
-8205
3904
6319
-19776
32297
-39626
38815
-29241
12876
6309
-23542
34705
-37552
32336
-21592
9226
791
-5741
4966
0
-6071
9764
-8443
1316
10224
-23014
33128
-37147
33308
-22099
6157
10527
-23845
30791
-30354
23731
-13818
4218
1993
-3257
0
5593
-10408
11531
-7314
-1976
14177
-25891
33547
-34571
28239
-15940
754
13480
-23342
26858
-24038
16773
-8125
1260
1621
0
-4840
10309
-13431
11959
-5176
-5745
18075
-28356
33496
-31777
23410
-10501
-3612
15371
-22102
22792
-18315
11059
-4055
-72
0
3865
-9561
14274
-15357
11272
-2224
-9855
21835
-30366
32949
-28719
18735
-5667
-7057
16299
-20167
18554
-13060
6391
-1377
0
-2699
8237
-14141
17557
-16296
9618
1415
-14207
25396
-31908
31908
-25396
14207
-1415
-9618
16296
-17557
14141
-8237
2699
0
1377
-6391
13060
-18554
20167
-16299
7057
5667
-18735
28719
-32949
30366
-21835
9855
2224
-11272
15357
-14274
9561
-3865
0
72
4055
-11059
18315
-22792
22102
-15371
3612
10501
-23410
31777
-33496
28356
-18075
5745
5176
-11959
13431
-10309
4840
0
-1621
-1260
8125
-16773
24038
-26858
23342
-13480
-754
15940
-28239
34571
-33547
25891
-14177
1976
7314
-11531
10408
-5593
0
3257
-1993
-4218
13818
-23731
30354
-30791
23845
-10527
-6157
22099
-33308
37147
-33128
23014
-10224
-1316
8443
-9764
6071
0
-4966
5741
-791
-9226
21592
-32336
37552
-34705
23542
-6309
-12876
29241
-38815
39626
-32297
19776
-6319
-3904
8205
-6220
0
6771
-10107
7174
2589
-17155
32412
-43475
46250
-38846
22302
-377
-21531
37990
-45239
42282
-31158
16215
-2610
-5407
5926
0
-8744
15409
-15587
7019
9440
-29872
48426
-59139
57892
-43834
19828
8324
-33587
49841
-53754
45781
-29936
12397
616
-4953
0
11101
-22502
27705
-21916
3948
23049
-52296
75347
-84730
76440
-51371
15294
22788
-53330
69183
-67822
52103
-29246
8376
2641
0
-14565
34174
-49017
49756
-30969
-6473
54997
-102184
134328
-140723
117283
-68238
5295
55627
-99206
115513
-103287
70512
-31945
4223
0
23033
-65853
111115
-136450
121627
-55946
-56470
195382
-327936
416440
-428506
346858
-175961
-56682
305294
-515820
638780
-641669
517740
-288611
0
288611
-517740
641669
-638780
515820
-305294
56682
175961
-346858
428506
-416440
327936
-195382
56470
55946
-121627
136450
-111115
65853
-23033
0
-4223
31945
-70512
103287
-115513
99206
-55627
-5295
68238
-117283
140723
-134328
102184
-54997
6473
30969
-49756
49017
-34174
14565
0
-2641
-8376
29246
-52103
67822
-69183
53330
-22788
-15294
51371
-76440
84730
-75347
52296
-23049
-3948
21916
-27705
22502
-11101
0
4953
-616
-12397
29936
-45781
53754
-49841
33587
-8324
-19828
43834
-57892
59139
-48426
29872
-9440
-7019
15587
-15409
8744
0
-5926
5407
2610
-16215
31158
-42282
45239
-37990
21531
377
-22302
38846
-46250
43475
-32412
17155
-2589
-7174
10107
-6771
0
6220
-8205
3904
6319
-19776
32297
-39626
38815
-29241
12876
6309
-23542
34705
-37552
32336
-21592
9226
791
-5741
4966
0
-6071
9764
-8443
1316
10224
-23014
33128
-37147
33308
-22099
6157
10527
-23845
30791
-30354
23731
-13818
4218
1993
-3257
0
5593
-10408
11531
-7314
-1976
14177
-25891
33547
-34571
28239
-15940
754
13480
-23342
26858
-24038
16773
-8125
1260
1621
0
-4840
10309
-13431
11959
-5176
-5745
18075
-28356
33496
-31777
23410
-10501
-3612
15371
-22102
22792
-18315
11059
-4055
-72
0
3865
-9561
14274
-15357
11272
-2224
-9855
21835
-30366
32949
-28719
18735
-5667
-7057
16299
-20167
18554
-13060
6391
-1377
0
-2699
8237
-14141
17557
-16296
9618
1415
-14207
25396
-31908
31908
-25396
14207
-1415
-9618
16296
-17557
14141
-8237
2699
0
1377
-6391
13060
-18554
20167
-16299
7057
5667
-18735
28719
-32949
30366
-21835
9855
2224
-11272
15357
-14274
9561
-3865
0
72
4055
-11059
18315
-22792
22102
-15371
3612
10501
-23410
31777
-33496
28356
-18075
5745
5176
-11959
13431
-10309
4840
0
-1621
-1260
8125
-16773
24038
-26858
23342
-13480
-754
15940
-28239
34571
-33547
25891
-14177
1976
7314
-11531
10408
-5593
0
3257
-1993
-4218
13818
-23731
30354
-30791
23845
-10527
-6157
22099
-33308
37147
-33128
23014
-10224
-1316
8443
-9764
6071
0
-4966
5741
-791
-9226
21592
-32336
37552
-34705
23542
-6309
-12876
29241
-38815
39626
-32297
19776
-6319
-3904
8205
-6220
0
6771
-10107
7174
2589
-17155
32412
-43475
46250
-38846
22302
-377
-21531
37990
-45239
42282
-31158
16215
-2610
-5407
5926
0
-8744
15409
-15587
7019
9440
-29872
48426
-59139
57892
-43834
19828
8324
-33587
49841
-53754
45781
-29936
12397
616
-4953
0
11101
-22502
27705
-21916
3948
23049
-52296
75347
-84730
76440
-51371
15294
22788
-53330
69183
-67822
52103
-29246
8376
2641
0
-14565
34174
-49017
49756
-30969
-6473
54997
-102184
134328
-140723
117283
-68238
5295
55627
-99206
115513
-103287
70512
-31945
4223
0
23033
-65853
111115
-136450
121627
-55946
-56470
195382
-327936
416440
-428506
346858
-175961
-56682
305294
-515820
638780
-641669
517740
-288611
0
288611
-517740
641669
-638780
515820
-305294
56682
175961
-346858
428506
-416440
327936
-195382
56470
55946
-121627
136450
-111115
65853
-23033
0
-4223
31945
-70512
103287
-115513
99206
-55627
-5295
68238
-117283
140723
-134328
102184
-54997
6473
30969
-49756
49017
-34174
14565
0
-2641
-8376
29246
-52103
67822
-69183
53330
-22788
-15294
51371
-76440
84730
-75347
52296
-23049
-3948
21916
-27705
22502
-11101
0
4953
-616
-12397
29936
-45781
53754
-49841
33587
-8324
-19828
43834
-57892
59139
-48426
29872
-9440
-7019
15587
-15409
8744
0
-5926
5407
2610
-16215
31158
-42282
45239
-37990
21531
377
-22302
38846
-46250
43475
-32412
17155
-2589
-7174
10107
-6771
0
6220
-8205
3904
6319
-19776
32297
-39626
38815
-29241
12876
6309
-23542
34705
-37552
32336
-21592
9226
791
-5741
4966
0
-6071
9764
-8443
1316
10224
-23014
33128
-37147
33308
-22099
6157
10527
-23845
30791
-30354
23731
-13818
4218
1993
-3257
0
5593
-10408
11531
-7314
-1976
14177
-25891
33547
-34571
28239
-15940
754
13480
-23342
26858
-24038
16773
-8125
1260
1621
0
-4840
10309
-13431
11959
-5176
-5745
18075
-28356
33496
-31777
23410
-10501
-3612
15371
-22102
22792
-18315
11059
-4055
-72
0
3865
-9561
14274
-15357
11272
-2224
-9855
21835
-30366
32949
-28719
18735
-5667
-7057
16299
-20167
18554
-13060
6391
-1377
0
-2699
8237
-14141
17557
-16296
9618
1415
-14207
25396
-31908
31908
-25396
14207
-1415
-9618
16296
-17557
14141
-8237
2699
0
1377
-6391
13060
-18554
20167
-16299
7057
5667
-18735
28719
-32949
30366
-21835
9855
2224
-11272
15357
-14274
9561
-3865
0
72
4055
-11059
18315
-22792
22102
-15371
3612
10501
-23410
31777
-33496
28356
-18075
5745
5176
-11959
13431
-10309
4840
0
-1621
-1260
8125
-16773
24038
-26858
23342
-13480
-754
15940
-28239
34571
-33547
25891
-14177
1976
7314
-11531
10408
-5593
0
3257
-1993
-4218
13818
-23731
30354
-30791
23845
-10527
-6157
22099
-33308
37147
-33128
23014
-10224
-1316
8443
-9764
6071
0
-4966
5741
-791
-9226
21592
-32336
37552
-34705
23542
-6309
-12876
29241
-38815
39626
-32297
19776
-6319
-3904
8205
-6220
0
6771
-10107
7174
2589
-17155
32412
-43475
46250
-38846
22302
-377
-21531
37990
-45239
42282
-31158
16215
-2610
-5407
5926
0
-8744
15409
-15587
7019
9440
-29872
48426
-59139
57892
-43834
19828
8324
-33587
49841
-53754
45781
-29936
12397
616
-4953
0
11101
-22502
27705
-21916
3948
23049
-52296
75347
-84730
76440
-51371
15294
22788
-53330
69183
-67822
52103
-29246
8376
2641
0
-14565
34174
-49017
49756
-30969
-6473
54997
-102184
134328
-140723
117283
-68238
5295
55627
-99206
115513
-103287
70512
-31945
4223
0
23033
-65853
111115
-136450
121627
-55946
-56470
195382
-327936
416440
-428506
346858
-175961
-56682
305294
-515820
638780
-641669
517740
-288611
0
288611
-517740
641669
-638780
515820
-305294
56682
175961
-346858
428506
-416440
327936
-195382
56470
55946
-121627
136450
-111115
65853
-23033
0
-4223
31945
-70512
103287
-115513
99206
-55627
-5295
68238
-117283
140723
-134328
102184
-54997
6473
30969
-49756
49017
-34174
14565
0
-2641
-8376
29246
-52103
67822
-69183
53330
-22788
-15294
51371
-76440
84730
-75347
52296
-23049
-3948
21916
-27705
22502
-11101
0
4953
-616
-12397
29936
-45781
53754
-49841
33587
-8324
-19828
43834
-57892
59139
-48426
29872
-9440
-7019
15587
-15409
8744
0
-5926
5407
2610
-16215
31158
-42282
45239
-37990
21531
377
-22302
38846
-46250
43475
-32412
17155
-2589
-7174
10107
-6771
0
6220
-8205
3904
6319
-19776
32297
-39626
38815
-29241
12876
6309
-23542
34705
-37552
32336
-21592
9226
791
-5741
4966
0
-6071
9764
-8443
1316
10224
-23014
33128
-37147
33308
-22099
6157
10527
-23845
30791
-30354
23731
-13818
4218
1993
-3257
0
5593
-10408
11531
-7314
-1976
14177
-25891
33547
-34571
28239
-15940
754
13480
-23342
26858
-24038
16773
-8125
1260
1621
0
-4840
10309
-13431
11959
-5176
-5745
18075
-28356
33496
-31777
23410
-10501
-3612
15371
-22102
22792
-18315
11059
-4055
-72
0
3865
-9561
14274
-15357
11272
-2224
-9855
21835
-30366
32949
-28719
18735
-5667
-7057
16299
-20167
18554
-13060
6391
-1377
0
-2699
8237
-14141
17557
-16296
9618
1415
-14207
25396
-31908
31908
-25396
14207
-1415
-9618
16296
-17557
14141
-8237
2699
0
1377
-6391
13060
-18554
20167
-16299
7057
5667
-18735
28719
-32949
30366
-21835
9855
2224
-11272
15357
-14274
9561
-3865
0
72
4055
-11059
18315
-22792
22102
-15371
3612
10501
-23410
31777
-33496
28356
-18075
5745
5176
-11959
13431
-10309
4840
0
-1621
-1260
8125
-16773
24038
-26858
23342
-13480
-754
15940
-28239
34571
-33547
25891
-14177
1976
7314
-11531
10408
-5593
0
3257
-1993
-4218
13818
-23731
30354
-30791
23845
-10527
-6157
22099
-33308
37147
-33128
23014
-10224
-1316
8443
-9764
6071
0
-4966
5741
-791
-9226
21592
-32336
37552
-34705
23542
-6309
-12876
29241
-38815
39626
-32297
19776
-6319
-3904
8205
-6220
0
6771
-10107
7174
2589
-17155
32412
-43475
46250
-38846
22302
-377
-21531
37990
-45239
42282
-31158
16215
-2610
-5407
5926
0
-8744
15409
-15587
7019
9440
-29872
48426
-59139
57892
-43834
19828
8324
-33587
49841
-53754
45781
-29936
12397
616
-4953
0
11101
-22502
27705
-21916
3948
23049
-52296
75347
-84730
76440
-51371
15294
22788
-53330
69183
-67822
52103
-29246
8376
2641
0
-14565
34174
-49017
49756
-30969
-6473
54997
-102184
134328
-140723
117283
-68238
5295
55627
-99206
115513
-103287
70512
-31945
4223
0
23033
-65853
111115
-136450
121627
-55946
-56470
195382
-327936
416440
-428506
346858
-175961
-56682
305294
-515820
638780
-641669
517740
-288611
0
288611
-517740
641669
-638780
515820
-305294
56682
175961
-346858
428506
-416440
327936
-195382
56470
55946
-121627
136450
-111115
65853
-23033
0
-4223
31945
-70512
103287
-115513
99206
-55627
-5295
68238
-117283
140723
-134328
102184
-54997
6473
30969
-49756
49017
-34174
14565
0
-2641
-8376
29246
-52103
67822
-69183
53330
-22788
-15294
51371
-76440
84730
-75347
52296
-23049
-3948
21916
-27705
22502
-11101
0
4953
-616
-12397
29936
-45781
53754
-49841
33587
-8324
-19828
43834
-57892
59139
-48426
29872
-9440
-7019
15587
-15409
8744
0
-5926
5407
2610
-16215
31158
-42282
45239
-37990
21531
377
-22302
38846
-46250
43475
-32412
17155
-2589
-7174
10107
-6771
0
6220
-8205
3904
6319
-19776
32297
-39626
38815
-29241
12876
6309
-23542
34705
-37552
32336
-21592
9226
791
-5741
4966
0
-6071
9764
-8443
1316
10224
-23014
33128
-37147
33308
-22099
6157
10527
-23845
30791
-30354
23731
-13818
4218
1993
-3257
0
5593
-10408
11531
-7314
-1976
14177
-25891
33547
-34571
28239
-15940
754
13480
-23342
26858
-24038
16773
-8125
1260
1621
0
-4840
10309
-13431
11959
-5176
-5745
18075
-28356
33496
-31777
23410
-10501
-3612
15371
-22102
22792
-18315
11059
-4055
-72
0
3865
-9561
14274
-15357
11272
-2224
-9855
21835
-30366
32949
-28719
18735
-5667
-7057
16299
-20167
18554
-13060
6391
-1377
0
-2699
8237
-14141
17557
-16296
9618
1415
-14207
25396
-31908
31908
-25396
14207
-1415
-9618
16296
-17557
14141
-8237
2699
0
1377
-6391
13060
-18554
20167
-16299
7057
5667
-18735
28719
-32949
30366
-21835
9855
2224
-11272
15357
-14274
9561
-3865
0
72
4055
-11059
18315
-22792
22102
-15371
3612
10501
-23410
31777
-33496
28356
-18075
5745
5176
-11959
13431
-10309
4840
0
-1621
-1260
8125
-16773
24038
-26858
23342
-13480
-754
15940
-28239
34571
-33547
25891
-14177
1976
7314
-11531
10408
-5593
0
3257
-1993
-4218
13818
-23731
30354
-30791
23845
-10527
-6157
22099
-33308
37147
-33128
23014
-10224
-1316
8443
-9764
6071
0
-4966
5741
-791
-9226
21592
-32336
37552
-34705
23542
-6309
-12876
29241
-38815
39626
-32297
19776
-6319
-3904
8205
-6220
0
6771
-10107
7174
2589
-17155
32412
-43475
46250
-38846
22302
-377
-21531
37990
-45239
42282
-31158
16215
-2610
-5407
5926
0
-8744
15409
-15587
7019
9440
-29872
48426
-59139
57892
-43834
19828
8324
-33587
49841
-53754
45781
-29936
12397
616
-4953
0
11101
-22502
27705
-21916
3948
23049
-52296
75347
-84730
76440
-51371
15294
22788
-53330
69183
-67822
52103
-29246
8376
2641
0
-14565
34174
-49017
49756
-30969
-6473
54997
-102184
134328
-140723
117283
-68238
5295
55627
-99206
115513
-103287
70512
-31945
4223
0
23033
-65853
111115
-136450
121627
-55946
-56470
195382
-327936
416440
-428506
346858
-175961
-56682
305294
-515820
638780
-641669
517740
-288611
0
288611
-517740
641669
-638780
515820
-305294
56682
175961
-346858
428506
-416440
327936
-195382
56470
55946
-121627
136450
-111115
65853
-23033
0
-4223
31945
-70512
103287
-115513
99206
-55627
-5295
68238
-117283
140723
-134328
102184
-54997
6473
30969
-49756
49017
-34174
14565
0
-2641
-8376
29246
-52103
67822
-69183
53330
-22788
-15294
51371
-76440
84730
-75347
52296
-23049
-3948
21916
-27705
22502
-11101
0
4953
-616
-12397
29936
-45781
53754
-49841
33587
-8324
-19828
43834
-57892
59139
-48426
29872
-9440
-7019
15587
-15409
8744
0
-5926
5407
2610
-16215
31158
-42282
45239
-37990
21531
377
-22302
38846
-46250
43475
-32412
17155
-2589
-7174
10107
-6771
0
6220
-8205
3904
6319
-19776
32297
-39626
38815
-29241
12876
6309
-23542
34705
-37552
32336
-21592
9226
791
-5741
4966
0
-6071
9764
-8443
1316
10224
-23014
33128
-37147
33308
-22099
6157
10527
-23845
30791
-30354
23731
-13818
4218
1993
-3257
0
5593
-10408
11531
-7314
-1976
14177
-25891
33547
-34571
28239
-15940
754
13480
-23342
26858
-24038
16773
-8125
1260
1621
0
-4840
10309
-13431
11959
-5176
-5745
18075
-28356
33496
-31777
23410
-10501
-3612
15371
-22102
22792
-18315
11059
-4055
-72
0
3865
-9561
14274
-15357
11272
-2224
-9855
21835
-30366
32949
-28719
18735
-5667
-7057
16299
-20167
18554
-13060
6391
-1377
0
-2699
8237
-14141
17557
-16296
9618
1415
-14207
25396
-31908
31908
-25396
14207
-1415
-9618
16296
-17557
14141
-8237
2699
0
1377
-6391
13060
-18554
20167
-16299
7057
5667
-18735
28719
-32949
30366
-21835
9855
2224
-11272
15357
-14274
9561
-3865
0
72
4055
-11059
18315
-22792
22102
-15371
3612
10501
-23410
31777
-33496
28356
-18075
5745
5176
-11959
13431
-10309
4840
0
-1621
-1260
8125
-16773
24038
-26858
23342
-13480
-754
15940
-28239
34571
-33547
25891
-14177
1976
7314
-11531
10408
-5593
0
3257
-1993
-4218
13818
-23731
30354
-30791
23845
-10527
-6157
22099
-33308
37147
-33128
23014
-10224
-1316
8443
-9764
6071
0
-4966
5741
-791
-9226
21592
-32336
37552
-34705
23542
-6309
-12876
29241
-38815
39626
-32297
19776
-6319
-3904
8205
-6220
0
6771
-10107
7174
2589
-17155
32412
-43475
46250
-38846
22302
-377
-21531
37990
-45239
42282
-31158
16215
-2610
-5407
5926
0
-8744
15409
-15587
7019
9440
-29872
48426
-59139
57892
-43834
19828
8324
-33587
49841
-53754
45781
-29936
12397
616
-4953
0
11101
-22502
27705
-21916
3948
23049
-52296
75347
-84730
76440
-51371
15294
22788
-53330
69183
-67822
52103
-29246
8376
2641
0
-14565
34174
-49017
49756
-30969
-6473
54997
-102184
134328
-140723
117283
-68238
5295
55627
-99206
115513
-103287
70512
-31945
4223
0
23033
-65853
111115
-136450
121627
-55946
-56470
195382
-327936
416440
-428506
346858
-175961
-56682
305294
-515820
638780
-641669
517740
-288611
