0
12079
-22457
29671
-32706
31133
-25175
15670
-3958
-8311
19410
-27775
32227
-32139
27524
-19032
7859
4421
-16079
25471
-31276
32674
-29470
22115
-11644
-467
12512
-22795
29866
-32731
30985
-24874
15259
-3495
-8762
19784
-28020
32308
-32045
27268
-18650
7405
4884
-16484
25762
-31412
32636
-29263
21768
-11207
-934
12942
-23128
30055
-32749
30830
-24567
14844
-3030
-9211
20154
-28259
32382
-31944
27007
-18264
6949
5345
-16886
26048
-31541
32591
-29050
21417
-10767
-1400
13370
-23456
30238
-32761
30668
-24256
14427
-2565
-9658
20520
-28492
32450
-31837
26740
-17875
6492
5805
-17284
26329
-31665
32540
-28831
21062
-10325
-1866
13795
-23780
30415
-32766
30501
-23940
14006
-2099
-10103
20882
-28720
32512
-31724
26467
-17482
6034
6264
-17679
26604
-31781
32482
-28607
20702
-9881
-2332
14217
-24098
30586
-32764
30327
-23618
13583
-1633
-10546
21240
-28942
32566
-31604
26189
-17085
5575
6721
-18070
26874
-31892
32417
-28376
20338
-9435
-2798
14636
-24412
30750
-32756
30148
-23293
13156
-1167
-10987
21593
-29158
32615
-31477
25906
-16685
5114
7177
-18458
27138
-31996
32346
-28140
19970
-8987
-3262
15052
-24721
30908
-32741
29962
-22962
12727
-700
-11426
21942
-29368
32656
-31345
25617
-16282
4653
7632
-18842
27397
-32093
32268
-27898
19598
-8537
-3727
15465
-25025
31060
-32719
29770
-22626
12296
-233
-11862
22287
-29572
32691
-31205
25324
-15875
4190
8085
-19222
27650
-32184
32184
-27650
19222
-8085
-4190
15875
-25324
31205
-32691
29572
-22287
11862
233
-12296
22626
-29770
32719
-31060
25025
-15465
3727
8537
-19598
27898
-32268
32093
-27397
18842
-7632
-4653
16282
-25617
31345
-32656
29368
-21942
11426
700
-12727
22962
-29962
32741
-30908
24721
-15052
3262
8987
-19970
28140
-32346
31996
-27138
18458
-7177
-5114
16685
-25906
31477
-32615
29158
-21593
10987
1167
-13156
23293
-30148
32756
-30750
24412
-14636
2798
9435
-20338
28376
-32417
31892
-26874
18070
-6721
-5575
17085
-26189
31604
-32566
28942
-21240
10546
1633
-13583
23618
-30327
32764
-30586
24098
-14217
2332
9881
-20702
28607
-32482
31781
-26604
17679
-6264
-6034
17482
-26467
31724
-32512
28720
-20882
10103
2099
-14006
23940
-30501
32766
-30415
23780
-13795
1866
10325
-21062
28831
-32540
31665
-26329
17284
-5805
-6492
17875
-26740
31837
-32450
28492
-20520
9658
2565
-14427
24256
-30668
32761
-30238
23456
-13370
1400
10767
-21417
29050
-32591
31541
-26048
16886
-5345
-6949
18264
-27007
31944
-32382
28259
-20154
9211
3030
-14844
24567
-30830
32749
-30055
23128
-12942
934
11207
-21768
29263
-32636
31412
-25762
16484
-4884
-7405
18650
-27268
32045
-32308
28020
-19784
8762
3495
-15259
24874
-30985
32731
-29866
22795
-12512
467
11644
-22115
29470
-32674
31276
-25471
16079
-4421
-7859
19032
-27524
32139
-32227
27775
-19410
8311
3958
-15670
25175
-31133
32706
-29671
22457
-12079
0
12079
-22457
29671
-32706
31133
-25175
15670
-3958
-8311
19410
-27775
32227
-32139
27524
-19032
7859
4421
-16079
25471
-31276
32674
-29470
22115
-11644
-467
12512
-22795
29866
-32731
30985
-24874
15259
-3495
-8762
19784
-28020
32308
-32045
27268
-18650
7405
4884
-16484
25762
-31412
32636
-29263
21768
-11207
-934
12942
-23128
30055
-32749
30830
-24567
14844
-3030
-9211
20154
-28259
32382
-31944
27007
-18264
6949
5345
-16886
26048
-31541
32591
-29050
21417
-10767
-1400
13370
-23456
30238
-32761
30668
-24256
14427
-2565
-9658
20520
-28492
32450
-31837
26740
-17875
6492
5805
-17284
26329
-31665
32540
-28831
21062
-10325
-1866
13795
-23780
30415
-32766
30501
-23940
14006
-2099
-10103
20882
-28720
32512
-31724
26467
-17482
6034
6264
-17679
26604
-31781
32482
-28607
20702
-9881
-2332
14217
-24098
30586
-32764
30327
-23618
13583
-1633
-10546
21240
-28942
32566
-31604
26189
-17085
5575
6721
-18070
26874
-31892
32417
-28376
20338
-9435
-2798
14636
-24412
30750
-32756
30148
-23293
13156
-1167
-10987
21593
-29158
32615
-31477
25906
-16685
5114
7177
-18458
27138
-31996
32346
-28140
19970
-8987
-3262
15052
-24721
30908
-32741
29962
-22962
12727
-700
-11426
21942
-29368
32656
-31345
25617
-16282
4653
7632
-18842
27397
-32093
32268
-27898
19598
-8537
-3727
15465
-25025
31060
-32719
29770
-22626
12296
-233
-11862
22287
-29572
32691
-31205
25324
-15875
4190
8085
-19222
27650
-32184
32184
-27650
19222
-8085
-4190
15875
-25324
31205
-32691
29572
-22287
11862
233
-12296
22626
-29770
32719
-31060
25025
-15465
3727
8537
-19598
27898
-32268
32093
-27397
18842
-7632
-4653
16282
-25617
31345
-32656
29368
-21942
11426
700
-12727
22962
-29962
32741
-30908
24721
-15052
3262
8987
-19970
28140
-32346
31996
-27138
18458
-7177
-5114
16685
-25906
31477
-32615
29158
-21593
10987
1167
-13156
23293
-30148
32756
-30750
24412
-14636
2798
9435
-20338
28376
-32417
31892
-26874
18070
-6721
-5575
17085
-26189
31604
-32566
28942
-21240
10546
1633
-13583
23618
-30327
32764
-30586
24098
-14217
2332
9881
-20702
28607
-32482
31781
-26604
17679
-6264
-6034
17482
-26467
31724
-32512
28720
-20882
10103
2099
-14006
23940
-30501
32766
-30415
23780
-13795
1866
10325
-21062
28831
-32540
31665
-26329
17284
-5805
-6492
17875
-26740
31837
-32450
28492
-20520
9658
2565
-14427
24256
-30668
32761
-30238
23456
-13370
1400
10767
-21417
29050
-32591
31541
-26048
16886
-5345
-6949
18264
-27007
31944
-32382
28259
-20154
9211
3030
-14844
24567
-30830
32749
-30055
23128
-12942
934
11207
-21768
29263
-32636
31412
-25762
16484
-4884
-7405
18650
-27268
32045
-32308
28020
-19784
8762
3495
-15259
24874
-30985
32731
-29866
22795
-12512
467
11644
-22115
29470
-32674
31276
-25471
16079
-4421
-7859
19032
-27524
32139
-32227
27775
-19410
8311
3958
-15670
25175
-31133
32706
-29671
22457
-12079
0
12079
-22457
29671
-32706
31133
-25175
15670
-3958
-8311
19410
-27775
32227
-32139
27524
-19032
7859
4421
-16079
25471
-31276
32674
-29470
22115
-11644
-467
12512
-22795
29866
-32731
30985
-24874
15259
-3495
-8762
19784
-28020
32308
-32045
27268
-18650
7405
4884
-16484
25762
-31412
32636
-29263
21768
-11207
-934
12942
-23128
30055
-32749
30830
-24567
14844
-3030
-9211
20154
-28259
32382
-31944
27007
-18264
6949
5345
-16886
26048
-31541
32591
-29050
21417
-10767
-1400
13370
-23456
30238
-32761
30668
-24256
14427
-2565
-9658
20520
-28492
32450
-31837
26740
-17875
6492
5805
-17284
26329
-31665
32540
-28831
21062
-10325
-1866
13795
-23780
30415
-32766
30501
-23940
14006
-2099
-10103
20882
-28720
32512
-31724
26467
-17482
6034
6264
-17679
26604
-31781
32482
-28607
20702
-9881
-2332
14217
-24098
30586
-32764
30327
-23618
13583
-1633
-10546
21240
-28942
32566
-31604
26189
-17085
5575
6721
-18070
26874
-31892
32417
-28376
20338
-9435
-2798
14636
-24412
30750
-32756
30148
-23293
13156
-1167
-10987
21593
-29158
32615
-31477
25906
-16685
5114
7177
-18458
27138
-31996
32346
-28140
19970
-8987
-3262
15052
-24721
30908
-32741
29962
-22962
12727
-700
-11426
21942
-29368
32656
-31345
25617
-16282
4653
7632
-18842
27397
-32093
32268
-27898
19598
-8537
-3727
15465
-25025
31060
-32719
29770
-22626
12296
-233
-11862
22287
-29572
32691
-31205
25324
-15875
4190
8085
-19222
27650
-32184
32184
-27650
19222
-8085
-4190
15875
-25324
31205
-32691
29572
-22287
11862
233
-12296
22626
-29770
32719
-31060
25025
-15465
3727
8537
-19598
27898
-32268
32093
-27397
18842
-7632
-4653
16282
-25617
31345
-32656
29368
-21942
11426
700
-12727
22962
-29962
32741
-30908
24721
-15052
3262
8987
-19970
28140
-32346
31996
-27138
18458
-7177
-5114
16685
-25906
31477
-32615
29158
-21593
10987
1167
-13156
23293
-30148
32756
-30750
24412
-14636
2798
9435
-20338
28376
-32417
31892
-26874
18070
-6721
-5575
17085
-26189
31604
-32566
28942
-21240
10546
1633
-13583
23618
-30327
32764
-30586
24098
-14217
2332
9881
-20702
28607
-32482
31781
-26604
17679
-6264
-6034
17482
-26467
31724
-32512
28720
-20882
10103
2099
-14006
23940
-30501
32766
-30415
23780
-13795
1866
10325
-21062
28831
-32540
31665
-26329
17284
-5805
-6492
17875
-26740
31837
-32450
28492
-20520
9658
2565
-14427
24256
-30668
32761
-30238
23456
-13370
1400
10767
-21417
29050
-32591
31541
-26048
16886
-5345
-6949
18264
-27007
31944
-32382
28259
-20154
9211
3030
-14844
24567
-30830
32749
-30055
23128
-12942
934
11207
-21768
29263
-32636
31412
-25762
16484
-4884
-7405
18650
-27268
32045
-32308
28020
-19784
8762
3495
-15259
24874
-30985
32731
-29866
22795
-12512
467
11644
-22115
29470
-32674
31276
-25471
16079
-4421
-7859
19032
-27524
32139
-32227
27775
-19410
8311
3958
-15670
25175
-31133
32706
-29671
22457
-12079
0
12079
-22457
29671
-32706
31133
-25175
15670
-3958
-8311
19410
-27775
32227
-32139
27524
-19032
7859
4421
-16079
25471
-31276
32674
-29470
22115
-11644
-467
12512
-22795
29866
-32731
30985
-24874
15259
-3495
-8762
19784
-28020
32308
-32045
27268
-18650
7405
4884
-16484
25762
-31412
32636
-29263
21768
-11207
-934
12942
-23128
30055
-32749
30830
-24567
14844
-3030
-9211
20154
-28259
32382
-31944
27007
-18264
6949
5345
-16886
26048
-31541
32591
-29050
21417
-10767
-1400
13370
-23456
30238
-32761
30668
-24256
14427
-2565
-9658
20520
-28492
32450
-31837
26740
-17875
6492
5805
-17284
26329
-31665
32540
-28831
21062
-10325
-1866
13795
-23780
30415
-32766
30501
-23940
14006
-2099
-10103
20882
-28720
32512
-31724
26467
-17482
6034
6264
-17679
26604
-31781
32482
-28607
20702
-9881
-2332
14217
-24098
30586
-32764
30327
-23618
13583
-1633
-10546
21240
-28942
32566
-31604
26189
-17085
5575
6721
-18070
26874
-31892
32417
-28376
20338
-9435
-2798
14636
-24412
30750
-32756
30148
-23293
13156
-1167
-10987
21593
-29158
32615
-31477
25906
-16685
5114
7177
-18458
27138
-31996
32346
-28140
19970
-8987
-3262
15052
-24721
30908
-32741
29962
-22962
12727
-700
-11426
21942
-29368
32656
-31345
25617
-16282
4653
7632
-18842
27397
-32093
32268
-27898
19598
-8537
-3727
15465
-25025
31060
-32719
29770
-22626
12296
-233
-11862
22287
-29572
32691
-31205
25324
-15875
4190
8085
-19222
27650
-32184
32184
-27650
19222
-8085
-4190
15875
-25324
31205
-32691
29572
-22287
11862
233
-12296
22626
-29770
32719
-31060
25025
-15465
3727
8537
-19598
27898
-32268
32093
-27397
18842
-7632
-4653
16282
-25617
31345
-32656
29368
-21942
11426
700
-12727
22962
-29962
32741
-30908
24721
-15052
3262
8987
-19970
28140
-32346
31996
-27138
18458
-7177
-5114
16685
-25906
31477
-32615
29158
-21593
10987
1167
-13156
23293
-30148
32756
-30750
24412
-14636
2798
9435
-20338
28376
-32417
31892
-26874
18070
-6721
-5575
17085
-26189
31604
-32566
28942
-21240
10546
1633
-13583
23618
-30327
32764
-30586
24098
-14217
2332
9881
-20702
28607
-32482
31781
-26604
17679
-6264
-6034
17482
-26467
31724
-32512
28720
-20882
10103
2099
-14006
23940
-30501
32766
-30415
23780
-13795
1866
10325
-21062
28831
-32540
31665
-26329
17284
-5805
-6492
17875
-26740
31837
-32450
28492
-20520
9658
2565
-14427
24256
-30668
32761
-30238
23456
-13370
1400
10767
-21417
29050
-32591
31541
-26048
16886
-5345
-6949
18264
-27007
31944
-32382
28259
-20154
9211
3030
-14844
24567
-30830
32749
-30055
23128
-12942
934
11207
-21768
29263
-32636
31412
-25762
16484
-4884
-7405
18650
-27268
32045
-32308
28020
-19784
8762
3495
-15259
24874
-30985
32731
-29866
22795
-12512
467
11644
-22115
29470
-32674
31276
-25471
16079
-4421
-7859
19032
-27524
32139
-32227
27775
-19410
8311
3958
-15670
25175
-31133
32706
-29671
22457
-12079
0
12079
-22457
29671
-32706
31133
-25175
15670
-3958
-8311
19410
-27775
32227
-32139
27524
-19032
7859
4421
-16079
25471
-31276
32674
-29470
22115
-11644
-467
12512
-22795
29866
-32731
30985
-24874
15259
-3495
-8762
19784
-28020
32308
-32045
27268
-18650
7405
4884
-16484
25762
-31412
32636
-29263
21768
-11207
-934
12942
-23128
30055
-32749
30830
-24567
14844
-3030
-9211
20154
-28259
32382
-31944
27007
-18264
6949
5345
-16886
26048
-31541
32591
-29050
21417
-10767
-1400
13370
-23456
30238
-32761
30668
-24256
14427
-2565
-9658
20520
-28492
32450
-31837
26740
-17875
6492
5805
-17284
26329
-31665
32540
-28831
21062
-10325
-1866
13795
-23780
30415
-32766
30501
-23940
14006
-2099
-10103
20882
-28720
32512
-31724
26467
-17482
6034
6264
-17679
26604
-31781
32482
-28607
20702
-9881
-2332
14217
-24098
30586
-32764
30327
-23618
13583
-1633
-10546
21240
-28942
32566
-31604
26189
-17085
5575
6721
-18070
26874
-31892
32417
-28376
20338
-9435
-2798
14636
-24412
30750
-32756
30148
-23293
13156
-1167
-10987
21593
-29158
32615
-31477
25906
-16685
5114
7177
-18458
27138
-31996
32346
-28140
19970
-8987
-3262
15052
-24721
30908
-32741
29962
-22962
12727
-700
-11426
21942
-29368
32656
-31345
25617
-16282
4653
7632
-18842
27397
-32093
32268
-27898
19598
-8537
-3727
15465
-25025
31060
-32719
29770
-22626
12296
-233
-11862
22287
-29572
32691
-31205
25324
-15875
4190
8085
-19222
27650
-32184
32184
-27650
19222
-8085
-4190
15875
-25324
31205
-32691
29572
-22287
11862
233
-12296
22626
-29770
32719
-31060
25025
-15465
3727
8537
-19598
27898
-32268
32093
-27397
18842
-7632
-4653
16282
-25617
31345
-32656
29368
-21942
11426
700
-12727
22962
-29962
32741
-30908
24721
-15052
3262
8987
-19970
28140
-32346
31996
-27138
18458
-7177
-5114
16685
-25906
31477
-32615
29158
-21593
10987
1167
-13156
23293
-30148
32756
-30750
24412
-14636
2798
9435
-20338
28376
-32417
31892
-26874
18070
-6721
-5575
17085
-26189
31604
-32566
28942
-21240
10546
1633
-13583
23618
-30327
32764
-30586
24098
-14217
2332
9881
-20702
28607
-32482
31781
-26604
17679
-6264
-6034
17482
-26467
31724
-32512
28720
-20882
10103
2099
-14006
23940
-30501
32766
-30415
23780
-13795
1866
10325
-21062
28831
-32540
31665
-26329
17284
-5805
-6492
17875
-26740
31837
-32450
28492
-20520
9658
2565
-14427
24256
-30668
32761
-30238
23456
-13370
1400
10767
-21417
29050
-32591
31541
-26048
16886
-5345
-6949
18264
-27007
31944
-32382
28259
-20154
9211
3030
-14844
24567
-30830
32749
-30055
23128
-12942
934
11207
-21768
29263
-32636
31412
-25762
16484
-4884
-7405
18650
-27268
32045
-32308
28020
-19784
8762
3495
-15259
24874
-30985
32731
-29866
22795
-12512
467
11644
-22115
29470
-32674
31276
-25471
16079
-4421
-7859
19032
-27524
32139
-32227
27775
-19410
8311
3958
-15670
25175
-31133
32706
-29671
22457
-12079
0
12079
-22457
29671
-32706
31133
-25175
15670
-3958
-8311
19410
-27775
32227
-32139
27524
-19032
7859
4421
-16079
25471
-31276
32674
-29470
22115
-11644
-467
12512
-22795
29866
-32731
30985
-24874
15259
-3495
-8762
19784
-28020
32308
-32045
27268
-18650
7405
4884
-16484
25762
-31412
32636
-29263
21768
-11207
-934
12942
-23128
30055
-32749
30830
-24567
14844
-3030
-9211
20154
-28259
32382
-31944
27007
-18264
6949
5345
-16886
26048
-31541
32591
-29050
21417
-10767
-1400
13370
-23456
30238
-32761
30668
-24256
14427
-2565
-9658
20520
-28492
32450
-31837
26740
-17875
6492
5805
-17284
26329
-31665
32540
-28831
21062
-10325
-1866
13795
-23780
30415
-32766
30501
-23940
14006
-2099
-10103
20882
-28720
32512
-31724
26467
-17482
6034
6264
-17679
26604
-31781
32482
-28607
20702
-9881
-2332
14217
-24098
30586
-32764
30327
-23618
13583
-1633
-10546
21240
-28942
32566
-31604
26189
-17085
5575
6721
-18070
26874
-31892
32417
-28376
20338
-9435
-2798
14636
-24412
30750
-32756
30148
-23293
13156
-1167
-10987
21593
-29158
32615
-31477
25906
-16685
5114
7177
-18458
27138
-31996
32346
-28140
19970
-8987
-3262
15052
-24721
30908
-32741
29962
-22962
12727
-700
-11426
21942
-29368
32656
-31345
25617
-16282
4653
7632
-18842
27397
-32093
32268
-27898
19598
-8537
-3727
15465
-25025
31060
-32719
29770
-22626
12296
-233
-11862
22287
-29572
32691
-31205
25324
-15875
4190
8085
-19222
27650
-32184
32184
-27650
19222
-8085
-4190
15875
-25324
31205
-32691
29572
-22287
11862
233
-12296
22626
-29770
32719
-31060
25025
-15465
3727
8537
-19598
27898
-32268
32093
-27397
18842
-7632
-4653
16282
-25617
31345
-32656
29368
-21942
11426
700
-12727
22962
-29962
32741
-30908
24721
-15052
3262
8987
-19970
28140
-32346
31996
-27138
18458
-7177
-5114
16685
-25906
31477
-32615
29158
-21593
10987
1167
-13156
23293
-30148
32756
-30750
24412
-14636
2798
9435
-20338
28376
-32417
31892
-26874
18070
-6721
-5575
17085
-26189
31604
-32566
28942
-21240
10546
1633
-13583
23618
-30327
32764
-30586
24098
-14217
2332
9881
-20702
28607
-32482
31781
-26604
17679
-6264
-6034
17482
-26467
31724
-32512
28720
-20882
10103
2099
-14006
23940
-30501
32766
-30415
23780
-13795
1866
10325
-21062
28831
-32540
31665
-26329
17284
-5805
-6492
17875
-26740
31837
-32450
28492
-20520
9658
2565
-14427
24256
-30668
32761
-30238
23456
-13370
1400
10767
-21417
29050
-32591
31541
-26048
16886
-5345
-6949
18264
-27007
31944
-32382
28259
-20154
9211
3030
-14844
24567
-30830
32749
-30055
23128
-12942
934
11207
-21768
29263
-32636
31412
-25762
16484
-4884
-7405
18650
-27268
32045
-32308
28020
-19784
8762
3495
-15259
24874
-30985
32731
-29866
22795
-12512
467
11644
-22115
29470
-32674
31276
-25471
16079
-4421
-7859
19032
-27524
32139
-32227
27775
-19410
8311
3958
-15670
25175
-31133
32706
-29671
22457
-12079
0
12079
-22457
29671
-32706
31133
-25175
15670
-3958
-8311
19410
-27775
32227
-32139
27524
-19032
7859
4421
-16079
25471
-31276
32674
-29470
22115
-11644
-467
12512
-22795
29866
-32731
30985
-24874
15259
-3495
-8762
19784
-28020
32308
-32045
27268
-18650
7405
4884
-16484
25762
-31412
32636
-29263
21768
-11207
-934
12942
-23128
30055
-32749
30830
-24567
14844
-3030
-9211
20154
-28259
32382
-31944
27007
-18264
6949
5345
-16886
26048
-31541
32591
-29050
21417
-10767
-1400
13370
-23456
30238
-32761
30668
-24256
14427
-2565
-9658
20520
-28492
32450
-31837
26740
-17875
6492
5805
-17284
26329
-31665
32540
-28831
21062
-10325
-1866
13795
-23780
30415
-32766
30501
-23940
14006
-2099
-10103
20882
-28720
32512
-31724
26467
-17482
6034
6264
-17679
26604
-31781
32482
-28607
20702
-9881
-2332
14217
-24098
30586
-32764
30327
-23618
13583
-1633
-10546
21240
-28942
32566
-31604
26189
-17085
5575
6721
-18070
26874
-31892
32417
-28376
20338
-9435
-2798
14636
-24412
30750
-32756
30148
-23293
13156
-1167
-10987
21593
-29158
32615
-31477
25906
-16685
5114
7177
-18458
27138
-31996
32346
-28140
19970
-8987
-3262
15052
-24721
30908
-32741
29962
-22962
12727
-700
-11426
21942
-29368
32656
-31345
25617
-16282
4653
7632
-18842
27397
-32093
32268
-27898
19598
-8537
-3727
15465
-25025
31060
-32719
29770
-22626
12296
-233
-11862
22287
-29572
32691
-31205
25324
-15875
4190
8085
-19222
27650
-32184
32184
-27650
19222
-8085
-4190
15875
-25324
31205
-32691
29572
-22287
11862
233
-12296
22626
-29770
32719
-31060
25025
-15465
3727
8537
-19598
27898
-32268
32093
-27397
18842
-7632
-4653
16282
-25617
31345
-32656
29368
-21942
11426
700
-12727
22962
-29962
32741
-30908
24721
-15052
3262
8987
-19970
28140
-32346
31996
-27138
18458
-7177
-5114
16685
-25906
31477
-32615
29158
-21593
10987
1167
-13156
23293
-30148
32756
-30750
24412
-14636
2798
9435
-20338
28376
-32417
31892
-26874
18070
-6721
-5575
17085
-26189
31604
-32566
28942
-21240
10546
1633
-13583
23618
-30327
32764
-30586
24098
-14217
2332
9881
-20702
28607
-32482
31781
-26604
17679
-6264
-6034
17482
-26467
31724
-32512
28720
-20882
10103
2099
-14006
23940
-30501
32766
-30415
23780
-13795
1866
10325
-21062
28831
-32540
31665
-26329
17284
-5805
-6492
17875
-26740
31837
-32450
28492
-20520
9658
2565
-14427
24256
-30668
32761
-30238
23456
-13370
1400
10767
-21417
29050
-32591
31541
-26048
16886
-5345
-6949
18264
-27007
31944
-32382
28259
-20154
9211
3030
-14844
24567
-30830
32749
-30055
23128
-12942
934
11207
-21768
29263
-32636
31412
-25762
16484
-4884
-7405
18650
-27268
32045
-32308
28020
-19784
8762
3495
-15259
24874
-30985
32731
-29866
22795
-12512
467
11644
-22115
29470
-32674
31276
-25471
16079
-4421
-7859
19032
-27524
32139
-32227
27775
-19410
8311
3958
-15670
25175
-31133
32706
-29671
22457
-12079
0
12079
-22457
29671
-32706
31133
-25175
15670
-3958
-8311
19410
-27775
32227
-32139
27524
-19032
7859
4421
-16079
25471
-31276
32674
-29470
22115
-11644
-467
12512
-22795
29866
-32731
30985
-24874
15259
-3495
-8762
19784
-28020
32308
-32045
27268
-18650
7405
4884
-16484
25762
-31412
32636
-29263
21768
-11207
-934
12942
-23128
30055
-32749
30830
-24567
14844
-3030
-9211
20154
-28259
32382
-31944
27007
-18264
6949
5345
-16886
26048
-31541
32591
-29050
21417
-10767
-1400
13370
-23456
30238
-32761
30668
-24256
14427
-2565
-9658
20520
-28492
32450
-31837
26740
-17875
6492
5805
-17284
26329
-31665
32540
-28831
21062
-10325
-1866
13795
-23780
30415
-32766
30501
-23940
14006
-2099
-10103
20882
-28720
32512
-31724
26467
-17482
6034
6264
-17679
26604
-31781
32482
-28607
20702
-9881
-2332
14217
-24098
30586
-32764
30327
-23618
13583
-1633
-10546
21240
-28942
32566
-31604
26189
-17085
5575
6721
-18070
26874
-31892
32417
-28376
20338
-9435
-2798
14636
-24412
30750
-32756
30148
-23293
13156
-1167
-10987
21593
-29158
32615
-31477
25906
-16685
5114
7177
-18458
27138
-31996
32346
-28140
19970
-8987
-3262
15052
-24721
30908
-32741
29962
-22962
12727
-700
-11426
21942
-29368
32656
-31345
25617
-16282
4653
7632
-18842
27397
-32093
32268
-27898
19598
-8537
-3727
15465
-25025
31060
-32719
29770
-22626
12296
-233
-11862
22287
-29572
32691
-31205
25324
-15875
4190
8085
-19222
27650
-32184
32184
-27650
19222
-8085
-4190
15875
-25324
31205
-32691
29572
-22287
11862
233
-12296
22626
-29770
32719
-31060
25025
-15465
3727
8537
-19598
27898
-32268
32093
-27397
18842
-7632
-4653
16282
-25617
31345
-32656
29368
-21942
11426
700
-12727
22962
-29962
32741
-30908
24721
-15052
3262
8987
-19970
28140
-32346
31996
-27138
18458
-7177
-5114
16685
-25906
31477
-32615
29158
-21593
10987
1167
-13156
23293
-30148
32756
-30750
24412
-14636
2798
9435
-20338
28376
-32417
31892
-26874
18070
-6721
-5575
17085
-26189
31604
-32566
28942
-21240
10546
1633
-13583
23618
-30327
32764
-30586
24098
-14217
2332
9881
-20702
28607
-32482
31781
-26604
17679
-6264
-6034
17482
-26467
31724
-32512
28720
-20882
10103
2099
-14006
23940
-30501
32766
-30415
23780
-13795
1866
10325
-21062
28831
-32540
31665
-26329
17284
-5805
-6492
17875
-26740
31837
-32450
28492
-20520
9658
2565
-14427
24256
-30668
32761
-30238
23456
-13370
1400
10767
-21417
29050
-32591
31541
-26048
16886
-5345
-6949
18264
-27007
31944
-32382
28259
-20154
9211
3030
-14844
24567
-30830
32749
-30055
23128
-12942
934
11207
-21768
29263
-32636
31412
-25762
16484
-4884
-7405
18650
-27268
32045
-32308
28020
-19784
8762
3495
-15259
24874
-30985
32731
-29866
22795
-12512
467
11644
-22115
29470
-32674
31276
-25471
16079
-4421
-7859
19032
-27524
32139
-32227
27775
-19410
8311
3958
-15670
25175
-31133
32706
-29671
22457
-12079
0
12079
-22457
29671
-32706
31133
-25175
15670
-3958
-8311
19410
-27775
32227
-32139
27524
-19032
7859
4421
-16079
25471
-31276
32674
-29470
22115
-11644
-467
12512
-22795
29866
-32731
30985
-24874
15259
-3495
-8762
19784
-28020
32308
-32045
27268
-18650
7405
4884
-16484
25762
-31412
32636
-29263
21768
-11207
-934
12942
-23128
30055
-32749
30830
-24567
14844
-3030
-9211
20154
-28259
32382
-31944
27007
-18264
6949
5345
-16886
26048
-31541
32591
-29050
21417
-10767
-1400
13370
-23456
30238
-32761
30668
-24256
14427
-2565
-9658
20520
-28492
32450
-31837
26740
-17875
6492
5805
-17284
26329
-31665
32540
-28831
21062
-10325
-1866
13795
-23780
30415
-32766
30501
-23940
14006
-2099
-10103
20882
-28720
32512
-31724
26467
-17482
6034
6264
-17679
26604
-31781
32482
-28607
20702
-9881
-2332
14217
-24098
30586
-32764
30327
-23618
13583
-1633
-10546
21240
-28942
32566
-31604
26189
-17085
5575
6721
-18070
26874
-31892
32417
-28376
20338
-9435
-2798
14636
-24412
30750
-32756
30148
-23293
13156
-1167
-10987
21593
-29158
32615
-31477
25906
-16685
5114
7177
-18458
27138
-31996
32346
-28140
19970
-8987
-3262
15052
-24721
30908
-32741
29962
-22962
12727
-700
-11426
21942
-29368
32656
-31345
25617
-16282
4653
7632
-18842
27397
-32093
32268
-27898
19598
-8537
-3727
15465
-25025
31060
-32719
29770
-22626
12296
-233
-11862
22287
-29572
32691
-31205
25324
-15875
4190
8085
-19222
27650
-32184
32184
-27650
19222
-8085
-4190
15875
-25324
31205
-32691
29572
-22287
11862
233
-12296
22626
-29770
32719
-31060
25025
-15465
3727
8537
-19598
27898
-32268
32093
-27397
18842
-7632
-4653
16282
-25617
31345
-32656
29368
-21942
11426
700
-12727
22962
-29962
32741
-30908
24721
-15052
3262
8987
-19970
28140
-32346
31996
-27138
18458
-7177
-5114
16685
-25906
31477
-32615
29158
-21593
10987
1167
-13156
23293
-30148
32756
-30750
24412
-14636
2798
9435
-20338
28376
-32417
31892
-26874
18070
-6721
-5575
17085
-26189
31604
-32566
28942
-21240
10546
1633
-13583
23618
-30327
32764
-30586
24098
-14217
2332
9881
-20702
28607
-32482
31781
-26604
17679
-6264
-6034
17482
-26467
31724
-32512
28720
-20882
10103
2099
-14006
23940
-30501
32766
-30415
23780
-13795
1866
10325
-21062
28831
-32540
31665
-26329
17284
-5805
-6492
17875
-26740
31837
-32450
28492
-20520
9658
2565
-14427
24256
-30668
32761
-30238
23456
-13370
1400
10767
-21417
29050
-32591
31541
-26048
16886
-5345
-6949
18264
-27007
31944
-32382
28259
-20154
9211
3030
-14844
24567
-30830
32749
-30055
23128
-12942
934
11207
-21768
29263
-32636
31412
-25762
16484
-4884
-7405
18650
-27268
32045
-32308
28020
-19784
8762
3495
-15259
24874
-30985
32731
-29866
22795
-12512
467
11644
-22115
29470
-32674
31276
-25471
16079
-4421
-7859
19032
-27524
32139
-32227
27775
-19410
8311
3958
-15670
25175
-31133
32706
-29671
22457
-12079
0
12079
-22457
29671
-32706
31133
-25175
15670
-3958
-8311
19410
-27775
32227
-32139
27524
-19032
7859
4421
-16079
25471
-31276
32674
-29470
22115
-11644
-467
12512
-22795
29866
-32731
30985
-24874
15259
-3495
-8762
19784
-28020
32308
-32045
27268
-18650
7405
4884
-16484
25762
-31412
32636
-29263
21768
-11207
-934
12942
-23128
30055
-32749
30830
-24567
14844
-3030
-9211
20154
-28259
32382
-31944
27007
-18264
6949
5345
-16886
26048
-31541
32591
-29050
21417
-10767
-1400
13370
-23456
30238
-32761
30668
-24256
14427
-2565
-9658
20520
-28492
32450
-31837
26740
-17875
6492
5805
-17284
26329
-31665
32540
-28831
21062
-10325
-1866
13795
-23780
30415
-32766
30501
-23940
14006
-2099
-10103
20882
-28720
32512
-31724
26467
-17482
6034
6264
-17679
26604
-31781
32482
-28607
20702
-9881
-2332
14217
-24098
30586
-32764
30327
-23618
13583
-1633
-10546
21240
-28942
32566
-31604
26189
-17085
5575
6721
-18070
26874
-31892
32417
-28376
20338
-9435
-2798
14636
-24412
30750
-32756
30148
-23293
13156
-1167
-10987
21593
-29158
32615
-31477
25906
-16685
5114
7177
-18458
27138
-31996
32346
-28140
19970
-8987
-3262
15052
-24721
30908
-32741
29962
-22962
12727
-700
-11426
21942
-29368
32656
-31345
25617
-16282
4653
7632
-18842
27397
-32093
32268
-27898
19598
-8537
-3727
15465
-25025
31060
-32719
29770
-22626
12296
-233
-11862
22287
-29572
32691
-31205
25324
-15875
4190
8085
-19222
27650
-32184
32184
-27650
19222
-8085
-4190
15875
-25324
31205
-32691
29572
-22287
11862
233
-12296
22626
-29770
32719
-31060
25025
-15465
3727
8537
-19598
27898
-32268
32093
-27397
18842
-7632
-4653
16282
-25617
31345
-32656
29368
-21942
11426
700
-12727
22962
-29962
32741
-30908
24721
-15052
3262
8987
-19970
28140
-32346
31996
-27138
18458
-7177
-5114
16685
-25906
31477
-32615
29158
-21593
10987
1167
-13156
23293
-30148
32756
-30750
24412
-14636
2798
9435
-20338
28376
-32417
31892
-26874
18070
-6721
-5575
17085
-26189
31604
-32566
28942
-21240
10546
1633
-13583
23618
-30327
32764
-30586
24098
-14217
2332
9881
-20702
28607
-32482
31781
-26604
17679
-6264
-6034
17482
-26467
31724
-32512
28720
-20882
10103
2099
-14006
23940
-30501
32766
-30415
23780
-13795
1866
10325
-21062
28831
-32540
31665
-26329
17284
-5805
-6492
17875
-26740
31837
-32450
28492
-20520
9658
2565
-14427
24256
-30668
32761
-30238
23456
-13370
1400
10767
-21417
29050
-32591
31541
-26048
16886
-5345
-6949
18264
-27007
31944
-32382
28259
-20154
9211
3030
-14844
24567
-30830
32749
-30055
23128
-12942
934
11207
-21768
29263
-32636
31412
-25762
16484
-4884
-7405
18650
-27268
32045
-32308
28020
-19784
8762
3495
-15259
24874
-30985
32731
-29866
22795
-12512
467
11644
-22115
29470
-32674
31276
-25471
16079
-4421
-7859
19032
-27524
32139
-32227
27775
-19410
8311
3958
-15670
25175
-31133
32706
-29671
22457
-12079
