0
12942
-23780
30750
-32719
29368
-21240
9658
3495
-16079
26048
-31781
32346
-27650
18458
-6264
-6949
19032
-28020
32450
-31604
25617
-15465
2798
10325
-21768
29671
-32749
30501
-23293
12296
700
-13583
24256
-30985
32674
-29050
20702
-8987
-4190
16685
-26467
31944
-32227
27268
-17875
5575
7632
-19598
28376
-32540
31412
-25175
14844
-2099
-10987
22287
-29962
32764
-30238
22795
-11644
-1400
14217
-24721
31205
-32615
28720
-20154
8311
4884
-17284
26874
-32093
32093
-26874
17284
-4884
-8311
20154
-28720
32615
-31205
24721
-14217
1400
11644
-22795
30238
-32764
29962
-22287
10987
2099
-14844
25175
-31412
32540
-28376
19598
-7632
-5575
17875
-27268
32227
-31944
26467
-16685
4190
8987
-20702
29050
-32674
30985
-24256
13583
-700
-12296
23293
-30501
32749
-29671
21768
-10325
-2798
15465
-25617
31604
-32450
28020
-19032
6949
6264
-18458
27650
-32346
31781
-26048
16079
-3495
-9658
21240
-29368
32719
-30750
23780
-12942
0
12942
-23780
30750
-32719
29368
-21240
9658
3495
-16079
26048
-31781
32346
-27650
18458
-6264
-6949
19032
-28020
32450
-31604
25617
-15465
2798
10325
-21768
29671
-32749
30501
-23293
12296
700
-13583
24256
-30985
32674
-29050
20702
-8987
-4190
16685
-26467
31944
-32227
27268
-17875
5575
7632
-19598
28376
-32540
31412
-25175
14844
-2099
-10987
22287
-29962
32764
-30238
22795
-11644
-1400
14217
-24721
31205
-32615
28720
-20154
8311
4884
-17284
26874
-32093
32093
-26874
17284
-4884
-8311
20154
-28720
32615
-31205
24721
-14217
1400
11644
-22795
30238
-32764
29962
-22287
10987
2099
-14844
25175
-31412
32540
-28376
19598
-7632
-5575
17875
-27268
32227
-31944
26467
-16685
4190
8987
-20702
29050
-32674
30985
-24256
13583
-700
-12296
23293
-30501
32749
-29671
21768
-10325
-2798
15465
-25617
31604
-32450
28020
-19032
6949
6264
-18458
27650
-32346
31781
-26048
16079
-3495
-9658
21240
-29368
32719
-30750
23780
-12942
0
12942
-23780
30750
-32719
29368
-21240
9658
3495
-16079
26048
-31781
32346
-27650
18458
-6264
-6949
19032
-28020
32450
-31604
25617
-15465
2798
10325
-21768
29671
-32749
30501
-23293
12296
700
-13583
24256
-30985
32674
-29050
20702
-8987
-4190
16685
-26467
31944
-32227
27268
-17875
5575
7632
-19598
28376
-32540
31412
-25175
14844
-2099
-10987
22287
-29962
32764
-30238
22795
-11644
-1400
14217
-24721
31205
-32615
28720
-20154
8311
4884
-17284
26874
-32093
32093
-26874
17284
-4884
-8311
20154
-28720
32615
-31205
24721
-14217
1400
11644
-22795
30238
-32764
29962
-22287
10987
2099
-14844
25175
-31412
32540
-28376
19598
-7632
-5575
17875
-27268
32227
-31944
26467
-16685
4190
8987
-20702
29050
-32674
30985
-24256
13583
-700
-12296
23293
-30501
32749
-29671
21768
-10325
-2798
15465
-25617
31604
-32450
28020
-19032
6949
6264
-18458
27650
-32346
31781
-26048
16079
-3495
-9658
21240
-29368
32719
-30750
23780
-12942
0
12942
-23780
30750
-32719
29368
-21240
9658
3495
-16079
26048
-31781
32346
-27650
18458
-6264
-6949
19032
-28020
32450
-31604
25617
-15465
2798
10325
-21768
29671
-32749
30501
-23293
12296
700
-13583
24256
-30985
32674
-29050
20702
-8987
-4190
16685
-26467
31944
-32227
27268
-17875
5575
7632
-19598
28376
-32540
31412
-25175
14844
-2099
-10987
22287
-29962
32764
-30238
22795
-11644
-1400
14217
-24721
31205
-32615
28720
-20154
8311
4884
-17284
26874
-32093
32093
-26874
17284
-4884
-8311
20154
-28720
32615
-31205
24721
-14217
1400
11644
-22795
30238
-32764
29962
-22287
10987
2099
-14844
25175
-31412
32540
-28376
19598
-7632
-5575
17875
-27268
32227
-31944
26467
-16685
4190
8987
-20702
29050
-32674
30985
-24256
13583
-700
-12296
23293
-30501
32749
-29671
21768
-10325
-2798
15465
-25617
31604
-32450
28020
-19032
6949
6264
-18458
27650
-32346
31781
-26048
16079
-3495
-9658
21240
-29368
32719
-30750
23780
-12942
0
12942
-23780
30750
-32719
29368
-21240
9658
3495
-16079
26048
-31781
32346
-27650
18458
-6264
-6949
19032
-28020
32450
-31604
25617
-15465
2798
10325
-21768
29671
-32749
30501
-23293
12296
700
-13583
24256
-30985
32674
-29050
20702
-8987
-4190
16685
-26467
31944
-32227
27268
-17875
5575
7632
-19598
28376
-32540
31412
-25175
14844
-2099
-10987
22287
-29962
32764
-30238
22795
-11644
-1400
14217
-24721
31205
-32615
28720
-20154
8311
4884
-17284
26874
-32093
32093
-26874
17284
-4884
-8311
20154
-28720
32615
-31205
24721
-14217
1400
11644
-22795
30238
-32764
29962
-22287
10987
2099
-14844
25175
-31412
32540
-28376
19598
-7632
-5575
17875
-27268
32227
-31944
26467
-16685
4190
8987
-20702
29050
-32674
30985
-24256
13583
-700
-12296
23293
-30501
32749
-29671
21768
-10325
-2798
15465
-25617
31604
-32450
28020
-19032
6949
6264
-18458
27650
-32346
31781
-26048
16079
-3495
-9658
21240
-29368
32719
-30750
23780
-12942
0
12942
-23780
30750
-32719
29368
-21240
9658
3495
-16079
26048
-31781
32346
-27650
18458
-6264
-6949
19032
-28020
32450
-31604
25617
-15465
2798
10325
-21768
29671
-32749
30501
-23293
12296
700
-13583
24256
-30985
32674
-29050
20702
-8987
-4190
16685
-26467
31944
-32227
27268
-17875
5575
7632
-19598
28376
-32540
31412
-25175
14844
-2099
-10987
22287
-29962
32764
-30238
22795
-11644
-1400
14217
-24721
31205
-32615
28720
-20154
8311
4884
-17284
26874
-32093
32093
-26874
17284
-4884
-8311
20154
-28720
32615
-31205
24721
-14217
1400
11644
-22795
30238
-32764
29962
-22287
10987
2099
-14844
25175
-31412
32540
-28376
19598
-7632
-5575
17875
-27268
32227
-31944
26467
-16685
4190
8987
-20702
29050
-32674
30985
-24256
13583
-700
-12296
23293
-30501
32749
-29671
21768
-10325
-2798
15465
-25617
31604
-32450
28020
-19032
6949
6264
-18458
27650
-32346
31781
-26048
16079
-3495
-9658
21240
-29368
32719
-30750
23780
-12942
0
12942
-23780
30750
-32719
29368
-21240
9658
3495
-16079
26048
-31781
32346
-27650
18458
-6264
-6949
19032
-28020
32450
-31604
25617
-15465
2798
10325
-21768
29671
-32749
30501
-23293
12296
700
-13583
24256
-30985
32674
-29050
20702
-8987
-4190
16685
-26467
31944
-32227
27268
-17875
5575
7632
-19598
28376
-32540
31412
-25175
14844
-2099
-10987
22287
-29962
32764
-30238
22795
-11644
-1400
14217
-24721
31205
-32615
28720
-20154
8311
4884
-17284
26874
-32093
32093
-26874
17284
-4884
-8311
20154
-28720
32615
-31205
24721
-14217
1400
11644
-22795
30238
-32764
29962
-22287
10987
2099
-14844
25175
-31412
32540
-28376
19598
-7632
-5575
17875
-27268
32227
-31944
26467
-16685
4190
8987
-20702
29050
-32674
30985
-24256
13583
-700
-12296
23293
-30501
32749
-29671
21768
-10325
-2798
15465
-25617
31604
-32450
28020
-19032
6949
6264
-18458
27650
-32346
31781
-26048
16079
-3495
-9658
21240
-29368
32719
-30750
23780
-12942
0
12942
-23780
30750
-32719
29368
-21240
9658
3495
-16079
26048
-31781
32346
-27650
18458
-6264
-6949
19032
-28020
32450
-31604
25617
-15465
2798
10325
-21768
29671
-32749
30501
-23293
12296
700
-13583
24256
-30985
32674
-29050
20702
-8987
-4190
16685
-26467
31944
-32227
27268
-17875
5575
7632
-19598
28376
-32540
31412
-25175
14844
-2099
-10987
22287
-29962
32764
-30238
22795
-11644
-1400
14217
-24721
31205
-32615
28720
-20154
8311
4884
-17284
26874
-32093
32093
-26874
17284
-4884
-8311
20154
-28720
32615
-31205
24721
-14217
1400
11644
-22795
30238
-32764
29962
-22287
10987
2099
-14844
25175
-31412
32540
-28376
19598
-7632
-5575
17875
-27268
32227
-31944
26467
-16685
4190
8987
-20702
29050
-32674
30985
-24256
13583
-700
-12296
23293
-30501
32749
-29671
21768
-10325
-2798
15465
-25617
31604
-32450
28020
-19032
6949
6264
-18458
27650
-32346
31781
-26048
16079
-3495
-9658
21240
-29368
32719
-30750
23780
-12942
0
12942
-23780
30750
-32719
29368
-21240
9658
3495
-16079
26048
-31781
32346
-27650
18458
-6264
-6949
19032
-28020
32450
-31604
25617
-15465
2798
10325
-21768
29671
-32749
30501
-23293
12296
700
-13583
24256
-30985
32674
-29050
20702
-8987
-4190
16685
-26467
31944
-32227
27268
-17875
5575
7632
-19598
28376
-32540
31412
-25175
14844
-2099
-10987
22287
-29962
32764
-30238
22795
-11644
-1400
14217
-24721
31205
-32615
28720
-20154
8311
4884
-17284
26874
-32093
32093
-26874
17284
-4884
-8311
20154
-28720
32615
-31205
24721
-14217
1400
11644
-22795
30238
-32764
29962
-22287
10987
2099
-14844
25175
-31412
32540
-28376
19598
-7632
-5575
17875
-27268
32227
-31944
26467
-16685
4190
8987
-20702
29050
-32674
30985
-24256
13583
-700
-12296
23293
-30501
32749
-29671
21768
-10325
-2798
15465
-25617
31604
-32450
28020
-19032
6949
6264
-18458
27650
-32346
31781
-26048
16079
-3495
-9658
21240
-29368
32719
-30750
23780
-12942
0
12942
-23780
30750
-32719
29368
-21240
9658
3495
-16079
26048
-31781
32346
-27650
18458
-6264
-6949
19032
-28020
32450
-31604
25617
-15465
2798
10325
-21768
29671
-32749
30501
-23293
12296
700
-13583
24256
-30985
32674
-29050
20702
-8987
-4190
16685
-26467
31944
-32227
27268
-17875
5575
7632
-19598
28376
-32540
31412
-25175
14844
-2099
-10987
22287
-29962
32764
-30238
22795
-11644
-1400
14217
-24721
31205
-32615
28720
-20154
8311
4884
-17284
26874
-32093
32093
-26874
17284
-4884
-8311
20154
-28720
32615
-31205
24721
-14217
1400
11644
-22795
30238
-32764
29962
-22287
10987
2099
-14844
25175
-31412
32540
-28376
19598
-7632
-5575
17875
-27268
32227
-31944
26467
-16685
4190
8987
-20702
29050
-32674
30985
-24256
13583
-700
-12296
23293
-30501
32749
-29671
21768
-10325
-2798
15465
-25617
31604
-32450
28020
-19032
6949
6264
-18458
27650
-32346
31781
-26048
16079
-3495
-9658
21240
-29368
32719
-30750
23780
-12942
0
12942
-23780
30750
-32719
29368
-21240
9658
3495
-16079
26048
-31781
32346
-27650
18458
-6264
-6949
19032
-28020
32450
-31604
25617
-15465
2798
10325
-21768
29671
-32749
30501
-23293
12296
700
-13583
24256
-30985
32674
-29050
20702
-8987
-4190
16685
-26467
31944
-32227
27268
-17875
5575
7632
-19598
28376
-32540
31412
-25175
14844
-2099
-10987
22287
-29962
32764
-30238
22795
-11644
-1400
14217
-24721
31205
-32615
28720
-20154
8311
4884
-17284
26874
-32093
32093
-26874
17284
-4884
-8311
20154
-28720
32615
-31205
24721
-14217
1400
11644
-22795
30238
-32764
29962
-22287
10987
2099
-14844
25175
-31412
32540
-28376
19598
-7632
-5575
17875
-27268
32227
-31944
26467
-16685
4190
8987
-20702
29050
-32674
30985
-24256
13583
-700
-12296
23293
-30501
32749
-29671
21768
-10325
-2798
15465
-25617
31604
-32450
28020
-19032
6949
6264
-18458
27650
-32346
31781
-26048
16079
-3495
-9658
21240
-29368
32719
-30750
23780
-12942
0
12942
-23780
30750
-32719
29368
-21240
9658
3495
-16079
26048
-31781
32346
-27650
18458
-6264
-6949
19032
-28020
32450
-31604
25617
-15465
2798
10325
-21768
29671
-32749
30501
-23293
12296
700
-13583
24256
-30985
32674
-29050
20702
-8987
-4190
16685
-26467
31944
-32227
27268
-17875
5575
7632
-19598
28376
-32540
31412
-25175
14844
-2099
-10987
22287
-29962
32764
-30238
22795
-11644
-1400
14217
-24721
31205
-32615
28720
-20154
8311
4884
-17284
26874
-32093
32093
-26874
17284
-4884
-8311
20154
-28720
32615
-31205
24721
-14217
1400
11644
-22795
30238
-32764
29962
-22287
10987
2099
-14844
25175
-31412
32540
-28376
19598
-7632
-5575
17875
-27268
32227
-31944
26467
-16685
4190
8987
-20702
29050
-32674
30985
-24256
13583
-700
-12296
23293
-30501
32749
-29671
21768
-10325
-2798
15465
-25617
31604
-32450
28020
-19032
6949
6264
-18458
27650
-32346
31781
-26048
16079
-3495
-9658
21240
-29368
32719
-30750
23780
-12942
0
12942
-23780
30750
-32719
29368
-21240
9658
3495
-16079
26048
-31781
32346
-27650
18458
-6264
-6949
19032
-28020
32450
-31604
25617
-15465
2798
10325
-21768
29671
-32749
30501
-23293
12296
700
-13583
24256
-30985
32674
-29050
20702
-8987
-4190
16685
-26467
31944
-32227
27268
-17875
5575
7632
-19598
28376
-32540
31412
-25175
14844
-2099
-10987
22287
-29962
32764
-30238
22795
-11644
-1400
14217
-24721
31205
-32615
28720
-20154
8311
4884
-17284
26874
-32093
32093
-26874
17284
-4884
-8311
20154
-28720
32615
-31205
24721
-14217
1400
11644
-22795
30238
-32764
29962
-22287
10987
2099
-14844
25175
-31412
32540
-28376
19598
-7632
-5575
17875
-27268
32227
-31944
26467
-16685
4190
8987
-20702
29050
-32674
30985
-24256
13583
-700
-12296
23293
-30501
32749
-29671
21768
-10325
-2798
15465
-25617
31604
-32450
28020
-19032
6949
6264
-18458
27650
-32346
31781
-26048
16079
-3495
-9658
21240
-29368
32719
-30750
23780
-12942
0
12942
-23780
30750
-32719
29368
-21240
9658
3495
-16079
26048
-31781
32346
-27650
18458
-6264
-6949
19032
-28020
32450
-31604
25617
-15465
2798
10325
-21768
29671
-32749
30501
-23293
12296
700
-13583
24256
-30985
32674
-29050
20702
-8987
-4190
16685
-26467
31944
-32227
27268
-17875
5575
7632
-19598
28376
-32540
31412
-25175
14844
-2099
-10987
22287
-29962
32764
-30238
22795
-11644
-1400
14217
-24721
31205
-32615
28720
-20154
8311
4884
-17284
26874
-32093
32093
-26874
17284
-4884
-8311
20154
-28720
32615
-31205
24721
-14217
1400
11644
-22795
30238
-32764
29962
-22287
10987
2099
-14844
25175
-31412
32540
-28376
19598
-7632
-5575
17875
-27268
32227
-31944
26467
-16685
4190
8987
-20702
29050
-32674
30985
-24256
13583
-700
-12296
23293
-30501
32749
-29671
21768
-10325
-2798
15465
-25617
31604
-32450
28020
-19032
6949
6264
-18458
27650
-32346
31781
-26048
16079
-3495
-9658
21240
-29368
32719
-30750
23780
-12942
0
12942
-23780
30750
-32719
29368
-21240
9658
3495
-16079
26048
-31781
32346
-27650
18458
-6264
-6949
19032
-28020
32450
-31604
25617
-15465
2798
10325
-21768
29671
-32749
30501
-23293
12296
700
-13583
24256
-30985
32674
-29050
20702
-8987
-4190
16685
-26467
31944
-32227
27268
-17875
5575
7632
-19598
28376
-32540
31412
-25175
14844
-2099
-10987
22287
-29962
32764
-30238
22795
-11644
-1400
14217
-24721
31205
-32615
28720
-20154
8311
4884
-17284
26874
-32093
32093
-26874
17284
-4884
-8311
20154
-28720
32615
-31205
24721
-14217
1400
11644
-22795
30238
-32764
29962
-22287
10987
2099
-14844
25175
-31412
32540
-28376
19598
-7632
-5575
17875
-27268
32227
-31944
26467
-16685
4190
8987
-20702
29050
-32674
30985
-24256
13583
-700
-12296
23293
-30501
32749
-29671
21768
-10325
-2798
15465
-25617
31604
-32450
28020
-19032
6949
6264
-18458
27650
-32346
31781
-26048
16079
-3495
-9658
21240
-29368
32719
-30750
23780
-12942
0
12942
-23780
30750
-32719
29368
-21240
9658
3495
-16079
26048
-31781
32346
-27650
18458
-6264
-6949
19032
-28020
32450
-31604
25617
-15465
2798
10325
-21768
29671
-32749
30501
-23293
12296
700
-13583
24256
-30985
32674
-29050
20702
-8987
-4190
16685
-26467
31944
-32227
27268
-17875
5575
7632
-19598
28376
-32540
31412
-25175
14844
-2099
-10987
22287
-29962
32764
-30238
22795
-11644
-1400
14217
-24721
31205
-32615
28720
-20154
8311
4884
-17284
26874
-32093
32093
-26874
17284
-4884
-8311
20154
-28720
32615
-31205
24721
-14217
1400
11644
-22795
30238
-32764
29962
-22287
10987
2099
-14844
25175
-31412
32540
-28376
19598
-7632
-5575
17875
-27268
32227
-31944
26467
-16685
4190
8987
-20702
29050
-32674
30985
-24256
13583
-700
-12296
23293
-30501
32749
-29671
21768
-10325
-2798
15465
-25617
31604
-32450
28020
-19032
6949
6264
-18458
27650
-32346
31781
-26048
16079
-3495
-9658
21240
-29368
32719
-30750
23780
-12942
0
12942
-23780
30750
-32719
29368
-21240
9658
3495
-16079
26048
-31781
32346
-27650
18458
-6264
-6949
19032
-28020
32450
-31604
25617
-15465
2798
10325
-21768
29671
-32749
30501
-23293
12296
700
-13583
24256
-30985
32674
-29050
20702
-8987
-4190
16685
-26467
31944
-32227
27268
-17875
5575
7632
-19598
28376
-32540
31412
-25175
14844
-2099
-10987
22287
-29962
32764
-30238
22795
-11644
-1400
14217
-24721
31205
-32615
28720
-20154
8311
4884
-17284
26874
-32093
32093
-26874
17284
-4884
-8311
20154
-28720
32615
-31205
24721
-14217
1400
11644
-22795
30238
-32764
29962
-22287
10987
2099
-14844
25175
-31412
32540
-28376
19598
-7632
-5575
17875
-27268
32227
-31944
26467
-16685
4190
8987
-20702
29050
-32674
30985
-24256
13583
-700
-12296
23293
-30501
32749
-29671
21768
-10325
-2798
15465
-25617
31604
-32450
28020
-19032
6949
6264
-18458
27650
-32346
31781
-26048
16079
-3495
-9658
21240
-29368
32719
-30750
23780
-12942
0
12942
-23780
30750
-32719
29368
-21240
9658
3495
-16079
26048
-31781
32346
-27650
18458
-6264
-6949
19032
-28020
32450
-31604
25617
-15465
2798
10325
-21768
29671
-32749
30501
-23293
12296
700
-13583
24256
-30985
32674
-29050
20702
-8987
-4190
16685
-26467
31944
-32227
27268
-17875
5575
7632
-19598
28376
-32540
31412
-25175
14844
-2099
-10987
22287
-29962
32764
-30238
22795
-11644
-1400
14217
-24721
31205
-32615
28720
-20154
8311
4884
-17284
26874
-32093
32093
-26874
17284
-4884
-8311
20154
-28720
32615
-31205
24721
-14217
1400
11644
-22795
30238
-32764
29962
-22287
10987
2099
-14844
25175
-31412
32540
-28376
19598
-7632
-5575
17875
-27268
32227
-31944
26467
-16685
4190
8987
-20702
29050
-32674
30985
-24256
13583
-700
-12296
23293
-30501
32749
-29671
21768
-10325
-2798
15465
-25617
31604
-32450
28020
-19032
6949
6264
-18458
27650
-32346
31781
-26048
16079
-3495
-9658
21240
-29368
32719
-30750
23780
-12942
0
12942
-23780
30750
-32719
29368
-21240
9658
3495
-16079
26048
-31781
32346
-27650
18458
-6264
-6949
19032
-28020
32450
-31604
25617
-15465
2798
10325
-21768
29671
-32749
30501
-23293
12296
700
-13583
24256
-30985
32674
-29050
20702
-8987
-4190
16685
-26467
31944
-32227
27268
-17875
5575
7632
-19598
28376
-32540
31412
-25175
14844
-2099
-10987
22287
-29962
32764
-30238
22795
-11644
-1400
14217
-24721
31205
-32615
28720
-20154
8311
4884
-17284
26874
-32093
32093
-26874
17284
-4884
-8311
20154
-28720
32615
-31205
24721
-14217
1400
11644
-22795
30238
-32764
29962
-22287
10987
2099
-14844
25175
-31412
32540
-28376
19598
-7632
-5575
17875
-27268
32227
-31944
26467
-16685
4190
8987
-20702
29050
-32674
30985
-24256
13583
-700
-12296
23293
-30501
32749
-29671
21768
-10325
-2798
15465
-25617
31604
-32450
28020
-19032
6949
6264
-18458
27650
-32346
31781
-26048
16079
-3495
-9658
21240
-29368
32719
-30750
23780
-12942
0
12942
-23780
30750
-32719
29368
-21240
9658
3495
-16079
26048
-31781
32346
-27650
18458
-6264
-6949
19032
-28020
32450
-31604
25617
-15465
2798
10325
-21768
29671
-32749
30501
-23293
12296
700
-13583
24256
-30985
32674
-29050
20702
-8987
-4190
16685
-26467
31944
-32227
27268
-17875
5575
7632
-19598
28376
-32540
31412
-25175
14844
-2099
-10987
22287
-29962
32764
-30238
22795
-11644
-1400
14217
-24721
31205
-32615
28720
-20154
8311
4884
-17284
26874
-32093
32093
-26874
17284
-4884
-8311
20154
-28720
32615
-31205
24721
-14217
1400
11644
-22795
30238
-32764
29962
-22287
10987
2099
-14844
25175
-31412
32540
-28376
19598
-7632
-5575
17875
-27268
32227
-31944
26467
-16685
4190
8987
-20702
29050
-32674
30985
-24256
13583
-700
-12296
23293
-30501
32749
-29671
21768
-10325
-2798
15465
-25617
31604
-32450
28020
-19032
6949
6264
-18458
27650
-32346
31781
-26048
16079
-3495
-9658
21240
-29368
32719
-30750
23780
-12942
0
12942
-23780
30750
-32719
29368
-21240
9658
3495
-16079
26048
-31781
32346
-27650
18458
-6264
-6949
19032
-28020
32450
-31604
25617
-15465
2798
10325
-21768
29671
-32749
30501
-23293
12296
700
-13583
24256
-30985
32674
-29050
20702
-8987
-4190
16685
-26467
31944
-32227
27268
-17875
5575
7632
-19598
28376
-32540
31412
-25175
14844
-2099
-10987
22287
-29962
32764
-30238
22795
-11644
-1400
14217
-24721
31205
-32615
28720
-20154
8311
4884
-17284
26874
-32093
32093
-26874
17284
-4884
-8311
20154
-28720
32615
-31205
24721
-14217
1400
11644
-22795
30238
-32764
29962
-22287
10987
2099
-14844
25175
-31412
32540
-28376
19598
-7632
-5575
17875
-27268
32227
-31944
26467
-16685
4190
8987
-20702
29050
-32674
30985
-24256
13583
-700
-12296
23293
-30501
32749
-29671
21768
-10325
-2798
15465
-25617
31604
-32450
28020
-19032
6949
6264
-18458
27650
-32346
31781
-26048
16079
-3495
-9658
21240
-29368
32719
-30750
23780
-12942
0
12942
-23780
30750
-32719
29368
-21240
9658
3495
-16079
26048
-31781
32346
-27650
18458
-6264
-6949
19032
-28020
32450
-31604
25617
-15465
2798
10325
-21768
29671
-32749
30501
-23293
12296
700
-13583
24256
-30985
32674
-29050
20702
-8987
-4190
16685
-26467
31944
-32227
27268
-17875
5575
7632
-19598
28376
-32540
31412
-25175
14844
-2099
-10987
22287
-29962
32764
-30238
22795
-11644
-1400
14217
-24721
31205
-32615
28720
-20154
8311
4884
-17284
26874
-32093
32093
-26874
17284
-4884
-8311
20154
-28720
32615
-31205
24721
-14217
1400
11644
-22795
30238
-32764
29962
-22287
10987
2099
-14844
25175
-31412
32540
-28376
19598
-7632
-5575
17875
-27268
32227
-31944
26467
-16685
4190
8987
-20702
29050
-32674
30985
-24256
13583
-700
-12296
23293
-30501
32749
-29671
21768
-10325
-2798
15465
-25617
31604
-32450
28020
-19032
6949
6264
-18458
27650
-32346
31781
-26048
16079
-3495
-9658
21240
-29368
32719
-30750
23780
-12942
0
12942
-23780
30750
-32719
29368
-21240
9658
3495
-16079
26048
-31781
32346
-27650
18458
-6264
-6949
19032
-28020
32450
-31604
25617
-15465
2798
10325
-21768
29671
-32749
30501
-23293
12296
700
-13583
24256
-30985
32674
-29050
20702
-8987
-4190
16685
-26467
31944
-32227
27268
-17875
5575
7632
-19598
28376
-32540
31412
-25175
14844
-2099
-10987
22287
-29962
32764
-30238
22795
-11644
-1400
14217
-24721
31205
-32615
28720
-20154
8311
4884
-17284
26874
-32093
32093
-26874
17284
-4884
-8311
20154
-28720
32615
-31205
24721
-14217
1400
11644
-22795
30238
-32764
29962
-22287
10987
2099
-14844
25175
-31412
32540
-28376
19598
-7632
-5575
17875
-27268
32227
-31944
26467
-16685
4190
8987
-20702
29050
-32674
30985
-24256
13583
-700
-12296
23293
-30501
32749
-29671
21768
-10325
-2798
15465
-25617
31604
-32450
28020
-19032
6949
6264
-18458
27650
-32346
31781
-26048
16079
-3495
-9658
21240
-29368
32719
-30750
23780
-12942
0
12942
-23780
30750
-32719
29368
-21240
9658
3495
-16079
26048
-31781
32346
-27650
18458
-6264
-6949
19032
-28020
32450
-31604
25617
-15465
2798
10325
-21768
29671
-32749
30501
-23293
12296
700
-13583
24256
-30985
32674
-29050
20702
-8987
-4190
16685
-26467
31944
-32227
27268
-17875
5575
7632
-19598
28376
-32540
31412
-25175
14844
-2099
-10987
22287
-29962
32764
-30238
22795
-11644
-1400
14217
-24721
31205
-32615
28720
-20154
8311
4884
-17284
26874
-32093
32093
-26874
17284
-4884
-8311
20154
-28720
32615
-31205
24721
-14217
1400
11644
-22795
30238
-32764
29962
-22287
10987
2099
-14844
25175
-31412
32540
-28376
19598
-7632
-5575
17875
-27268
32227
-31944
26467
-16685
4190
8987
-20702
29050
-32674
30985
-24256
13583
-700
-12296
23293
-30501
32749
-29671
21768
-10325
-2798
15465
-25617
31604
-32450
28020
-19032
6949
6264
-18458
27650
-32346
31781
-26048
16079
-3495
-9658
21240
-29368
32719
-30750
23780
-12942
0
12942
-23780
30750
-32719
29368
-21240
9658
3495
-16079
26048
-31781
32346
-27650
18458
-6264
-6949
19032
-28020
32450
-31604
25617
-15465
2798
10325
-21768
29671
-32749
30501
-23293
12296
700
-13583
24256
-30985
32674
-29050
20702
-8987
-4190
16685
-26467
31944
-32227
27268
-17875
5575
7632
-19598
28376
-32540
31412
-25175
14844
-2099
-10987
22287
-29962
32764
-30238
22795
-11644
-1400
14217
-24721
31205
-32615
28720
-20154
8311
4884
-17284
26874
-32093
32093
-26874
17284
-4884
-8311
20154
-28720
32615
-31205
24721
-14217
1400
11644
-22795
30238
-32764
29962
-22287
10987
2099
-14844
25175
-31412
32540
-28376
19598
-7632
-5575
17875
-27268
32227
-31944
26467
-16685
4190
8987
-20702
29050
-32674
30985
-24256
13583
-700
-12296
23293
-30501
32749
-29671
21768
-10325
-2798
15465
-25617
31604
-32450
28020
-19032
6949
6264
-18458
27650
-32346
31781
-26048
16079
-3495
-9658
21240
-29368
32719
-30750
23780
-12942
0
12942
-23780
30750
-32719
29368
-21240
9658
3495
-16079
26048
-31781
32346
-27650
18458
-6264
-6949
19032
-28020
32450
-31604
25617
-15465
2798
10325
-21768
29671
-32749
30501
-23293
12296
700
-13583
24256
-30985
32674
-29050
20702
-8987
-4190
16685
-26467
31944
-32227
27268
-17875
5575
7632
-19598
28376
-32540
31412
-25175
14844
-2099
-10987
22287
-29962
32764
-30238
22795
-11644
-1400
14217
-24721
31205
-32615
28720
-20154
8311
4884
-17284
26874
-32093
32093
-26874
17284
-4884
-8311
20154
-28720
32615
-31205
24721
-14217
1400
11644
-22795
30238
-32764
29962
-22287
10987
2099
-14844
25175
-31412
32540
-28376
19598
-7632
-5575
17875
-27268
32227
-31944
26467
-16685
4190
8987
-20702
29050
-32674
30985
-24256
13583
-700
-12296
23293
-30501
32749
-29671
21768
-10325
-2798
15465
-25617
31604
-32450
28020
-19032
6949
6264
-18458
27650
-32346
31781
-26048
16079
-3495
-9658
21240
-29368
32719
-30750
23780
-12942
0
12942
-23780
30750
-32719
29368
-21240
9658
3495
-16079
26048
-31781
32346
-27650
18458
-6264
-6949
19032
-28020
32450
-31604
25617
-15465
2798
10325
-21768
29671
-32749
30501
-23293
12296
700
-13583
24256
-30985
32674
-29050
20702
-8987
-4190
16685
-26467
31944
-32227
27268
-17875
5575
7632
-19598
28376
-32540
31412
-25175
14844
-2099
-10987
22287
-29962
32764
-30238
22795
-11644
-1400
14217
-24721
31205
-32615
28720
-20154
8311
4884
-17284
26874
-32093
32093
-26874
17284
-4884
-8311
20154
-28720
32615
-31205
24721
-14217
1400
11644
-22795
30238
-32764
29962
-22287
10987
2099
-14844
25175
-31412
32540
-28376
19598
-7632
-5575
17875
-27268
32227
-31944
26467
-16685
4190
8987
-20702
29050
-32674
30985
-24256
13583
-700
-12296
23293
-30501
32749
-29671
21768
-10325
-2798
15465
-25617
31604
-32450
28020
-19032
6949
6264
-18458
27650
-32346
31781
-26048
16079
-3495
-9658
21240
-29368
32719
-30750
23780
-12942
0
12942
-23780
30750
-32719
29368
-21240
9658
3495
-16079
26048
-31781
32346
-27650
18458
-6264
-6949
19032
-28020
32450
-31604
25617
-15465
2798
10325
-21768
29671
-32749
30501
-23293
12296
700
-13583
24256
-30985
32674
-29050
20702
-8987
-4190
16685
-26467
31944
-32227
27268
-17875
5575
7632
-19598
28376
-32540
31412
-25175
14844
-2099
-10987
22287
-29962
32764
-30238
22795
-11644
-1400
14217
-24721
31205
-32615
28720
-20154
8311
4884
-17284
26874
-32093
32093
-26874
17284
-4884
-8311
20154
-28720
32615
-31205
24721
-14217
1400
11644
-22795
30238
-32764
29962
-22287
10987
2099
-14844
25175
-31412
32540
-28376
19598
-7632
-5575
17875
-27268
32227
-31944
26467
-16685
4190
8987
-20702
29050
-32674
30985
-24256
13583
-700
-12296
23293
-30501
32749
-29671
21768
-10325
-2798
15465
-25617
31604
-32450
28020
-19032
6949
6264
-18458
27650
-32346
31781
-26048
16079
-3495
-9658
21240
-29368
32719
-30750
23780
-12942
0
12942
-23780
30750
-32719
29368
-21240
9658
3495
-16079
26048
-31781
32346
-27650
18458
-6264
-6949
19032
-28020
32450
-31604
25617
-15465
2798
10325
-21768
29671
-32749
30501
-23293
12296
700
-13583
24256
-30985
32674
-29050
20702
-8987
-4190
16685
-26467
31944
-32227
27268
-17875
5575
7632
-19598
28376
-32540
31412
-25175
14844
-2099
-10987
22287
-29962
32764
-30238
22795
-11644
-1400
14217
-24721
31205
-32615
28720
-20154
8311
4884
-17284
26874
-32093
32093
-26874
17284
-4884
-8311
20154
-28720
32615
-31205
24721
-14217
1400
11644
-22795
30238
-32764
29962
-22287
10987
2099
-14844
25175
-31412
32540
-28376
19598
-7632
-5575
17875
-27268
32227
-31944
26467
-16685
4190
8987
-20702
29050
-32674
30985
-24256
13583
-700
-12296
23293
-30501
32749
-29671
21768
-10325
-2798
15465
-25617
31604
-32450
28020
-19032
6949
6264
-18458
27650
-32346
31781
-26048
16079
-3495
-9658
21240
-29368
32719
-30750
23780
-12942
0
12942
-23780
30750
-32719
29368
-21240
9658
3495
-16079
26048
-31781
32346
-27650
18458
-6264
-6949
19032
-28020
32450
-31604
25617
-15465
2798
10325
-21768
29671
-32749
30501
-23293
12296
700
-13583
24256
-30985
32674
-29050
20702
-8987
-4190
16685
-26467
31944
-32227
27268
-17875
5575
7632
-19598
28376
-32540
31412
-25175
14844
-2099
-10987
22287
-29962
32764
-30238
22795
-11644
-1400
14217
-24721
31205
-32615
28720
-20154
8311
4884
-17284
26874
-32093
32093
-26874
17284
-4884
-8311
20154
-28720
32615
-31205
24721
-14217
1400
11644
-22795
30238
-32764
29962
-22287
10987
2099
-14844
25175
-31412
32540
-28376
19598
-7632
-5575
17875
-27268
32227
-31944
26467
-16685
4190
8987
-20702
29050
-32674
30985
-24256
13583
-700
-12296
23293
-30501
32749
-29671
21768
-10325
-2798
15465
-25617
31604
-32450
28020
-19032
6949
6264
-18458
27650
-32346
31781
-26048
16079
-3495
-9658
21240
-29368
32719
-30750
23780
-12942
