0
17482
-29572
32540
-25471
10546
7632
-23456
32045
-30750
19970
-3030
-14844
28140
-32756
27268
-13370
-4653
21240
-31276
31665
-22287
6034
12079
-26467
32691
-28831
16079
1633
-18842
30238
-32308
24412
-8987
-9211
24567
-32346
30148
-18650
1400
16282
-28942
32674
-26329
11862
6264
-22457
31724
-31205
21062
-4421
-13583
27397
-32761
28020
-14636
-3262
20154
-30830
31996
-23293
7405
10767
-25617
32566
-29470
17284
233
-17679
29671
-32512
25324
-10325
-7859
23618
-32093
30668
-19784
2798
15052
-28259
32749
-27138
13156
4884
-21417
31345
-31604
22115
-5805
-12296
26604
-32706
28720
-15875
-1866
19032
-30327
32268
-24256
8762
9435
-24721
32382
-30055
18458
-1167
-16484
29050
-32656
26189
-11644
-6492
22626
-31781
31133
-20882
4190
13795
-27524
32764
-27898
14427
3495
-20338
30908
-31944
23128
-7177
-10987
25762
-32591
29368
-17085
-467
17875
-29770
32482
-25175
10103
8085
-23780
32139
-30586
19598
-2565
-15259
28376
-32741
27007
-12942
-5114
21593
-31412
31541
-21942
5575
12512
-26740
32719
-28607
15670
2099
-19222
30415
-32227
24098
-8537
-9658
24874
-32417
29962
-18264
934
16685
-29158
32636
-26048
11426
6721
-22795
31837
-31060
20702
-3958
-14006
27650
-32766
27775
-14217
-3727
20520
-30985
31892
-22962
6949
11207
-25906
32615
-29263
16886
700
-18070
29866
-32450
25025
-9881
-8311
23940
-32184
30501
-19410
2332
15465
-28492
32731
-26874
12727
5345
-21768
31477
-31477
21768
-5345
-12727
26874
-32731
28492
-15465
-2332
19410
-30501
32184
-23940
8311
9881
-25025
32450
-29866
18070
-700
-16886
29263
-32615
25906
-11207
-6949
22962
-31892
30985
-20520
3727
14217
-27775
32766
-27650
14006
3958
-20702
31060
-31837
22795
-6721
-11426
26048
-32636
29158
-16685
-934
18264
-29962
32417
-24874
9658
8537
-24098
32227
-30415
19222
-2099
-15670
28607
-32719
26740
-12512
-5575
21942
-31541
31412
-21593
5114
12942
-27007
32741
-28376
15259
2565
-19598
30586
-32139
23780
-8085
-10103
25175
-32482
29770
-17875
467
17085
-29368
32591
-25762
10987
7177
-23128
31944
-30908
20338
-3495
-14427
27898
-32764
27524
-13795
-4190
20882
-31133
31781
-22626
6492
11644
-26189
32656
-29050
16484
1167
-18458
30055
-32382
24721
-9435
-8762
24256
-32268
30327
-19032
1866
15875
-28720
32706
-26604
12296
5805
-22115
31604
-31345
21417
-4884
-13156
27138
-32749
28259
-15052
-2798
19784
-30668
32093
-23618
7859
10325
-25324
32512
-29671
17679
-233
-17284
29470
-32566
25617
-10767
-7405
23293
-31996
30830
-20154
3262
14636
-28020
32761
-27397
13583
4421
-21062
31205
-31724
22457
-6264
-11862
26329
-32674
28942
-16282
-1400
18650
-30148
32346
-24567
9211
8987
-24412
32308
-30238
18842
-1633
-16079
28831
-32691
26467
-12079
-6034
22287
-31665
31276
-21240
4653
13370
-27268
32756
-28140
14844
3030
-19970
30750
-32045
23456
-7632
-10546
25471
-32540
29572
-17482
0
17482
-29572
32540
-25471
10546
7632
-23456
32045
-30750
19970
-3030
-14844
28140
-32756
27268
-13370
-4653
21240
-31276
31665
-22287
6034
12079
-26467
32691
-28831
16079
1633
-18842
30238
-32308
24412
-8987
-9211
24567
-32346
30148
-18650
1400
16282
-28942
32674
-26329
11862
6264
-22457
31724
-31205
21062
-4421
-13583
27397
-32761
28020
-14636
-3262
20154
-30830
31996
-23293
7405
10767
-25617
32566
-29470
17284
233
-17679
29671
-32512
25324
-10325
-7859
23618
-32093
30668
-19784
2798
15052
-28259
32749
-27138
13156
4884
-21417
31345
-31604
22115
-5805
-12296
26604
-32706
28720
-15875
-1866
19032
-30327
32268
-24256
8762
9435
-24721
32382
-30055
18458
-1167
-16484
29050
-32656
26189
-11644
-6492
22626
-31781
31133
-20882
4190
13795
-27524
32764
-27898
14427
3495
-20338
30908
-31944
23128
-7177
-10987
25762
-32591
29368
-17085
-467
17875
-29770
32482
-25175
10103
8085
-23780
32139
-30586
19598
-2565
-15259
28376
-32741
27007
-12942
-5114
21593
-31412
31541
-21942
5575
12512
-26740
32719
-28607
15670
2099
-19222
30415
-32227
24098
-8537
-9658
24874
-32417
29962
-18264
934
16685
-29158
32636
-26048
11426
6721
-22795
31837
-31060
20702
-3958
-14006
27650
-32766
27775
-14217
-3727
20520
-30985
31892
-22962
6949
11207
-25906
32615
-29263
16886
700
-18070
29866
-32450
25025
-9881
-8311
23940
-32184
30501
-19410
2332
15465
-28492
32731
-26874
12727
5345
-21768
31477
-31477
21768
-5345
-12727
26874
-32731
28492
-15465
-2332
19410
-30501
32184
-23940
8311
9881
-25025
32450
-29866
18070
-700
-16886
29263
-32615
25906
-11207
-6949
22962
-31892
30985
-20520
3727
14217
-27775
32766
-27650
14006
3958
-20702
31060
-31837
22795
-6721
-11426
26048
-32636
29158
-16685
-934
18264
-29962
32417
-24874
9658
8537
-24098
32227
-30415
19222
-2099
-15670
28607
-32719
26740
-12512
-5575
21942
-31541
31412
-21593
5114
12942
-27007
32741
-28376
15259
2565
-19598
30586
-32139
23780
-8085
-10103
25175
-32482
29770
-17875
467
17085
-29368
32591
-25762
10987
7177
-23128
31944
-30908
20338
-3495
-14427
27898
-32764
27524
-13795
-4190
20882
-31133
31781
-22626
6492
11644
-26189
32656
-29050
16484
1167
-18458
30055
-32382
24721
-9435
-8762
24256
-32268
30327
-19032
1866
15875
-28720
32706
-26604
12296
5805
-22115
31604
-31345
21417
-4884
-13156
27138
-32749
28259
-15052
-2798
19784
-30668
32093
-23618
7859
10325
-25324
32512
-29671
17679
-233
-17284
29470
-32566
25617
-10767
-7405
23293
-31996
30830
-20154
3262
14636
-28020
32761
-27397
13583
4421
-21062
31205
-31724
22457
-6264
-11862
26329
-32674
28942
-16282
-1400
18650
-30148
32346
-24567
9211
8987
-24412
32308
-30238
18842
-1633
-16079
28831
-32691
26467
-12079
-6034
22287
-31665
31276
-21240
4653
13370
-27268
32756
-28140
14844
3030
-19970
30750
-32045
23456
-7632
-10546
25471
-32540
29572
-17482
0
17482
-29572
32540
-25471
10546
7632
-23456
32045
-30750
19970
-3030
-14844
28140
-32756
27268
-13370
-4653
21240
-31276
31665
-22287
6034
12079
-26467
32691
-28831
16079
1633
-18842
30238
-32308
24412
-8987
-9211
24567
-32346
30148
-18650
1400
16282
-28942
32674
-26329
11862
6264
-22457
31724
-31205
21062
-4421
-13583
27397
-32761
28020
-14636
-3262
20154
-30830
31996
-23293
7405
10767
-25617
32566
-29470
17284
233
-17679
29671
-32512
25324
-10325
-7859
23618
-32093
30668
-19784
2798
15052
-28259
32749
-27138
13156
4884
-21417
31345
-31604
22115
-5805
-12296
26604
-32706
28720
-15875
-1866
19032
-30327
32268
-24256
8762
9435
-24721
32382
-30055
18458
-1167
-16484
29050
-32656
26189
-11644
-6492
22626
-31781
31133
-20882
4190
13795
-27524
32764
-27898
14427
3495
-20338
30908
-31944
23128
-7177
-10987
25762
-32591
29368
-17085
-467
17875
-29770
32482
-25175
10103
8085
-23780
32139
-30586
19598
-2565
-15259
28376
-32741
27007
-12942
-5114
21593
-31412
31541
-21942
5575
12512
-26740
32719
-28607
15670
2099
-19222
30415
-32227
24098
-8537
-9658
24874
-32417
29962
-18264
934
16685
-29158
32636
-26048
11426
6721
-22795
31837
-31060
20702
-3958
-14006
27650
-32766
27775
-14217
-3727
20520
-30985
31892
-22962
6949
11207
-25906
32615
-29263
16886
700
-18070
29866
-32450
25025
-9881
-8311
23940
-32184
30501
-19410
2332
15465
-28492
32731
-26874
12727
5345
-21768
31477
-31477
21768
-5345
-12727
26874
-32731
28492
-15465
-2332
19410
-30501
32184
-23940
8311
9881
-25025
32450
-29866
18070
-700
-16886
29263
-32615
25906
-11207
-6949
22962
-31892
30985
-20520
3727
14217
-27775
32766
-27650
14006
3958
-20702
31060
-31837
22795
-6721
-11426
26048
-32636
29158
-16685
-934
18264
-29962
32417
-24874
9658
8537
-24098
32227
-30415
19222
-2099
-15670
28607
-32719
26740
-12512
-5575
21942
-31541
31412
-21593
5114
12942
-27007
32741
-28376
15259
2565
-19598
30586
-32139
23780
-8085
-10103
25175
-32482
29770
-17875
467
17085
-29368
32591
-25762
10987
7177
-23128
31944
-30908
20338
-3495
-14427
27898
-32764
27524
-13795
-4190
20882
-31133
31781
-22626
6492
11644
-26189
32656
-29050
16484
1167
-18458
30055
-32382
24721
-9435
-8762
24256
-32268
30327
-19032
1866
15875
-28720
32706
-26604
12296
5805
-22115
31604
-31345
21417
-4884
-13156
27138
-32749
28259
-15052
-2798
19784
-30668
32093
-23618
7859
10325
-25324
32512
-29671
17679
-233
-17284
29470
-32566
25617
-10767
-7405
23293
-31996
30830
-20154
3262
14636
-28020
32761
-27397
13583
4421
-21062
31205
-31724
22457
-6264
-11862
26329
-32674
28942
-16282
-1400
18650
-30148
32346
-24567
9211
8987
-24412
32308
-30238
18842
-1633
-16079
28831
-32691
26467
-12079
-6034
22287
-31665
31276
-21240
4653
13370
-27268
32756
-28140
14844
3030
-19970
30750
-32045
23456
-7632
-10546
25471
-32540
29572
-17482
0
17482
-29572
32540
-25471
10546
7632
-23456
32045
-30750
19970
-3030
-14844
28140
-32756
27268
-13370
-4653
21240
-31276
31665
-22287
6034
12079
-26467
32691
-28831
16079
1633
-18842
30238
-32308
24412
-8987
-9211
24567
-32346
30148
-18650
1400
16282
-28942
32674
-26329
11862
6264
-22457
31724
-31205
21062
-4421
-13583
27397
-32761
28020
-14636
-3262
20154
-30830
31996
-23293
7405
10767
-25617
32566
-29470
17284
233
-17679
29671
-32512
25324
-10325
-7859
23618
-32093
30668
-19784
2798
15052
-28259
32749
-27138
13156
4884
-21417
31345
-31604
22115
-5805
-12296
26604
-32706
28720
-15875
-1866
19032
-30327
32268
-24256
8762
9435
-24721
32382
-30055
18458
-1167
-16484
29050
-32656
26189
-11644
-6492
22626
-31781
31133
-20882
4190
13795
-27524
32764
-27898
14427
3495
-20338
30908
-31944
23128
-7177
-10987
25762
-32591
29368
-17085
-467
17875
-29770
32482
-25175
10103
8085
-23780
32139
-30586
19598
-2565
-15259
28376
-32741
27007
-12942
-5114
21593
-31412
31541
-21942
5575
12512
-26740
32719
-28607
15670
2099
-19222
30415
-32227
24098
-8537
-9658
24874
-32417
29962
-18264
934
16685
-29158
32636
-26048
11426
6721
-22795
31837
-31060
20702
-3958
-14006
27650
-32766
27775
-14217
-3727
20520
-30985
31892
-22962
6949
11207
-25906
32615
-29263
16886
700
-18070
29866
-32450
25025
-9881
-8311
23940
-32184
30501
-19410
2332
15465
-28492
32731
-26874
12727
5345
-21768
31477
-31477
21768
-5345
-12727
26874
-32731
28492
-15465
-2332
19410
-30501
32184
-23940
8311
9881
-25025
32450
-29866
18070
-700
-16886
29263
-32615
25906
-11207
-6949
22962
-31892
30985
-20520
3727
14217
-27775
32766
-27650
14006
3958
-20702
31060
-31837
22795
-6721
-11426
26048
-32636
29158
-16685
-934
18264
-29962
32417
-24874
9658
8537
-24098
32227
-30415
19222
-2099
-15670
28607
-32719
26740
-12512
-5575
21942
-31541
31412
-21593
5114
12942
-27007
32741
-28376
15259
2565
-19598
30586
-32139
23780
-8085
-10103
25175
-32482
29770
-17875
467
17085
-29368
32591
-25762
10987
7177
-23128
31944
-30908
20338
-3495
-14427
27898
-32764
27524
-13795
-4190
20882
-31133
31781
-22626
6492
11644
-26189
32656
-29050
16484
1167
-18458
30055
-32382
24721
-9435
-8762
24256
-32268
30327
-19032
1866
15875
-28720
32706
-26604
12296
5805
-22115
31604
-31345
21417
-4884
-13156
27138
-32749
28259
-15052
-2798
19784
-30668
32093
-23618
7859
10325
-25324
32512
-29671
17679
-233
-17284
29470
-32566
25617
-10767
-7405
23293
-31996
30830
-20154
3262
14636
-28020
32761
-27397
13583
4421
-21062
31205
-31724
22457
-6264
-11862
26329
-32674
28942
-16282
-1400
18650
-30148
32346
-24567
9211
8987
-24412
32308
-30238
18842
-1633
-16079
28831
-32691
26467
-12079
-6034
22287
-31665
31276
-21240
4653
13370
-27268
32756
-28140
14844
3030
-19970
30750
-32045
23456
-7632
-10546
25471
-32540
29572
-17482
0
17482
-29572
32540
-25471
10546
7632
-23456
32045
-30750
19970
-3030
-14844
28140
-32756
27268
-13370
-4653
21240
-31276
31665
-22287
6034
12079
-26467
32691
-28831
16079
1633
-18842
30238
-32308
24412
-8987
-9211
24567
-32346
30148
-18650
1400
16282
-28942
32674
-26329
11862
6264
-22457
31724
-31205
21062
-4421
-13583
27397
-32761
28020
-14636
-3262
20154
-30830
31996
-23293
7405
10767
-25617
32566
-29470
17284
233
-17679
29671
-32512
25324
-10325
-7859
23618
-32093
30668
-19784
2798
15052
-28259
32749
-27138
13156
4884
-21417
31345
-31604
22115
-5805
-12296
26604
-32706
28720
-15875
-1866
19032
-30327
32268
-24256
8762
9435
-24721
32382
-30055
18458
-1167
-16484
29050
-32656
26189
-11644
-6492
22626
-31781
31133
-20882
4190
13795
-27524
32764
-27898
14427
3495
-20338
30908
-31944
23128
-7177
-10987
25762
-32591
29368
-17085
-467
17875
-29770
32482
-25175
10103
8085
-23780
32139
-30586
19598
-2565
-15259
28376
-32741
27007
-12942
-5114
21593
-31412
31541
-21942
5575
12512
-26740
32719
-28607
15670
2099
-19222
30415
-32227
24098
-8537
-9658
24874
-32417
29962
-18264
934
16685
-29158
32636
-26048
11426
6721
-22795
31837
-31060
20702
-3958
-14006
27650
-32766
27775
-14217
-3727
20520
-30985
31892
-22962
6949
11207
-25906
32615
-29263
16886
700
-18070
29866
-32450
25025
-9881
-8311
23940
-32184
30501
-19410
2332
15465
-28492
32731
-26874
12727
5345
-21768
31477
-31477
21768
-5345
-12727
26874
-32731
28492
-15465
-2332
19410
-30501
32184
-23940
8311
9881
-25025
32450
-29866
18070
-700
-16886
29263
-32615
25906
-11207
-6949
22962
-31892
30985
-20520
3727
14217
-27775
32766
-27650
14006
3958
-20702
31060
-31837
22795
-6721
-11426
26048
-32636
29158
-16685
-934
18264
-29962
32417
-24874
9658
8537
-24098
32227
-30415
19222
-2099
-15670
28607
-32719
26740
-12512
-5575
21942
-31541
31412
-21593
5114
12942
-27007
32741
-28376
15259
2565
-19598
30586
-32139
23780
-8085
-10103
25175
-32482
29770
-17875
467
17085
-29368
32591
-25762
10987
7177
-23128
31944
-30908
20338
-3495
-14427
27898
-32764
27524
-13795
-4190
20882
-31133
31781
-22626
6492
11644
-26189
32656
-29050
16484
1167
-18458
30055
-32382
24721
-9435
-8762
24256
-32268
30327
-19032
1866
15875
-28720
32706
-26604
12296
5805
-22115
31604
-31345
21417
-4884
-13156
27138
-32749
28259
-15052
-2798
19784
-30668
32093
-23618
7859
10325
-25324
32512
-29671
17679
-233
-17284
29470
-32566
25617
-10767
-7405
23293
-31996
30830
-20154
3262
14636
-28020
32761
-27397
13583
4421
-21062
31205
-31724
22457
-6264
-11862
26329
-32674
28942
-16282
-1400
18650
-30148
32346
-24567
9211
8987
-24412
32308
-30238
18842
-1633
-16079
28831
-32691
26467
-12079
-6034
22287
-31665
31276
-21240
4653
13370
-27268
32756
-28140
14844
3030
-19970
30750
-32045
23456
-7632
-10546
25471
-32540
29572
-17482
0
17482
-29572
32540
-25471
10546
7632
-23456
32045
-30750
19970
-3030
-14844
28140
-32756
27268
-13370
-4653
21240
-31276
31665
-22287
6034
12079
-26467
32691
-28831
16079
1633
-18842
30238
-32308
24412
-8987
-9211
24567
-32346
30148
-18650
1400
16282
-28942
32674
-26329
11862
6264
-22457
31724
-31205
21062
-4421
-13583
27397
-32761
28020
-14636
-3262
20154
-30830
31996
-23293
7405
10767
-25617
32566
-29470
17284
233
-17679
29671
-32512
25324
-10325
-7859
23618
-32093
30668
-19784
2798
15052
-28259
32749
-27138
13156
4884
-21417
31345
-31604
22115
-5805
-12296
26604
-32706
28720
-15875
-1866
19032
-30327
32268
-24256
8762
9435
-24721
32382
-30055
18458
-1167
-16484
29050
-32656
26189
-11644
-6492
22626
-31781
31133
-20882
4190
13795
-27524
32764
-27898
14427
3495
-20338
30908
-31944
23128
-7177
-10987
25762
-32591
29368
-17085
-467
17875
-29770
32482
-25175
10103
8085
-23780
32139
-30586
19598
-2565
-15259
28376
-32741
27007
-12942
-5114
21593
-31412
31541
-21942
5575
12512
-26740
32719
-28607
15670
2099
-19222
30415
-32227
24098
-8537
-9658
24874
-32417
29962
-18264
934
16685
-29158
32636
-26048
11426
6721
-22795
31837
-31060
20702
-3958
-14006
27650
-32766
27775
-14217
-3727
20520
-30985
31892
-22962
6949
11207
-25906
32615
-29263
16886
700
-18070
29866
-32450
25025
-9881
-8311
23940
-32184
30501
-19410
2332
15465
-28492
32731
-26874
12727
5345
-21768
31477
-31477
21768
-5345
-12727
26874
-32731
28492
-15465
-2332
19410
-30501
32184
-23940
8311
9881
-25025
32450
-29866
18070
-700
-16886
29263
-32615
25906
-11207
-6949
22962
-31892
30985
-20520
3727
14217
-27775
32766
-27650
14006
3958
-20702
31060
-31837
22795
-6721
-11426
26048
-32636
29158
-16685
-934
18264
-29962
32417
-24874
9658
8537
-24098
32227
-30415
19222
-2099
-15670
28607
-32719
26740
-12512
-5575
21942
-31541
31412
-21593
5114
12942
-27007
32741
-28376
15259
2565
-19598
30586
-32139
23780
-8085
-10103
25175
-32482
29770
-17875
467
17085
-29368
32591
-25762
10987
7177
-23128
31944
-30908
20338
-3495
-14427
27898
-32764
27524
-13795
-4190
20882
-31133
31781
-22626
6492
11644
-26189
32656
-29050
16484
1167
-18458
30055
-32382
24721
-9435
-8762
24256
-32268
30327
-19032
1866
15875
-28720
32706
-26604
12296
5805
-22115
31604
-31345
21417
-4884
-13156
27138
-32749
28259
-15052
-2798
19784
-30668
32093
-23618
7859
10325
-25324
32512
-29671
17679
-233
-17284
29470
-32566
25617
-10767
-7405
23293
-31996
30830
-20154
3262
14636
-28020
32761
-27397
13583
4421
-21062
31205
-31724
22457
-6264
-11862
26329
-32674
28942
-16282
-1400
18650
-30148
32346
-24567
9211
8987
-24412
32308
-30238
18842
-1633
-16079
28831
-32691
26467
-12079
-6034
22287
-31665
31276
-21240
4653
13370
-27268
32756
-28140
14844
3030
-19970
30750
-32045
23456
-7632
-10546
25471
-32540
29572
-17482
0
17482
-29572
32540
-25471
10546
7632
-23456
32045
-30750
19970
-3030
-14844
28140
-32756
27268
-13370
-4653
21240
-31276
31665
-22287
6034
12079
-26467
32691
-28831
16079
1633
-18842
30238
-32308
24412
-8987
-9211
24567
-32346
30148
-18650
1400
16282
-28942
32674
-26329
11862
6264
-22457
31724
-31205
21062
-4421
-13583
27397
-32761
28020
-14636
-3262
20154
-30830
31996
-23293
7405
10767
-25617
32566
-29470
17284
233
-17679
29671
-32512
25324
-10325
-7859
23618
-32093
30668
-19784
2798
15052
-28259
32749
-27138
13156
4884
-21417
31345
-31604
22115
-5805
-12296
26604
-32706
28720
-15875
-1866
19032
-30327
32268
-24256
8762
9435
-24721
32382
-30055
18458
-1167
-16484
29050
-32656
26189
-11644
-6492
22626
-31781
31133
-20882
4190
13795
-27524
32764
-27898
14427
3495
-20338
30908
-31944
23128
-7177
-10987
25762
-32591
29368
-17085
-467
17875
-29770
32482
-25175
10103
8085
-23780
32139
-30586
19598
-2565
-15259
28376
-32741
27007
-12942
-5114
21593
-31412
31541
-21942
5575
12512
-26740
32719
-28607
15670
2099
-19222
30415
-32227
24098
-8537
-9658
24874
-32417
29962
-18264
934
16685
-29158
32636
-26048
11426
6721
-22795
31837
-31060
20702
-3958
-14006
27650
-32766
27775
-14217
-3727
20520
-30985
31892
-22962
6949
11207
-25906
32615
-29263
16886
700
-18070
29866
-32450
25025
-9881
-8311
23940
-32184
30501
-19410
2332
15465
-28492
32731
-26874
12727
5345
-21768
31477
-31477
21768
-5345
-12727
26874
-32731
28492
-15465
-2332
19410
-30501
32184
-23940
8311
9881
-25025
32450
-29866
18070
-700
-16886
29263
-32615
25906
-11207
-6949
22962
-31892
30985
-20520
3727
14217
-27775
32766
-27650
14006
3958
-20702
31060
-31837
22795
-6721
-11426
26048
-32636
29158
-16685
-934
18264
-29962
32417
-24874
9658
8537
-24098
32227
-30415
19222
-2099
-15670
28607
-32719
26740
-12512
-5575
21942
-31541
31412
-21593
5114
12942
-27007
32741
-28376
15259
2565
-19598
30586
-32139
23780
-8085
-10103
25175
-32482
29770
-17875
467
17085
-29368
32591
-25762
10987
7177
-23128
31944
-30908
20338
-3495
-14427
27898
-32764
27524
-13795
-4190
20882
-31133
31781
-22626
6492
11644
-26189
32656
-29050
16484
1167
-18458
30055
-32382
24721
-9435
-8762
24256
-32268
30327
-19032
1866
15875
-28720
32706
-26604
12296
5805
-22115
31604
-31345
21417
-4884
-13156
27138
-32749
28259
-15052
-2798
19784
-30668
32093
-23618
7859
10325
-25324
32512
-29671
17679
-233
-17284
29470
-32566
25617
-10767
-7405
23293
-31996
30830
-20154
3262
14636
-28020
32761
-27397
13583
4421
-21062
31205
-31724
22457
-6264
-11862
26329
-32674
28942
-16282
-1400
18650
-30148
32346
-24567
9211
8987
-24412
32308
-30238
18842
-1633
-16079
28831
-32691
26467
-12079
-6034
22287
-31665
31276
-21240
4653
13370
-27268
32756
-28140
14844
3030
-19970
30750
-32045
23456
-7632
-10546
25471
-32540
29572
-17482
0
17482
-29572
32540
-25471
10546
7632
-23456
32045
-30750
19970
-3030
-14844
28140
-32756
27268
-13370
-4653
21240
-31276
31665
-22287
6034
12079
-26467
32691
-28831
16079
1633
-18842
30238
-32308
24412
-8987
-9211
24567
-32346
30148
-18650
1400
16282
-28942
32674
-26329
11862
6264
-22457
31724
-31205
21062
-4421
-13583
27397
-32761
28020
-14636
-3262
20154
-30830
31996
-23293
7405
10767
-25617
32566
-29470
17284
233
-17679
29671
-32512
25324
-10325
-7859
23618
-32093
30668
-19784
2798
15052
-28259
32749
-27138
13156
4884
-21417
31345
-31604
22115
-5805
-12296
26604
-32706
28720
-15875
-1866
19032
-30327
32268
-24256
8762
9435
-24721
32382
-30055
18458
-1167
-16484
29050
-32656
26189
-11644
-6492
22626
-31781
31133
-20882
4190
13795
-27524
32764
-27898
14427
3495
-20338
30908
-31944
23128
-7177
-10987
25762
-32591
29368
-17085
-467
17875
-29770
32482
-25175
10103
8085
-23780
32139
-30586
19598
-2565
-15259
28376
-32741
27007
-12942
-5114
21593
-31412
31541
-21942
5575
12512
-26740
32719
-28607
15670
2099
-19222
30415
-32227
24098
-8537
-9658
24874
-32417
29962
-18264
934
16685
-29158
32636
-26048
11426
6721
-22795
31837
-31060
20702
-3958
-14006
27650
-32766
27775
-14217
-3727
20520
-30985
31892
-22962
6949
11207
-25906
32615
-29263
16886
700
-18070
29866
-32450
25025
-9881
-8311
23940
-32184
30501
-19410
2332
15465
-28492
32731
-26874
12727
5345
-21768
31477
-31477
21768
-5345
-12727
26874
-32731
28492
-15465
-2332
19410
-30501
32184
-23940
8311
9881
-25025
32450
-29866
18070
-700
-16886
29263
-32615
25906
-11207
-6949
22962
-31892
30985
-20520
3727
14217
-27775
32766
-27650
14006
3958
-20702
31060
-31837
22795
-6721
-11426
26048
-32636
29158
-16685
-934
18264
-29962
32417
-24874
9658
8537
-24098
32227
-30415
19222
-2099
-15670
28607
-32719
26740
-12512
-5575
21942
-31541
31412
-21593
5114
12942
-27007
32741
-28376
15259
2565
-19598
30586
-32139
23780
-8085
-10103
25175
-32482
29770
-17875
467
17085
-29368
32591
-25762
10987
7177
-23128
31944
-30908
20338
-3495
-14427
27898
-32764
27524
-13795
-4190
20882
-31133
31781
-22626
6492
11644
-26189
32656
-29050
16484
1167
-18458
30055
-32382
24721
-9435
-8762
24256
-32268
30327
-19032
1866
15875
-28720
32706
-26604
12296
5805
-22115
31604
-31345
21417
-4884
-13156
27138
-32749
28259
-15052
-2798
19784
-30668
32093
-23618
7859
10325
-25324
32512
-29671
17679
-233
-17284
29470
-32566
25617
-10767
-7405
23293
-31996
30830
-20154
3262
14636
-28020
32761
-27397
13583
4421
-21062
31205
-31724
22457
-6264
-11862
26329
-32674
28942
-16282
-1400
18650
-30148
32346
-24567
9211
8987
-24412
32308
-30238
18842
-1633
-16079
28831
-32691
26467
-12079
-6034
22287
-31665
31276
-21240
4653
13370
-27268
32756
-28140
14844
3030
-19970
30750
-32045
23456
-7632
-10546
25471
-32540
29572
-17482
0
17482
-29572
32540
-25471
10546
7632
-23456
32045
-30750
19970
-3030
-14844
28140
-32756
27268
-13370
-4653
21240
-31276
31665
-22287
6034
12079
-26467
32691
-28831
16079
1633
-18842
30238
-32308
24412
-8987
-9211
24567
-32346
30148
-18650
1400
16282
-28942
32674
-26329
11862
6264
-22457
31724
-31205
21062
-4421
-13583
27397
-32761
28020
-14636
-3262
20154
-30830
31996
-23293
7405
10767
-25617
32566
-29470
17284
233
-17679
29671
-32512
25324
-10325
-7859
23618
-32093
30668
-19784
2798
15052
-28259
32749
-27138
13156
4884
-21417
31345
-31604
22115
-5805
-12296
26604
-32706
28720
-15875
-1866
19032
-30327
32268
-24256
8762
9435
-24721
32382
-30055
18458
-1167
-16484
29050
-32656
26189
-11644
-6492
22626
-31781
31133
-20882
4190
13795
-27524
32764
-27898
14427
3495
-20338
30908
-31944
23128
-7177
-10987
25762
-32591
29368
-17085
-467
17875
-29770
32482
-25175
10103
8085
-23780
32139
-30586
19598
-2565
-15259
28376
-32741
27007
-12942
-5114
21593
-31412
31541
-21942
5575
12512
-26740
32719
-28607
15670
2099
-19222
30415
-32227
24098
-8537
-9658
24874
-32417
29962
-18264
934
16685
-29158
32636
-26048
11426
6721
-22795
31837
-31060
20702
-3958
-14006
27650
-32766
27775
-14217
-3727
20520
-30985
31892
-22962
6949
11207
-25906
32615
-29263
16886
700
-18070
29866
-32450
25025
-9881
-8311
23940
-32184
30501
-19410
2332
15465
-28492
32731
-26874
12727
5345
-21768
31477
-31477
21768
-5345
-12727
26874
-32731
28492
-15465
-2332
19410
-30501
32184
-23940
8311
9881
-25025
32450
-29866
18070
-700
-16886
29263
-32615
25906
-11207
-6949
22962
-31892
30985
-20520
3727
14217
-27775
32766
-27650
14006
3958
-20702
31060
-31837
22795
-6721
-11426
26048
-32636
29158
-16685
-934
18264
-29962
32417
-24874
9658
8537
-24098
32227
-30415
19222
-2099
-15670
28607
-32719
26740
-12512
-5575
21942
-31541
31412
-21593
5114
12942
-27007
32741
-28376
15259
2565
-19598
30586
-32139
23780
-8085
-10103
25175
-32482
29770
-17875
467
17085
-29368
32591
-25762
10987
7177
-23128
31944
-30908
20338
-3495
-14427
27898
-32764
27524
-13795
-4190
20882
-31133
31781
-22626
6492
11644
-26189
32656
-29050
16484
1167
-18458
30055
-32382
24721
-9435
-8762
24256
-32268
30327
-19032
1866
15875
-28720
32706
-26604
12296
5805
-22115
31604
-31345
21417
-4884
-13156
27138
-32749
28259
-15052
-2798
19784
-30668
32093
-23618
7859
10325
-25324
32512
-29671
17679
-233
-17284
29470
-32566
25617
-10767
-7405
23293
-31996
30830
-20154
3262
14636
-28020
32761
-27397
13583
4421
-21062
31205
-31724
22457
-6264
-11862
26329
-32674
28942
-16282
-1400
18650
-30148
32346
-24567
9211
8987
-24412
32308
-30238
18842
-1633
-16079
28831
-32691
26467
-12079
-6034
22287
-31665
31276
-21240
4653
13370
-27268
32756
-28140
14844
3030
-19970
30750
-32045
23456
-7632
-10546
25471
-32540
29572
-17482
0
17482
-29572
32540
-25471
10546
7632
-23456
32045
-30750
19970
-3030
-14844
28140
-32756
27268
-13370
-4653
21240
-31276
31665
-22287
6034
12079
-26467
32691
-28831
16079
1633
-18842
30238
-32308
24412
-8987
-9211
24567
-32346
30148
-18650
1400
16282
-28942
32674
-26329
11862
6264
-22457
31724
-31205
21062
-4421
-13583
27397
-32761
28020
-14636
-3262
20154
-30830
31996
-23293
7405
10767
-25617
32566
-29470
17284
233
-17679
29671
-32512
25324
-10325
-7859
23618
-32093
30668
-19784
2798
15052
-28259
32749
-27138
13156
4884
-21417
31345
-31604
22115
-5805
-12296
26604
-32706
28720
-15875
-1866
19032
-30327
32268
-24256
8762
9435
-24721
32382
-30055
18458
-1167
-16484
29050
-32656
26189
-11644
-6492
22626
-31781
31133
-20882
4190
13795
-27524
32764
-27898
14427
3495
-20338
30908
-31944
23128
-7177
-10987
25762
-32591
29368
-17085
-467
17875
-29770
32482
-25175
10103
8085
-23780
32139
-30586
19598
-2565
-15259
28376
-32741
27007
-12942
-5114
21593
-31412
31541
-21942
5575
12512
-26740
32719
-28607
15670
2099
-19222
30415
-32227
24098
-8537
-9658
24874
-32417
29962
-18264
934
16685
-29158
32636
-26048
11426
6721
-22795
31837
-31060
20702
-3958
-14006
27650
-32766
27775
-14217
-3727
20520
-30985
31892
-22962
6949
11207
-25906
32615
-29263
16886
700
-18070
29866
-32450
25025
-9881
-8311
23940
-32184
30501
-19410
2332
15465
-28492
32731
-26874
12727
5345
-21768
31477
-31477
21768
-5345
-12727
26874
-32731
28492
-15465
-2332
19410
-30501
32184
-23940
8311
9881
-25025
32450
-29866
18070
-700
-16886
29263
-32615
25906
-11207
-6949
22962
-31892
30985
-20520
3727
14217
-27775
32766
-27650
14006
3958
-20702
31060
-31837
22795
-6721
-11426
26048
-32636
29158
-16685
-934
18264
-29962
32417
-24874
9658
8537
-24098
32227
-30415
19222
-2099
-15670
28607
-32719
26740
-12512
-5575
21942
-31541
31412
-21593
5114
12942
-27007
32741
-28376
15259
2565
-19598
30586
-32139
23780
-8085
-10103
25175
-32482
29770
-17875
467
17085
-29368
32591
-25762
10987
7177
-23128
31944
-30908
20338
-3495
-14427
27898
-32764
27524
-13795
-4190
20882
-31133
31781
-22626
6492
11644
-26189
32656
-29050
16484
1167
-18458
30055
-32382
24721
-9435
-8762
24256
-32268
30327
-19032
1866
15875
-28720
32706
-26604
12296
5805
-22115
31604
-31345
21417
-4884
-13156
27138
-32749
28259
-15052
-2798
19784
-30668
32093
-23618
7859
10325
-25324
32512
-29671
17679
-233
-17284
29470
-32566
25617
-10767
-7405
23293
-31996
30830
-20154
3262
14636
-28020
32761
-27397
13583
4421
-21062
31205
-31724
22457
-6264
-11862
26329
-32674
28942
-16282
-1400
18650
-30148
32346
-24567
9211
8987
-24412
32308
-30238
18842
-1633
-16079
28831
-32691
26467
-12079
-6034
22287
-31665
31276
-21240
4653
13370
-27268
32756
-28140
14844
3030
-19970
30750
-32045
23456
-7632
-10546
25471
-32540
29572
-17482
