0
16685
-28720
32749
-27650
14844
2099
-18458
29671
-32615
26467
-12942
-4190
20154
-30501
32346
-25175
10987
6264
-21768
31205
-31944
23780
-8987
-8311
23293
-31781
31412
-22287
6949
10325
-24721
32227
-30750
20702
-4884
-12296
26048
-32540
29962
-19032
2798
14217
-27268
32719
-29050
17284
-700
-16079
28376
-32764
28020
-15465
-1400
17875
-29368
32674
-26874
13583
3495
-19598
30238
-32450
25617
-11644
-5575
21240
-30985
32093
-24256
9658
7632
-22795
31604
-31604
22795
-7632
-9658
24256
-32093
30985
-21240
5575
11644
-25617
32450
-30238
19598
-3495
-13583
26874
-32674
29368
-17875
1400
15465
-28020
32764
-28376
16079
700
-17284
29050
-32719
27268
-14217
-2798
19032
-29962
32540
-26048
12296
4884
-20702
30750
-32227
24721
-10325
-6949
22287
-31412
31781
-23293
8311
8987
-23780
31944
-31205
21768
-6264
-10987
25175
-32346
30501
-20154
4190
12942
-26467
32615
-29671
18458
-2099
-14844
27650
-32749
28720
-16685
0
16685
-28720
32749
-27650
14844
2099
-18458
29671
-32615
26467
-12942
-4190
20154
-30501
32346
-25175
10987
6264
-21768
31205
-31944
23780
-8987
-8311
23293
-31781
31412
-22287
6949
10325
-24721
32227
-30750
20702
-4884
-12296
26048
-32540
29962
-19032
2798
14217
-27268
32719
-29050
17284
-700
-16079
28376
-32764
28020
-15465
-1400
17875
-29368
32674
-26874
13583
3495
-19598
30238
-32450
25617
-11644
-5575
21240
-30985
32093
-24256
9658
7632
-22795
31604
-31604
22795
-7632
-9658
24256
-32093
30985
-21240
5575
11644
-25617
32450
-30238
19598
-3495
-13583
26874
-32674
29368
-17875
1400
15465
-28020
32764
-28376
16079
700
-17284
29050
-32719
27268
-14217
-2798
19032
-29962
32540
-26048
12296
4884
-20702
30750
-32227
24721
-10325
-6949
22287
-31412
31781
-23293
8311
8987
-23780
31944
-31205
21768
-6264
-10987
25175
-32346
30501
-20154
4190
12942
-26467
32615
-29671
18458
-2099
-14844
27650
-32749
28720
-16685
0
16685
-28720
32749
-27650
14844
2099
-18458
29671
-32615
26467
-12942
-4190
20154
-30501
32346
-25175
10987
6264
-21768
31205
-31944
23780
-8987
-8311
23293
-31781
31412
-22287
6949
10325
-24721
32227
-30750
20702
-4884
-12296
26048
-32540
29962
-19032
2798
14217
-27268
32719
-29050
17284
-700
-16079
28376
-32764
28020
-15465
-1400
17875
-29368
32674
-26874
13583
3495
-19598
30238
-32450
25617
-11644
-5575
21240
-30985
32093
-24256
9658
7632
-22795
31604
-31604
22795
-7632
-9658
24256
-32093
30985
-21240
5575
11644
-25617
32450
-30238
19598
-3495
-13583
26874
-32674
29368
-17875
1400
15465
-28020
32764
-28376
16079
700
-17284
29050
-32719
27268
-14217
-2798
19032
-29962
32540
-26048
12296
4884
-20702
30750
-32227
24721
-10325
-6949
22287
-31412
31781
-23293
8311
8987
-23780
31944
-31205
21768
-6264
-10987
25175
-32346
30501
-20154
4190
12942
-26467
32615
-29671
18458
-2099
-14844
27650
-32749
28720
-16685
0
16685
-28720
32749
-27650
14844
2099
-18458
29671
-32615
26467
-12942
-4190
20154
-30501
32346
-25175
10987
6264
-21768
31205
-31944
23780
-8987
-8311
23293
-31781
31412
-22287
6949
10325
-24721
32227
-30750
20702
-4884
-12296
26048
-32540
29962
-19032
2798
14217
-27268
32719
-29050
17284
-700
-16079
28376
-32764
28020
-15465
-1400
17875
-29368
32674
-26874
13583
3495
-19598
30238
-32450
25617
-11644
-5575
21240
-30985
32093
-24256
9658
7632
-22795
31604
-31604
22795
-7632
-9658
24256
-32093
30985
-21240
5575
11644
-25617
32450
-30238
19598
-3495
-13583
26874
-32674
29368
-17875
1400
15465
-28020
32764
-28376
16079
700
-17284
29050
-32719
27268
-14217
-2798
19032
-29962
32540
-26048
12296
4884
-20702
30750
-32227
24721
-10325
-6949
22287
-31412
31781
-23293
8311
8987
-23780
31944
-31205
21768
-6264
-10987
25175
-32346
30501
-20154
4190
12942
-26467
32615
-29671
18458
-2099
-14844
27650
-32749
28720
-16685
0
16685
-28720
32749
-27650
14844
2099
-18458
29671
-32615
26467
-12942
-4190
20154
-30501
32346
-25175
10987
6264
-21768
31205
-31944
23780
-8987
-8311
23293
-31781
31412
-22287
6949
10325
-24721
32227
-30750
20702
-4884
-12296
26048
-32540
29962
-19032
2798
14217
-27268
32719
-29050
17284
-700
-16079
28376
-32764
28020
-15465
-1400
17875
-29368
32674
-26874
13583
3495
-19598
30238
-32450
25617
-11644
-5575
21240
-30985
32093
-24256
9658
7632
-22795
31604
-31604
22795
-7632
-9658
24256
-32093
30985
-21240
5575
11644
-25617
32450
-30238
19598
-3495
-13583
26874
-32674
29368
-17875
1400
15465
-28020
32764
-28376
16079
700
-17284
29050
-32719
27268
-14217
-2798
19032
-29962
32540
-26048
12296
4884
-20702
30750
-32227
24721
-10325
-6949
22287
-31412
31781
-23293
8311
8987
-23780
31944
-31205
21768
-6264
-10987
25175
-32346
30501
-20154
4190
12942
-26467
32615
-29671
18458
-2099
-14844
27650
-32749
28720
-16685
0
16685
-28720
32749
-27650
14844
2099
-18458
29671
-32615
26467
-12942
-4190
20154
-30501
32346
-25175
10987
6264
-21768
31205
-31944
23780
-8987
-8311
23293
-31781
31412
-22287
6949
10325
-24721
32227
-30750
20702
-4884
-12296
26048
-32540
29962
-19032
2798
14217
-27268
32719
-29050
17284
-700
-16079
28376
-32764
28020
-15465
-1400
17875
-29368
32674
-26874
13583
3495
-19598
30238
-32450
25617
-11644
-5575
21240
-30985
32093
-24256
9658
7632
-22795
31604
-31604
22795
-7632
-9658
24256
-32093
30985
-21240
5575
11644
-25617
32450
-30238
19598
-3495
-13583
26874
-32674
29368
-17875
1400
15465
-28020
32764
-28376
16079
700
-17284
29050
-32719
27268
-14217
-2798
19032
-29962
32540
-26048
12296
4884
-20702
30750
-32227
24721
-10325
-6949
22287
-31412
31781
-23293
8311
8987
-23780
31944
-31205
21768
-6264
-10987
25175
-32346
30501
-20154
4190
12942
-26467
32615
-29671
18458
-2099
-14844
27650
-32749
28720
-16685
0
16685
-28720
32749
-27650
14844
2099
-18458
29671
-32615
26467
-12942
-4190
20154
-30501
32346
-25175
10987
6264
-21768
31205
-31944
23780
-8987
-8311
23293
-31781
31412
-22287
6949
10325
-24721
32227
-30750
20702
-4884
-12296
26048
-32540
29962
-19032
2798
14217
-27268
32719
-29050
17284
-700
-16079
28376
-32764
28020
-15465
-1400
17875
-29368
32674
-26874
13583
3495
-19598
30238
-32450
25617
-11644
-5575
21240
-30985
32093
-24256
9658
7632
-22795
31604
-31604
22795
-7632
-9658
24256
-32093
30985
-21240
5575
11644
-25617
32450
-30238
19598
-3495
-13583
26874
-32674
29368
-17875
1400
15465
-28020
32764
-28376
16079
700
-17284
29050
-32719
27268
-14217
-2798
19032
-29962
32540
-26048
12296
4884
-20702
30750
-32227
24721
-10325
-6949
22287
-31412
31781
-23293
8311
8987
-23780
31944
-31205
21768
-6264
-10987
25175
-32346
30501
-20154
4190
12942
-26467
32615
-29671
18458
-2099
-14844
27650
-32749
28720
-16685
0
16685
-28720
32749
-27650
14844
2099
-18458
29671
-32615
26467
-12942
-4190
20154
-30501
32346
-25175
10987
6264
-21768
31205
-31944
23780
-8987
-8311
23293
-31781
31412
-22287
6949
10325
-24721
32227
-30750
20702
-4884
-12296
26048
-32540
29962
-19032
2798
14217
-27268
32719
-29050
17284
-700
-16079
28376
-32764
28020
-15465
-1400
17875
-29368
32674
-26874
13583
3495
-19598
30238
-32450
25617
-11644
-5575
21240
-30985
32093
-24256
9658
7632
-22795
31604
-31604
22795
-7632
-9658
24256
-32093
30985
-21240
5575
11644
-25617
32450
-30238
19598
-3495
-13583
26874
-32674
29368
-17875
1400
15465
-28020
32764
-28376
16079
700
-17284
29050
-32719
27268
-14217
-2798
19032
-29962
32540
-26048
12296
4884
-20702
30750
-32227
24721
-10325
-6949
22287
-31412
31781
-23293
8311
8987
-23780
31944
-31205
21768
-6264
-10987
25175
-32346
30501
-20154
4190
12942
-26467
32615
-29671
18458
-2099
-14844
27650
-32749
28720
-16685
0
16685
-28720
32749
-27650
14844
2099
-18458
29671
-32615
26467
-12942
-4190
20154
-30501
32346
-25175
10987
6264
-21768
31205
-31944
23780
-8987
-8311
23293
-31781
31412
-22287
6949
10325
-24721
32227
-30750
20702
-4884
-12296
26048
-32540
29962
-19032
2798
14217
-27268
32719
-29050
17284
-700
-16079
28376
-32764
28020
-15465
-1400
17875
-29368
32674
-26874
13583
3495
-19598
30238
-32450
25617
-11644
-5575
21240
-30985
32093
-24256
9658
7632
-22795
31604
-31604
22795
-7632
-9658
24256
-32093
30985
-21240
5575
11644
-25617
32450
-30238
19598
-3495
-13583
26874
-32674
29368
-17875
1400
15465
-28020
32764
-28376
16079
700
-17284
29050
-32719
27268
-14217
-2798
19032
-29962
32540
-26048
12296
4884
-20702
30750
-32227
24721
-10325
-6949
22287
-31412
31781
-23293
8311
8987
-23780
31944
-31205
21768
-6264
-10987
25175
-32346
30501
-20154
4190
12942
-26467
32615
-29671
18458
-2099
-14844
27650
-32749
28720
-16685
0
16685
-28720
32749
-27650
14844
2099
-18458
29671
-32615
26467
-12942
-4190
20154
-30501
32346
-25175
10987
6264
-21768
31205
-31944
23780
-8987
-8311
23293
-31781
31412
-22287
6949
10325
-24721
32227
-30750
20702
-4884
-12296
26048
-32540
29962
-19032
2798
14217
-27268
32719
-29050
17284
-700
-16079
28376
-32764
28020
-15465
-1400
17875
-29368
32674
-26874
13583
3495
-19598
30238
-32450
25617
-11644
-5575
21240
-30985
32093
-24256
9658
7632
-22795
31604
-31604
22795
-7632
-9658
24256
-32093
30985
-21240
5575
11644
-25617
32450
-30238
19598
-3495
-13583
26874
-32674
29368
-17875
1400
15465
-28020
32764
-28376
16079
700
-17284
29050
-32719
27268
-14217
-2798
19032
-29962
32540
-26048
12296
4884
-20702
30750
-32227
24721
-10325
-6949
22287
-31412
31781
-23293
8311
8987
-23780
31944
-31205
21768
-6264
-10987
25175
-32346
30501
-20154
4190
12942
-26467
32615
-29671
18458
-2099
-14844
27650
-32749
28720
-16685
0
16685
-28720
32749
-27650
14844
2099
-18458
29671
-32615
26467
-12942
-4190
20154
-30501
32346
-25175
10987
6264
-21768
31205
-31944
23780
-8987
-8311
23293
-31781
31412
-22287
6949
10325
-24721
32227
-30750
20702
-4884
-12296
26048
-32540
29962
-19032
2798
14217
-27268
32719
-29050
17284
-700
-16079
28376
-32764
28020
-15465
-1400
17875
-29368
32674
-26874
13583
3495
-19598
30238
-32450
25617
-11644
-5575
21240
-30985
32093
-24256
9658
7632
-22795
31604
-31604
22795
-7632
-9658
24256
-32093
30985
-21240
5575
11644
-25617
32450
-30238
19598
-3495
-13583
26874
-32674
29368
-17875
1400
15465
-28020
32764
-28376
16079
700
-17284
29050
-32719
27268
-14217
-2798
19032
-29962
32540
-26048
12296
4884
-20702
30750
-32227
24721
-10325
-6949
22287
-31412
31781
-23293
8311
8987
-23780
31944
-31205
21768
-6264
-10987
25175
-32346
30501
-20154
4190
12942
-26467
32615
-29671
18458
-2099
-14844
27650
-32749
28720
-16685
0
16685
-28720
32749
-27650
14844
2099
-18458
29671
-32615
26467
-12942
-4190
20154
-30501
32346
-25175
10987
6264
-21768
31205
-31944
23780
-8987
-8311
23293
-31781
31412
-22287
6949
10325
-24721
32227
-30750
20702
-4884
-12296
26048
-32540
29962
-19032
2798
14217
-27268
32719
-29050
17284
-700
-16079
28376
-32764
28020
-15465
-1400
17875
-29368
32674
-26874
13583
3495
-19598
30238
-32450
25617
-11644
-5575
21240
-30985
32093
-24256
9658
7632
-22795
31604
-31604
22795
-7632
-9658
24256
-32093
30985
-21240
5575
11644
-25617
32450
-30238
19598
-3495
-13583
26874
-32674
29368
-17875
1400
15465
-28020
32764
-28376
16079
700
-17284
29050
-32719
27268
-14217
-2798
19032
-29962
32540
-26048
12296
4884
-20702
30750
-32227
24721
-10325
-6949
22287
-31412
31781
-23293
8311
8987
-23780
31944
-31205
21768
-6264
-10987
25175
-32346
30501
-20154
4190
12942
-26467
32615
-29671
18458
-2099
-14844
27650
-32749
28720
-16685
0
16685
-28720
32749
-27650
14844
2099
-18458
29671
-32615
26467
-12942
-4190
20154
-30501
32346
-25175
10987
6264
-21768
31205
-31944
23780
-8987
-8311
23293
-31781
31412
-22287
6949
10325
-24721
32227
-30750
20702
-4884
-12296
26048
-32540
29962
-19032
2798
14217
-27268
32719
-29050
17284
-700
-16079
28376
-32764
28020
-15465
-1400
17875
-29368
32674
-26874
13583
3495
-19598
30238
-32450
25617
-11644
-5575
21240
-30985
32093
-24256
9658
7632
-22795
31604
-31604
22795
-7632
-9658
24256
-32093
30985
-21240
5575
11644
-25617
32450
-30238
19598
-3495
-13583
26874
-32674
29368
-17875
1400
15465
-28020
32764
-28376
16079
700
-17284
29050
-32719
27268
-14217
-2798
19032
-29962
32540
-26048
12296
4884
-20702
30750
-32227
24721
-10325
-6949
22287
-31412
31781
-23293
8311
8987
-23780
31944
-31205
21768
-6264
-10987
25175
-32346
30501
-20154
4190
12942
-26467
32615
-29671
18458
-2099
-14844
27650
-32749
28720
-16685
0
16685
-28720
32749
-27650
14844
2099
-18458
29671
-32615
26467
-12942
-4190
20154
-30501
32346
-25175
10987
6264
-21768
31205
-31944
23780
-8987
-8311
23293
-31781
31412
-22287
6949
10325
-24721
32227
-30750
20702
-4884
-12296
26048
-32540
29962
-19032
2798
14217
-27268
32719
-29050
17284
-700
-16079
28376
-32764
28020
-15465
-1400
17875
-29368
32674
-26874
13583
3495
-19598
30238
-32450
25617
-11644
-5575
21240
-30985
32093
-24256
9658
7632
-22795
31604
-31604
22795
-7632
-9658
24256
-32093
30985
-21240
5575
11644
-25617
32450
-30238
19598
-3495
-13583
26874
-32674
29368
-17875
1400
15465
-28020
32764
-28376
16079
700
-17284
29050
-32719
27268
-14217
-2798
19032
-29962
32540
-26048
12296
4884
-20702
30750
-32227
24721
-10325
-6949
22287
-31412
31781
-23293
8311
8987
-23780
31944
-31205
21768
-6264
-10987
25175
-32346
30501
-20154
4190
12942
-26467
32615
-29671
18458
-2099
-14844
27650
-32749
28720
-16685
0
16685
-28720
32749
-27650
14844
2099
-18458
29671
-32615
26467
-12942
-4190
20154
-30501
32346
-25175
10987
6264
-21768
31205
-31944
23780
-8987
-8311
23293
-31781
31412
-22287
6949
10325
-24721
32227
-30750
20702
-4884
-12296
26048
-32540
29962
-19032
2798
14217
-27268
32719
-29050
17284
-700
-16079
28376
-32764
28020
-15465
-1400
17875
-29368
32674
-26874
13583
3495
-19598
30238
-32450
25617
-11644
-5575
21240
-30985
32093
-24256
9658
7632
-22795
31604
-31604
22795
-7632
-9658
24256
-32093
30985
-21240
5575
11644
-25617
32450
-30238
19598
-3495
-13583
26874
-32674
29368
-17875
1400
15465
-28020
32764
-28376
16079
700
-17284
29050
-32719
27268
-14217
-2798
19032
-29962
32540
-26048
12296
4884
-20702
30750
-32227
24721
-10325
-6949
22287
-31412
31781
-23293
8311
8987
-23780
31944
-31205
21768
-6264
-10987
25175
-32346
30501
-20154
4190
12942
-26467
32615
-29671
18458
-2099
-14844
27650
-32749
28720
-16685
0
16685
-28720
32749
-27650
14844
2099
-18458
29671
-32615
26467
-12942
-4190
20154
-30501
32346
-25175
10987
6264
-21768
31205
-31944
23780
-8987
-8311
23293
-31781
31412
-22287
6949
10325
-24721
32227
-30750
20702
-4884
-12296
26048
-32540
29962
-19032
2798
14217
-27268
32719
-29050
17284
-700
-16079
28376
-32764
28020
-15465
-1400
17875
-29368
32674
-26874
13583
3495
-19598
30238
-32450
25617
-11644
-5575
21240
-30985
32093
-24256
9658
7632
-22795
31604
-31604
22795
-7632
-9658
24256
-32093
30985
-21240
5575
11644
-25617
32450
-30238
19598
-3495
-13583
26874
-32674
29368
-17875
1400
15465
-28020
32764
-28376
16079
700
-17284
29050
-32719
27268
-14217
-2798
19032
-29962
32540
-26048
12296
4884
-20702
30750
-32227
24721
-10325
-6949
22287
-31412
31781
-23293
8311
8987
-23780
31944
-31205
21768
-6264
-10987
25175
-32346
30501
-20154
4190
12942
-26467
32615
-29671
18458
-2099
-14844
27650
-32749
28720
-16685
0
16685
-28720
32749
-27650
14844
2099
-18458
29671
-32615
26467
-12942
-4190
20154
-30501
32346
-25175
10987
6264
-21768
31205
-31944
23780
-8987
-8311
23293
-31781
31412
-22287
6949
10325
-24721
32227
-30750
20702
-4884
-12296
26048
-32540
29962
-19032
2798
14217
-27268
32719
-29050
17284
-700
-16079
28376
-32764
28020
-15465
-1400
17875
-29368
32674
-26874
13583
3495
-19598
30238
-32450
25617
-11644
-5575
21240
-30985
32093
-24256
9658
7632
-22795
31604
-31604
22795
-7632
-9658
24256
-32093
30985
-21240
5575
11644
-25617
32450
-30238
19598
-3495
-13583
26874
-32674
29368
-17875
1400
15465
-28020
32764
-28376
16079
700
-17284
29050
-32719
27268
-14217
-2798
19032
-29962
32540
-26048
12296
4884
-20702
30750
-32227
24721
-10325
-6949
22287
-31412
31781
-23293
8311
8987
-23780
31944
-31205
21768
-6264
-10987
25175
-32346
30501
-20154
4190
12942
-26467
32615
-29671
18458
-2099
-14844
27650
-32749
28720
-16685
0
16685
-28720
32749
-27650
14844
2099
-18458
29671
-32615
26467
-12942
-4190
20154
-30501
32346
-25175
10987
6264
-21768
31205
-31944
23780
-8987
-8311
23293
-31781
31412
-22287
6949
10325
-24721
32227
-30750
20702
-4884
-12296
26048
-32540
29962
-19032
2798
14217
-27268
32719
-29050
17284
-700
-16079
28376
-32764
28020
-15465
-1400
17875
-29368
32674
-26874
13583
3495
-19598
30238
-32450
25617
-11644
-5575
21240
-30985
32093
-24256
9658
7632
-22795
31604
-31604
22795
-7632
-9658
24256
-32093
30985
-21240
5575
11644
-25617
32450
-30238
19598
-3495
-13583
26874
-32674
29368
-17875
1400
15465
-28020
32764
-28376
16079
700
-17284
29050
-32719
27268
-14217
-2798
19032
-29962
32540
-26048
12296
4884
-20702
30750
-32227
24721
-10325
-6949
22287
-31412
31781
-23293
8311
8987
-23780
31944
-31205
21768
-6264
-10987
25175
-32346
30501
-20154
4190
12942
-26467
32615
-29671
18458
-2099
-14844
27650
-32749
28720
-16685
0
16685
-28720
32749
-27650
14844
2099
-18458
29671
-32615
26467
-12942
-4190
20154
-30501
32346
-25175
10987
6264
-21768
31205
-31944
23780
-8987
-8311
23293
-31781
31412
-22287
6949
10325
-24721
32227
-30750
20702
-4884
-12296
26048
-32540
29962
-19032
2798
14217
-27268
32719
-29050
17284
-700
-16079
28376
-32764
28020
-15465
-1400
17875
-29368
32674
-26874
13583
3495
-19598
30238
-32450
25617
-11644
-5575
21240
-30985
32093
-24256
9658
7632
-22795
31604
-31604
22795
-7632
-9658
24256
-32093
30985
-21240
5575
11644
-25617
32450
-30238
19598
-3495
-13583
26874
-32674
29368
-17875
1400
15465
-28020
32764
-28376
16079
700
-17284
29050
-32719
27268
-14217
-2798
19032
-29962
32540
-26048
12296
4884
-20702
30750
-32227
24721
-10325
-6949
22287
-31412
31781
-23293
8311
8987
-23780
31944
-31205
21768
-6264
-10987
25175
-32346
30501
-20154
4190
12942
-26467
32615
-29671
18458
-2099
-14844
27650
-32749
28720
-16685
0
16685
-28720
32749
-27650
14844
2099
-18458
29671
-32615
26467
-12942
-4190
20154
-30501
32346
-25175
10987
6264
-21768
31205
-31944
23780
-8987
-8311
23293
-31781
31412
-22287
6949
10325
-24721
32227
-30750
20702
-4884
-12296
26048
-32540
29962
-19032
2798
14217
-27268
32719
-29050
17284
-700
-16079
28376
-32764
28020
-15465
-1400
17875
-29368
32674
-26874
13583
3495
-19598
30238
-32450
25617
-11644
-5575
21240
-30985
32093
-24256
9658
7632
-22795
31604
-31604
22795
-7632
-9658
24256
-32093
30985
-21240
5575
11644
-25617
32450
-30238
19598
-3495
-13583
26874
-32674
29368
-17875
1400
15465
-28020
32764
-28376
16079
700
-17284
29050
-32719
27268
-14217
-2798
19032
-29962
32540
-26048
12296
4884
-20702
30750
-32227
24721
-10325
-6949
22287
-31412
31781
-23293
8311
8987
-23780
31944
-31205
21768
-6264
-10987
25175
-32346
30501
-20154
4190
12942
-26467
32615
-29671
18458
-2099
-14844
27650
-32749
28720
-16685
0
16685
-28720
32749
-27650
14844
2099
-18458
29671
-32615
26467
-12942
-4190
20154
-30501
32346
-25175
10987
6264
-21768
31205
-31944
23780
-8987
-8311
23293
-31781
31412
-22287
6949
10325
-24721
32227
-30750
20702
-4884
-12296
26048
-32540
29962
-19032
2798
14217
-27268
32719
-29050
17284
-700
-16079
28376
-32764
28020
-15465
-1400
17875
-29368
32674
-26874
13583
3495
-19598
30238
-32450
25617
-11644
-5575
21240
-30985
32093
-24256
9658
7632
-22795
31604
-31604
22795
-7632
-9658
24256
-32093
30985
-21240
5575
11644
-25617
32450
-30238
19598
-3495
-13583
26874
-32674
29368
-17875
1400
15465
-28020
32764
-28376
16079
700
-17284
29050
-32719
27268
-14217
-2798
19032
-29962
32540
-26048
12296
4884
-20702
30750
-32227
24721
-10325
-6949
22287
-31412
31781
-23293
8311
8987
-23780
31944
-31205
21768
-6264
-10987
25175
-32346
30501
-20154
4190
12942
-26467
32615
-29671
18458
-2099
-14844
27650
-32749
28720
-16685
0
16685
-28720
32749
-27650
14844
2099
-18458
29671
-32615
26467
-12942
-4190
20154
-30501
32346
-25175
10987
6264
-21768
31205
-31944
23780
-8987
-8311
23293
-31781
31412
-22287
6949
10325
-24721
32227
-30750
20702
-4884
-12296
26048
-32540
29962
-19032
2798
14217
-27268
32719
-29050
17284
-700
-16079
28376
-32764
28020
-15465
-1400
17875
-29368
32674
-26874
13583
3495
-19598
30238
-32450
25617
-11644
-5575
21240
-30985
32093
-24256
9658
7632
-22795
31604
-31604
22795
-7632
-9658
24256
-32093
30985
-21240
5575
11644
-25617
32450
-30238
19598
-3495
-13583
26874
-32674
29368
-17875
1400
15465
-28020
32764
-28376
16079
700
-17284
29050
-32719
27268
-14217
-2798
19032
-29962
32540
-26048
12296
4884
-20702
30750
-32227
24721
-10325
-6949
22287
-31412
31781
-23293
8311
8987
-23780
31944
-31205
21768
-6264
-10987
25175
-32346
30501
-20154
4190
12942
-26467
32615
-29671
18458
-2099
-14844
27650
-32749
28720
-16685
0
16685
-28720
32749
-27650
14844
2099
-18458
29671
-32615
26467
-12942
-4190
20154
-30501
32346
-25175
10987
6264
-21768
31205
-31944
23780
-8987
-8311
23293
-31781
31412
-22287
6949
10325
-24721
32227
-30750
20702
-4884
-12296
26048
-32540
29962
-19032
2798
14217
-27268
32719
-29050
17284
-700
-16079
28376
-32764
28020
-15465
-1400
17875
-29368
32674
-26874
13583
3495
-19598
30238
-32450
25617
-11644
-5575
21240
-30985
32093
-24256
9658
7632
-22795
31604
-31604
22795
-7632
-9658
24256
-32093
30985
-21240
5575
11644
-25617
32450
-30238
19598
-3495
-13583
26874
-32674
29368
-17875
1400
15465
-28020
32764
-28376
16079
700
-17284
29050
-32719
27268
-14217
-2798
19032
-29962
32540
-26048
12296
4884
-20702
30750
-32227
24721
-10325
-6949
22287
-31412
31781
-23293
8311
8987
-23780
31944
-31205
21768
-6264
-10987
25175
-32346
30501
-20154
4190
12942
-26467
32615
-29671
18458
-2099
-14844
27650
-32749
28720
-16685
0
16685
-28720
32749
-27650
14844
2099
-18458
29671
-32615
26467
-12942
-4190
20154
-30501
32346
-25175
10987
6264
-21768
31205
-31944
23780
-8987
-8311
23293
-31781
31412
-22287
6949
10325
-24721
32227
-30750
20702
-4884
-12296
26048
-32540
29962
-19032
2798
14217
-27268
32719
-29050
17284
-700
-16079
28376
-32764
28020
-15465
-1400
17875
-29368
32674
-26874
13583
3495
-19598
30238
-32450
25617
-11644
-5575
21240
-30985
32093
-24256
9658
7632
-22795
31604
-31604
22795
-7632
-9658
24256
-32093
30985
-21240
5575
11644
-25617
32450
-30238
19598
-3495
-13583
26874
-32674
29368
-17875
1400
15465
-28020
32764
-28376
16079
700
-17284
29050
-32719
27268
-14217
-2798
19032
-29962
32540
-26048
12296
4884
-20702
30750
-32227
24721
-10325
-6949
22287
-31412
31781
-23293
8311
8987
-23780
31944
-31205
21768
-6264
-10987
25175
-32346
30501
-20154
4190
12942
-26467
32615
-29671
18458
-2099
-14844
27650
-32749
28720
-16685
0
16685
-28720
32749
-27650
14844
2099
-18458
29671
-32615
26467
-12942
-4190
20154
-30501
32346
-25175
10987
6264
-21768
31205
-31944
23780
-8987
-8311
23293
-31781
31412
-22287
6949
10325
-24721
32227
-30750
20702
-4884
-12296
26048
-32540
29962
-19032
2798
14217
-27268
32719
-29050
17284
-700
-16079
28376
-32764
28020
-15465
-1400
17875
-29368
32674
-26874
13583
3495
-19598
30238
-32450
25617
-11644
-5575
21240
-30985
32093
-24256
9658
7632
-22795
31604
-31604
22795
-7632
-9658
24256
-32093
30985
-21240
5575
11644
-25617
32450
-30238
19598
-3495
-13583
26874
-32674
29368
-17875
1400
15465
-28020
32764
-28376
16079
700
-17284
29050
-32719
27268
-14217
-2798
19032
-29962
32540
-26048
12296
4884
-20702
30750
-32227
24721
-10325
-6949
22287
-31412
31781
-23293
8311
8987
-23780
31944
-31205
21768
-6264
-10987
25175
-32346
30501
-20154
4190
12942
-26467
32615
-29671
18458
-2099
-14844
27650
-32749
28720
-16685
0
16685
-28720
32749
-27650
14844
2099
-18458
29671
-32615
26467
-12942
-4190
20154
-30501
32346
-25175
10987
6264
-21768
31205
-31944
23780
-8987
-8311
23293
-31781
31412
-22287
6949
10325
-24721
32227
-30750
20702
-4884
-12296
26048
-32540
29962
-19032
2798
14217
-27268
32719
-29050
17284
-700
-16079
28376
-32764
28020
-15465
-1400
17875
-29368
32674
-26874
13583
3495
-19598
30238
-32450
25617
-11644
-5575
21240
-30985
32093
-24256
9658
7632
-22795
31604
-31604
22795
-7632
-9658
24256
-32093
30985
-21240
5575
11644
-25617
32450
-30238
19598
-3495
-13583
26874
-32674
29368
-17875
1400
15465
-28020
32764
-28376
16079
700
-17284
29050
-32719
27268
-14217
-2798
19032
-29962
32540
-26048
12296
4884
-20702
30750
-32227
24721
-10325
-6949
22287
-31412
31781
-23293
8311
8987
-23780
31944
-31205
21768
-6264
-10987
25175
-32346
30501
-20154
4190
12942
-26467
32615
-29671
18458
-2099
-14844
27650
-32749
28720
-16685
0
16685
-28720
32749
-27650
14844
2099
-18458
29671
-32615
26467
-12942
-4190
20154
-30501
32346
-25175
10987
6264
-21768
31205
-31944
23780
-8987
-8311
23293
-31781
31412
-22287
6949
10325
-24721
32227
-30750
20702
-4884
-12296
26048
-32540
29962
-19032
2798
14217
-27268
32719
-29050
17284
-700
-16079
28376
-32764
28020
-15465
-1400
17875
-29368
32674
-26874
13583
3495
-19598
30238
-32450
25617
-11644
-5575
21240
-30985
32093
-24256
9658
7632
-22795
31604
-31604
22795
-7632
-9658
24256
-32093
30985
-21240
5575
11644
-25617
32450
-30238
19598
-3495
-13583
26874
-32674
29368
-17875
1400
15465
-28020
32764
-28376
16079
700
-17284
29050
-32719
27268
-14217
-2798
19032
-29962
32540
-26048
12296
4884
-20702
30750
-32227
24721
-10325
-6949
22287
-31412
31781
-23293
8311
8987
-23780
31944
-31205
21768
-6264
-10987
25175
-32346
30501
-20154
4190
12942
-26467
32615
-29671
18458
-2099
-14844
27650
-32749
28720
-16685
0
16685
-28720
32749
-27650
14844
2099
-18458
29671
-32615
26467
-12942
-4190
20154
-30501
32346
-25175
10987
6264
-21768
31205
-31944
23780
-8987
-8311
23293
-31781
31412
-22287
6949
10325
-24721
32227
-30750
20702
-4884
-12296
26048
-32540
29962
-19032
2798
14217
-27268
32719
-29050
17284
-700
-16079
28376
-32764
28020
-15465
-1400
17875
-29368
32674
-26874
13583
3495
-19598
30238
-32450
25617
-11644
-5575
21240
-30985
32093
-24256
9658
7632
-22795
31604
-31604
22795
-7632
-9658
24256
-32093
30985
-21240
5575
11644
-25617
32450
-30238
19598
-3495
-13583
26874
-32674
29368
-17875
1400
15465
-28020
32764
-28376
16079
700
-17284
29050
-32719
27268
-14217
-2798
19032
-29962
32540
-26048
12296
4884
-20702
30750
-32227
24721
-10325
-6949
22287
-31412
31781
-23293
8311
8987
-23780
31944
-31205
21768
-6264
-10987
25175
-32346
30501
-20154
4190
12942
-26467
32615
-29671
18458
-2099
-14844
27650
-32749
28720
-16685
0
16685
-28720
32749
-27650
14844
2099
-18458
29671
-32615
26467
-12942
-4190
20154
-30501
32346
-25175
10987
6264
-21768
31205
-31944
23780
-8987
-8311
23293
-31781
31412
-22287
6949
10325
-24721
32227
-30750
20702
-4884
-12296
26048
-32540
29962
-19032
2798
14217
-27268
32719
-29050
17284
-700
-16079
28376
-32764
28020
-15465
-1400
17875
-29368
32674
-26874
13583
3495
-19598
30238
-32450
25617
-11644
-5575
21240
-30985
32093
-24256
9658
7632
-22795
31604
-31604
22795
-7632
-9658
24256
-32093
30985
-21240
5575
11644
-25617
32450
-30238
19598
-3495
-13583
26874
-32674
29368
-17875
1400
15465
-28020
32764
-28376
16079
700
-17284
29050
-32719
27268
-14217
-2798
19032
-29962
32540
-26048
12296
4884
-20702
30750
-32227
24721
-10325
-6949
22287
-31412
31781
-23293
8311
8987
-23780
31944
-31205
21768
-6264
-10987
25175
-32346
30501
-20154
4190
12942
-26467
32615
-29671
18458
-2099
-14844
27650
-32749
28720
-16685
0
16685
-28720
32749
-27650
14844
2099
-18458
29671
-32615
26467
-12942
-4190
20154
-30501
32346
-25175
10987
6264
-21768
31205
-31944
23780
-8987
-8311
23293
-31781
31412
-22287
6949
10325
-24721
32227
-30750
20702
-4884
-12296
26048
-32540
29962
-19032
2798
14217
-27268
32719
-29050
17284
-700
-16079
28376
-32764
28020
-15465
-1400
17875
-29368
32674
-26874
13583
3495
-19598
30238
-32450
25617
-11644
-5575
21240
-30985
32093
-24256
9658
7632
-22795
31604
-31604
22795
-7632
-9658
24256
-32093
30985
-21240
5575
11644
-25617
32450
-30238
19598
-3495
-13583
26874
-32674
29368
-17875
1400
15465
-28020
32764
-28376
16079
700
-17284
29050
-32719
27268
-14217
-2798
19032
-29962
32540
-26048
12296
4884
-20702
30750
-32227
24721
-10325
-6949
22287
-31412
31781
-23293
8311
8987
-23780
31944
-31205
21768
-6264
-10987
25175
-32346
30501
-20154
4190
12942
-26467
32615
-29671
18458
-2099
-14844
27650
-32749
28720
-16685
