0
21593
-32482
27268
-8537
-14427
30238
-31060
16484
6264
-25906
32706
-23293
2332
19784
-32093
28492
-10767
-12296
29263
-31724
18458
3958
-24412
32764
-24874
4653
17875
-31541
29572
-12942
-10103
28140
-32227
20338
1633
-22795
32656
-26329
6949
15875
-30830
30501
-15052
-7859
26874
-32566
22115
-700
-21062
32382
-27650
9211
13795
-29962
31276
-17085
-5575
25471
-32741
23780
-3030
-19222
31944
-28831
11426
11644
-28942
31892
-19032
-3262
23940
-32749
25324
-5345
-17284
31345
-29866
13583
9435
-27775
32346
-20882
-934
22287
-32591
26740
-7632
-15259
30586
-30750
15670
7177
-26467
32636
-22626
1400
20520
-32268
28020
-9881
-13156
29671
-31477
17679
4884
-25025
32761
-24256
3727
18650
-31781
29158
-12079
-10987
28607
-32045
19598
2565
-23456
32719
-25762
6034
16685
-31133
30148
-14217
-8762
27397
-32450
21417
233
-21768
32512
-27138
8311
14636
-30327
30985
-16282
-6492
26048
-32691
23128
-2099
-19970
32139
-28376
10546
12512
-29368
31665
-18264
-4190
24567
-32766
24721
-4421
-18070
31604
-29470
12727
10325
-28259
32184
-20154
-1866
22962
-32674
26189
-6721
-16079
30908
-30415
14844
8085
-27007
32540
-21942
467
21240
-32417
27524
-8987
-14006
30055
-31205
16886
5805
-25617
32731
-23618
2798
19410
-31996
28720
-11207
-11862
29050
-31837
18842
3495
-24098
32756
-25175
5114
17482
-31412
29770
-13370
-9658
27898
-32308
20702
1167
-22457
32615
-26604
7405
15465
-30668
30668
-15465
-7405
26604
-32615
22457
-1167
-20702
32308
-27898
9658
13370
-29770
31412
-17482
-5114
25175
-32756
24098
-3495
-18842
31837
-29050
11862
11207
-28720
31996
-19410
-2798
23618
-32731
25617
-5805
-16886
31205
-30055
14006
8987
-27524
32417
-21240
-467
21942
-32540
27007
-8085
-14844
30415
-30908
16079
6721
-26189
32674
-22962
1866
20154
-32184
28259
-10325
-12727
29470
-31604
18070
4421
-24721
32766
-24567
4190
18264
-31665
29368
-12512
-10546
28376
-32139
19970
2099
-23128
32691
-26048
6492
16282
-30985
30327
-14636
-8311
27138
-32512
21768
-233
-21417
32450
-27397
8762
14217
-30148
31133
-16685
-6034
25762
-32719
23456
-2565
-19598
32045
-28607
10987
12079
-29158
31781
-18650
-3727
24256
-32761
25025
-4884
-17679
31477
-29671
13156
9881
-28020
32268
-20520
-1400
22626
-32636
26467
-7177
-15670
30750
-30586
15259
7632
-26740
32591
-22287
934
20882
-32346
27775
-9435
-13583
29866
-31345
17284
5345
-25324
32749
-23940
3262
19032
-31892
28942
-11644
-11426
28831
-31944
19222
3030
-23780
32741
-25471
5575
17085
-31276
29962
-13795
-9211
27650
-32382
21062
700
-22115
32566
-26874
7859
15052
-30501
30830
-15875
-6949
26329
-32656
22795
-1633
-20338
32227
-28140
10103
12942
-29572
31541
-17875
-4653
24874
-32764
24412
-3958
-18458
31724
-29263
12296
10767
-28492
32093
-19784
-2332
23293
-32706
25906
-6264
-16484
31060
-30238
14427
8537
-27268
32482
-21593
