0
15875
-27775
32719
-29470
18842
-3495
-12727
25762
-32346
30830
-21593
6949
9435
-23456
31604
-31837
24098
-10325
-6034
20882
-30501
32482
-26329
13583
2565
-18070
29050
-32756
28259
-16685
934
15052
-27268
32656
-29866
19598
-4421
-11862
25175
-32184
31133
-22287
7859
8537
-22795
31345
-32045
24721
-11207
-5114
20154
-30148
32591
-26874
14427
1633
-17284
28607
-32766
28720
-17482
1866
14217
-26740
32566
-30238
20338
-5345
-10987
24567
-31996
31412
-22962
8762
7632
-22115
31060
-32227
25324
-12079
-4190
19410
-29770
32674
-27397
15259
700
-16484
28140
-32749
29158
-18264
2798
13370
-26189
32450
-30586
21062
-6264
-10103
23940
-31781
31665
-23618
9658
6721
-21417
30750
-32382
25906
-12942
-3262
18650
-29368
32731
-27898
16079
-233
-15670
27650
-32706
29572
-19032
3727
12512
-25617
32308
-30908
21768
-7177
-9211
23293
-31541
31892
-24256
10546
5805
-20702
30415
-32512
26467
-13795
-2332
17875
-28942
32761
-28376
16886
-1167
-14844
27138
-32636
29962
-19784
4653
11644
-25025
32139
-31205
22457
-8085
-8311
22626
-31276
32093
-24874
11426
4884
-19970
30055
-32615
27007
-14636
-1400
17085
-28492
32764
-28831
17679
-2099
-14006
26604
-32540
30327
-20520
5575
10767
-24412
31944
-31477
23128
-8987
-7405
21942
-30985
32268
-25471
12296
3958
-19222
29671
-32691
27524
-15465
-467
16282
-28020
32741
-29263
18458
-3030
-13156
26048
-32417
30668
-21240
6492
9881
-23780
31724
-31724
23780
-9881
-6492
21240
-30668
32417
-26048
13156
3030
-18458
29263
-32741
28020
-16282
467
15465
-27524
32691
-29671
19222
-3958
-12296
25471
-32268
30985
-21942
7405
8987
-23128
31477
-31944
24412
-10767
-5575
20520
-30327
32540
-26604
14006
2099
-17679
28831
-32764
28492
-17085
1400
14636
-27007
32615
-30055
19970
-4884
-11426
24874
-32093
31276
-22626
8311
8085
-22457
31205
-32139
25025
-11644
-4653
19784
-29962
32636
-27138
14844
1167
-16886
28376
-32761
28942
-17875
2332
13795
-26467
32512
-30415
20702
-5805
-10546
24256
-31892
31541
-23293
9211
7177
-21768
30908
-32308
25617
-12512
-3727
19032
-29572
32706
-27650
15670
233
-16079
27898
-32731
29368
-18650
3262
12942
-25906
32382
-30750
21417
-6721
-9658
23618
-31665
31781
-23940
10103
6264
-21062
30586
-32450
26189
-13370
-2798
18264
-29158
32749
-28140
16484
-700
-15259
27397
-32674
29770
-19410
4190
12079
-25324
32227
-31060
22115
-7632
-8762
22962
-31412
31996
-24567
10987
5345
-20338
30238
-32566
26740
-14217
-1866
17482
-28720
32766
-28607
17284
-1633
-14427
26874
-32591
30148
-20154
5114
11207
-24721
32045
-31345
22795
-8537
-7859
22287
-31133
32184
-25175
11862
4421
-19598
29866
-32656
27268
-15052
-934
16685
-28259
32756
-29050
18070
-2565
-13583
26329
-32482
30501
-20882
6034
10325
-24098
31837
-31604
23456
-9435
-6949
21593
-30830
32346
-25762
12727
3495
-18842
29470
-32719
27775
-15875
