0
11644
-21768
29050
-32540
31781
-26874
18458
-7632
-4190
15465
-24721
30750
-32764
30501
-24256
14844
-3495
-8311
19032
-27268
31944
-32450
28720
-21240
10987
700
-12296
22287
-29368
32615
-31604
26467
-17875
6949
4884
-16079
25175
-30985
32749
-30238
23780
-14217
2798
8987
-19598
27650
-32093
32346
-28376
20702
-10325
-1400
12942
-22795
29671
-32674
31412
-26048
17284
-6264
-5575
16685
-25617
31205
-32719
29962
-23293
13583
-2099
-9658
20154
-28020
32227
-32227
28020
-20154
9658
2099
-13583
23293
-29962
32719
-31205
25617
-16685
5575
6264
-17284
26048
-31412
32674
-29671
22795
-12942
1400
10325
-20702
28376
-32346
32093
-27650
19598
-8987
-2798
14217
-23780
30238
-32749
30985
-25175
16079
-4884
-6949
17875
-26467
31604
-32615
29368
-22287
12296
-700
-10987
21240
-28720
32450
-31944
27268
-19032
8311
3495
-14844
24256
-30501
32764
-30750
24721
-15465
4190
7632
-18458
26874
-31781
32540
-29050
21768
-11644
0
11644
-21768
29050
-32540
31781
-26874
18458
-7632
-4190
15465
-24721
30750
-32764
30501
-24256
14844
-3495
-8311
19032
-27268
31944
-32450
28720
-21240
10987
700
-12296
22287
-29368
32615
-31604
26467
-17875
6949
4884
-16079
25175
-30985
32749
-30238
23780
-14217
2798
8987
-19598
27650
-32093
32346
-28376
20702
-10325
-1400
12942
-22795
29671
-32674
31412
-26048
17284
-6264
-5575
16685
-25617
31205
-32719
29962
-23293
13583
-2099
-9658
20154
-28020
32227
-32227
28020
-20154
9658
2099
-13583
23293
-29962
32719
-31205
25617
-16685
5575
6264
-17284
26048
-31412
32674
-29671
22795
-12942
1400
10325
-20702
28376
-32346
32093
-27650
19598
-8987
-2798
14217
-23780
30238
-32749
30985
-25175
16079
-4884
-6949
17875
-26467
31604
-32615
29368
-22287
12296
-700
-10987
21240
-28720
32450
-31944
27268
-19032
8311
3495
-14844
24256
-30501
32764
-30750
24721
-15465
4190
7632
-18458
26874
-31781
32540
-29050
21768
-11644
0
11644
-21768
29050
-32540
31781
-26874
18458
-7632
-4190
15465
-24721
30750
-32764
30501
-24256
14844
-3495
-8311
19032
-27268
31944
-32450
28720
-21240
10987
700
-12296
22287
-29368
32615
-31604
26467
-17875
6949
4884
-16079
25175
-30985
32749
-30238
23780
-14217
2798
8987
-19598
27650
-32093
32346
-28376
20702
-10325
-1400
12942
-22795
29671
-32674
31412
-26048
17284
-6264
-5575
16685
-25617
31205
-32719
29962
-23293
13583
-2099
-9658
20154
-28020
32227
-32227
28020
-20154
9658
2099
-13583
23293
-29962
32719
-31205
25617
-16685
5575
6264
-17284
26048
-31412
32674
-29671
22795
-12942
1400
10325
-20702
28376
-32346
32093
-27650
19598
-8987
-2798
14217
-23780
30238
-32749
30985
-25175
16079
-4884
-6949
17875
-26467
31604
-32615
29368
-22287
12296
-700
-10987
21240
-28720
32450
-31944
27268
-19032
8311
3495
-14844
24256
-30501
32764
-30750
24721
-15465
4190
7632
-18458
26874
-31781
32540
-29050
21768
-11644
