0
13795
-25025
31604
-32308
27007
-16685
3262
10767
-22795
30586
-32691
28720
-19410
6492
7632
-20338
29263
-32749
30148
-21942
9658
4421
-17679
27650
-32482
31276
-24256
12727
1167
-14844
25762
-31892
32093
-26329
15670
-2099
-11862
23618
-30985
32591
-28140
18458
-5345
-8762
21240
-29770
32766
-29671
21062
-8537
-5575
18650
-28259
32615
-30908
23456
-11644
-2332
15875
-26467
32139
-31837
25617
-14636
934
12942
-24412
31345
-32450
27524
-17482
4190
9881
-22115
30238
-32741
29158
-20154
7405
6721
-19598
28831
-32706
30501
-22626
10546
3495
-16886
27138
-32346
31541
-24874
13583
233
-14006
25175
-31665
32268
-26874
16484
-3030
-10987
22962
-30668
32674
-28607
19222
-6264
-7859
20520
-29368
32756
-30055
21768
-9435
-4653
17875
-27775
32512
-31205
24098
-12512
-1400
15052
-25906
31944
-32045
26189
-15465
1866
12079
-23780
31060
-32566
28020
-18264
5114
8987
-21417
29866
-32764
29572
-20882
8311
5805
-18842
28376
-32636
30830
-23293
11426
2565
-16079
26604
-32184
31781
-25471
14427
-700
-13156
24567
-31412
32417
-27397
17284
-3958
-10103
22287
-30327
32731
-29050
19970
-7177
-6949
19784
-28942
32719
-30415
22457
-10325
-3727
17085
-27268
32382
-31477
24721
-13370
-467
14217
-25324
31724
-32227
26740
-16282
2798
11207
-23128
30750
-32656
28492
-19032
6034
8085
-20702
29470
-32761
29962
-21593
9211
4884
-18070
27898
-32540
31133
-23940
12296
1633
-15259
26048
-31996
31996
-26048
15259
-1633
-12296
23940
-31133
32540
-27898
18070
-4884
-9211
21593
-29962
32761
-29470
20702
-8085
-6034
19032
-28492
32656
-30750
23128
-11207
-2798
16282
-26740
32227
-31724
25324
-14217
467
13370
-24721
31477
-32382
27268
-17085
3727
10325
-22457
30415
-32719
28942
-19784
6949
7177
-19970
29050
-32731
30327
-22287
10103
3958
-17284
27397
-32417
31412
-24567
13156
700
-14427
25471
-31781
32184
-26604
16079
-2565
-11426
23293
-30830
32636
-28376
18842
-5805
-8311
20882
-29572
32764
-29866
21417
-8987
-5114
18264
-28020
32566
-31060
23780
-12079
-1866
15465
-26189
32045
-31944
25906
-15052
1400
12512
-24098
31205
-32512
27775
-17875
4653
9435
-21768
30055
-32756
29368
-20520
7859
6264
-19222
28607
-32674
30668
-22962
10987
3030
-16484
26874
-32268
31665
-25175
14006
-233
-13583
24874
-31541
32346
-27138
16886
-3495
-10546
22626
-30501
32706
-28831
19598
-6721
-7405
20154
-29158
32741
-30238
22115
-9881
-4190
17482
-27524
32450
-31345
24412
-12942
-934
14636
-25617
31837
-32139
26467
-15875
2332
11644
-23456
30908
-32615
28259
-18650
5575
8537
-21062
29671
-32766
29770
-21240
8762
5345
-18458
28140
-32591
30985
-23618
11862
2099
-15670
26329
-32093
31892
-25762
14844
-1167
-12727
24256
-31276
32482
-27650
17679
-4421
-9658
21942
-30148
32749
-29263
20338
-7632
-6492
19410
-28720
32691
-30586
22795
-10767
-3262
16685
-27007
32308
-31604
25025
-13795
