0
19784
-31541
30501
-17085
-3262
22287
-32268
29158
-14217
-6492
24567
-32674
27524
-11207
-9658
26604
-32756
25617
-8085
-12727
28376
-32512
23456
-4884
-15670
29866
-31944
21062
-1633
-18458
31060
-31060
18458
1633
-21062
31944
-29866
15670
4884
-23456
32512
-28376
12727
8085
-25617
32756
-26604
9658
11207
-27524
32674
-24567
6492
14217
-29158
32268
-22287
3262
17085
-30501
31541
-19784
0
19784
-31541
30501
-17085
-3262
22287
-32268
29158
-14217
-6492
24567
-32674
27524
-11207
-9658
26604
-32756
25617
-8085
-12727
28376
-32512
23456
-4884
-15670
29866
-31944
21062
-1633
-18458
31060
-31060
18458
1633
-21062
31944
-29866
15670
4884
-23456
32512
-28376
12727
8085
-25617
32756
-26604
9658
11207
-27524
32674
-24567
6492
14217
-29158
32268
-22287
3262
17085
-30501
31541
-19784
0
19784
-31541
30501
-17085
-3262
22287
-32268
29158
-14217
-6492
24567
-32674
27524
-11207
-9658
26604
-32756
25617
-8085
-12727
28376
-32512
23456
-4884
-15670
29866
-31944
21062
-1633
-18458
31060
-31060
18458
1633
-21062
31944
-29866
15670
4884
-23456
32512
-28376
12727
8085
-25617
32756
-26604
9658
11207
-27524
32674
-24567
6492
14217
-29158
32268
-22287
3262
17085
-30501
31541
-19784
0
19784
-31541
30501
-17085
-3262
22287
-32268
29158
-14217
-6492
24567
-32674
27524
-11207
-9658
26604
-32756
25617
-8085
-12727
28376
-32512
23456
-4884
-15670
29866
-31944
21062
-1633
-18458
31060
-31060
18458
1633
-21062
31944
-29866
15670
4884
-23456
32512
-28376
12727
8085
-25617
32756
-26604
9658
11207
-27524
32674
-24567
6492
14217
-29158
32268
-22287
3262
17085
-30501
31541
-19784
0
19784
-31541
30501
-17085
-3262
22287
-32268
29158
-14217
-6492
24567
-32674
27524
-11207
-9658
26604
-32756
25617
-8085
-12727
28376
-32512
23456
-4884
-15670
29866
-31944
21062
-1633
-18458
31060
-31060
18458
1633
-21062
31944
-29866
15670
4884
-23456
32512
-28376
12727
8085
-25617
32756
-26604
9658
11207
-27524
32674
-24567
6492
14217
-29158
32268
-22287
3262
17085
-30501
31541
-19784
0
19784
-31541
30501
-17085
-3262
22287
-32268
29158
-14217
-6492
24567
-32674
27524
-11207
-9658
26604
-32756
25617
-8085
-12727
28376
-32512
23456
-4884
-15670
29866
-31944
21062
-1633
-18458
31060
-31060
18458
1633
-21062
31944
-29866
15670
4884
-23456
32512
-28376
12727
8085
-25617
32756
-26604
9658
11207
-27524
32674
-24567
6492
14217
-29158
32268
-22287
3262
17085
-30501
31541
-19784
0
19784
-31541
30501
-17085
-3262
22287
-32268
29158
-14217
-6492
24567
-32674
27524
-11207
-9658
26604
-32756
25617
-8085
-12727
28376
-32512
23456
-4884
-15670
29866
-31944
21062
-1633
-18458
31060
-31060
18458
1633
-21062
31944
-29866
15670
4884
-23456
32512
-28376
12727
8085
-25617
32756
-26604
9658
11207
-27524
32674
-24567
6492
14217
-29158
32268
-22287
3262
17085
-30501
31541
-19784
