0	0
0.382683432	5.56E-05
0.707106781	0.000111111
0.923879533	0.000166667
1	0.000222222
0.923879533	0.000277778
0.707106781	0.000333333
0.382683432	0.000388889
1.22E-16	0.000444444
-0.382683432	0.0005
-0.707106781	0.000555556
-0.923879533	0.000611111
-1	0.000666667
-0.923879533	0.000722222
-0.707106781	0.000777778
-0.382683432	0.000833333
-2.45E-16	0.000888889
0.382683432	0.000944444
0.707106781	0.001
0.923879533	0.001055556
1	0.001111111
0.923879533	0.001166667
0.707106781	0.001222222
0.382683432	0.001277778
3.67E-16	0.001333333
-0.382683432	0.001388889
-0.707106781	0.001444444
-0.923879533	0.0015
-1	0.001555556
-0.923879533	0.001611111
-0.707106781	0.001666667
-0.382683432	0.001722222
-4.90E-16	0.001777778
0.382683432	0.001833333
0.707106781	0.001888889
0.923879533	0.001944444
1	0.002
0.923879533	0.002055556
0.707106781	0.002111111
0.382683432	0.002166667
6.12E-16	0.002222222
-0.382683432	0.002277778
-0.707106781	0.002333333
-0.923879533	0.002388889
-1	0.002444444
-0.923879533	0.0025
-0.707106781	0.002555556
-0.382683432	0.002611111
-7.35E-16	0.002666667
0.382683432	0.002722222
0.707106781	0.002777778
0.923879533	0.002833333
1	0.002888889
0.923879533	0.002944444
0.707106781	0.003
0.382683432	0.003055556
8.57E-16	0.003111111
-0.382683432	0.003166667
-0.707106781	0.003222222
-0.923879533	0.003277778
-1	0.003333333
-0.923879533	0.003388889
-0.707106781	0.003444444
-0.382683432	0.0035
-9.80E-16	0.003555556
0.382683432	0.003611111
0.707106781	0.003666667
0.923879533	0.003722222
1	0.003777778
0.923879533	0.003833333
0.707106781	0.003888889
0.382683432	0.003944444
1.10E-15	0.004
-0.382683432	0.004055556
-0.707106781	0.004111111
-0.923879533	0.004166667
-1	0.004222222
-0.923879533	0.004277778
-0.707106781	0.004333333
-0.382683432	0.004388889
-1.22E-15	0.004444444
0.382683432	0.0045
0.707106781	0.004555556
0.923879533	0.004611111
1	0.004666667
0.923879533	0.004722222
0.707106781	0.004777778
0.382683432	0.004833333
4.90E-15	0.004888889
-0.382683432	0.004944444
-0.707106781	0.005
-0.923879533	0.005055556
-1	0.005111111
-0.923879533	0.005166667
-0.707106781	0.005222222
-0.382683432	0.005277778
-1.47E-15	0.005333333
0.382683432	0.005388889
0.707106781	0.005444444
0.923879533	0.0055
1	0.005555556
0.923879533	0.005611111
0.707106781	0.005666667
0.382683432	0.005722222
-1.96E-15	0.005777778
-0.382683432	0.005833333
-0.707106781	0.005888889
-0.923879533	0.005944444
-1	0.006
-0.923879533	0.006055556
-0.707106781	0.006111111
-0.382683432	0.006166667
-1.71E-15	0.006222222
0.382683432	0.006277778
0.707106781	0.006333333
0.923879533	0.006388889
1	0.006444444
0.923879533	0.0065
0.707106781	0.006555556
0.382683432	0.006611111
5.39E-15	0.006666667
-0.382683432	0.006722222
-0.707106781	0.006777778
-0.923879533	0.006833333
-1	0.006888889
-0.923879533	0.006944444
-0.707106781	0.007
-0.382683432	0.007055556
-1.96E-15	0.007111111
0.382683432	0.007166667
0.707106781	0.007222222
0.923879533	0.007277778
1	0.007333333
0.923879533	0.007388889
0.707106781	0.007444444
0.382683432	0.0075
-1.47E-15	0.007555556
-0.382683432	0.007611111
-0.707106781	0.007666667
-0.923879533	0.007722222
-1	0.007777778
-0.923879533	0.007833333
-0.707106781	0.007888889
-0.382683432	0.007944444
-2.20E-15	0.008
0.382683432	0.008055556
0.707106781	0.008111111
0.923879533	0.008166667
1	0.008222222
0.923879533	0.008277778
0.707106781	0.008333333
0.382683432	0.008388889
5.88E-15	0.008444444
-0.382683432	0.0085
-0.707106781	0.008555556
-0.923879533	0.008611111
-1	0.008666667
-0.923879533	0.008722222
-0.707106781	0.008777778
-0.382683432	0.008833333
-2.45E-15	0.008888889
0.382683432	0.008944444
0.707106781	0.009
0.923879533	0.009055556
1	0.009111111
0.923879533	0.009166667
0.707106781	0.009222222
0.382683432	0.009277778
-9.81E-16	0.009333333
-0.382683432	0.009388889
-0.707106781	0.009444444
-0.923879533	0.0095
-1	0.009555556
-0.923879533	0.009611111
-0.707106781	0.009666667
-0.382683432	0.009722222
-9.80E-15	0.009777778
0.382683432	0.009833333
0.707106781	0.009888889
0.923879533	0.009944444
1	0.01
0.923879533	0.010055556
0.707106781	0.010111111
0.382683432	0.010166667
6.37E-15	0.010222222
-0.382683432	0.010277778
-0.707106781	0.010333333
-0.923879533	0.010388889
-1	0.010444444
-0.923879533	0.0105
-0.707106781	0.010555556
-0.382683432	0.010611111
-2.94E-15	0.010666667
0.382683432	0.010722222
0.707106781	0.010777778
0.923879533	0.010833333
1	0.010888889
0.923879533	0.010944444
0.707106781	0.011
0.382683432	0.011055556
-4.91E-16	0.011111111
-0.382683432	0.011166667
-0.707106781	0.011222222
-0.923879533	0.011277778
-1	0.011333333
-0.923879533	0.011388889
-0.707106781	0.011444444
-0.382683432	0.0115
3.92E-15	0.011555556
0.382683432	0.011611111
0.707106781	0.011666667
0.923879533	0.011722222
1	0.011777778
0.923879533	0.011833333
0.707106781	0.011888889
0.382683432	0.011944444
6.86E-15	0.012
-0.382683432	0.012055556
-0.707106781	0.012111111
-0.923879533	0.012166667
-1	0.012222222
-0.923879533	0.012277778
-0.707106781	0.012333333
-0.382683432	0.012388889
-3.43E-15	0.012444444
0.382683432	0.0125
0.707106781	0.012555556
0.923879533	0.012611111
1	0.012666667
0.923879533	0.012722222
0.707106781	0.012777778
0.382683432	0.012833333
-1.24E-18	0.012888889
-0.382683432	0.012944444
-0.707106781	0.013
-0.923879533	0.013055556
-1	0.013111111
-0.923879533	0.013166667
-0.707106781	0.013222222
-0.382683432	0.013277778
-1.08E-14	0.013333333
0.382683432	0.013388889
0.707106781	0.013444444
0.923879533	0.0135
1	0.013555556
0.923879533	0.013611111
0.707106781	0.013666667
0.382683432	0.013722222
7.35E-15	0.013777778
-0.382683432	0.013833333
-0.707106781	0.013888889
-0.923879533	0.013944444
-1	0.014
-0.923879533	0.014055556
-0.707106781	0.014111111
-0.382683432	0.014166667
-3.92E-15	0.014222222
0.382683432	0.014277778
0.707106781	0.014333333
0.923879533	0.014388889
1	0.014444444
0.923879533	0.0145
0.707106781	0.014555556
0.382683432	0.014611111
4.89E-16	0.014666667
-0.382683432	0.014722222
-0.707106781	0.014777778
-0.923879533	0.014833333
-1	0.014888889
-0.923879533	0.014944444
-0.707106781	0.015
-0.382683432	0.015055556
2.94E-15	0.015111111
0.382683432	0.015166667
0.707106781	0.015222222
0.923879533	0.015277778
1	0.015333333
0.923879533	0.015388889
0.707106781	0.015444444
0.382683432	0.0155
7.84E-15	0.015555556
-0.382683432	0.015611111
-0.707106781	0.015666667
-0.923879533	0.015722222
-1	0.015777778
-0.923879533	0.015833333
-0.707106781	0.015888889
-0.382683432	0.015944444
-4.41E-15	0.016
0.382683432	0.016055556
0.707106781	0.016111111
0.923879533	0.016166667
1	0.016222222
0.923879533	0.016277778
0.707106781	0.016333333
0.382683432	0.016388889
9.78E-16	0.016444444
-0.382683432	0.0165
-0.707106781	0.016555556
-0.923879533	0.016611111
-1	0.016666667
-0.923879533	0.016722222
-0.707106781	0.016777778
-0.382683432	0.016833333
-1.18E-14	0.016888889
0.382683432	0.016944444
0.707106781	0.017
0.923879533	0.017055556
1	0.017111111
0.923879533	0.017166667
0.707106781	0.017222222
0.382683432	0.017277778
8.33E-15	0.017333333
-0.382683432	0.017388889
-0.707106781	0.017444444
-0.923879533	0.0175
-1	0.017555556
-0.923879533	0.017611111
-0.707106781	0.017666667
-0.382683432	0.017722222
-4.90E-15	0.017777778
0.382683432	0.017833333
0.707106781	0.017888889
0.923879533	0.017944444
1	0.018
0.923879533	0.018055556
0.707106781	0.018111111
0.382683432	0.018166667
1.57E-14	0.018222222
-0.382683432	0.018277778
-0.707106781	0.018333333
-0.923879533	0.018388889
-1	0.018444444
-0.923879533	0.0185
-0.707106781	0.018555556
-0.382683432	0.018611111
1.96E-15	0.018666667
0.382683432	0.018722222
0.707106781	0.018777778
0.923879533	0.018833333
1	0.018888889
0.923879533	0.018944444
0.707106781	0.019
0.382683432	0.019055556
8.82E-15	0.019111111
-0.382683432	0.019166667
-0.707106781	0.019222222
-0.923879533	0.019277778
-1	0.019333333
-0.923879533	0.019388889
-0.707106781	0.019444444
-0.382683432	0.0195
-1.96E-14	0.019555556
0.382683432	0.019611111
0.707106781	0.019666667
0.923879533	0.019722222
1	0.019777778
0.923879533	0.019833333
0.707106781	0.019888889
0.382683432	0.019944444
1.96E-15	0.02
-0.382683432	0.020055556
-0.707106781	0.020111111
-0.923879533	0.020166667
-1	0.020222222
-0.923879533	0.020277778
-0.707106781	0.020333333
-0.382683432	0.020388889
-1.27E-14	0.020444444
0.382683432	0.0205
0.707106781	0.020555556
0.923879533	0.020611111
1	0.020666667
0.923879533	0.020722222
0.707106781	0.020777778
0.382683432	0.020833333
-4.90E-15	0.020888889
-0.382683432	0.020944444
-0.707106781	0.021
-0.923879533	0.021055556
-1	0.021111111
-0.923879533	0.021166667
-0.707106781	0.021222222
-0.382683432	0.021277778
-5.88E-15	0.021333333
0.382683432	0.021388889
0.707106781	0.021444444
0.923879533	0.0215
1	0.021555556
0.923879533	0.021611111
0.707106781	0.021666667
0.382683432	0.021722222
1.67E-14	0.021777778
-0.382683432	0.021833333
-0.707106781	0.021888889
-0.923879533	0.021944444
-1	0.022
-0.923879533	0.022055556
-0.707106781	0.022111111
-0.382683432	0.022166667
9.82E-16	0.022222222
0.382683432	0.022277778
0.707106781	0.022333333
0.923879533	0.022388889
1	0.022444444
0.923879533	0.0225
0.707106781	0.022555556
0.382683432	0.022611111
9.80E-15	0.022666667
-0.382683432	0.022722222
-0.707106781	0.022777778
-0.923879533	0.022833333
-1	0.022888889
-0.923879533	0.022944444
-0.707106781	0.023
-0.382683432	0.023055556
7.84E-15	0.023111111
0.382683432	0.023166667
0.707106781	0.023222222
0.923879533	0.023277778
1	0.023333333
0.923879533	0.023388889
0.707106781	0.023444444
0.382683432	0.0235
2.94E-15	0.023555556
-0.382683432	0.023611111
-0.707106781	0.023666667
-0.923879533	0.023722222
-1	0.023777778
-0.923879533	0.023833333
-0.707106781	0.023888889
-0.382683432	0.023944444
-1.37E-14	0.024
0.382683432	0.024055556
0.707106781	0.024111111
0.923879533	0.024166667
1	0.024222222
0.923879533	0.024277778
0.707106781	0.024333333
0.382683432	0.024388889
-3.92E-15	0.024444444
-0.382683432	0.0245
-0.707106781	0.024555556
-0.923879533	0.024611111
-1	0.024666667
-0.923879533	0.024722222
-0.707106781	0.024777778
-0.382683432	0.024833333
-6.86E-15	0.024888889
0.382683432	0.024944444
0.707106781	0.025
0.923879533	0.025055556
1	0.025111111
0.923879533	0.025166667
0.707106781	0.025222222
0.382683432	0.025277778
1.76E-14	0.025333333
-0.382683432	0.025388889
-0.707106781	0.025444444
-0.923879533	0.0255
-1	0.025555556
-0.923879533	0.025611111
-0.707106781	0.025666667
-0.382683432	0.025722222
2.48E-18	0.025777778
0.382683432	0.025833333
0.707106781	0.025888889
0.923879533	0.025944444
1	0.026
0.923879533	0.026055556
0.707106781	0.026111111
0.382683432	0.026166667
1.08E-14	0.026222222
-0.382683432	0.026277778
-0.707106781	0.026333333
-0.923879533	0.026388889
-1	0.026444444
-0.923879533	0.0265
-0.707106781	0.026555556
-0.382683432	0.026611111
-2.16E-14	0.026666667
0.382683432	0.026722222
0.707106781	0.026777778
0.923879533	0.026833333
1	0.026888889
0.923879533	0.026944444
0.707106781	0.027
0.382683432	0.027055556
3.92E-15	0.027111111
-0.382683432	0.027166667
-0.707106781	0.027222222
-0.923879533	0.027277778
-1	0.027333333
-0.923879533	0.027388889
-0.707106781	0.027444444
-0.382683432	0.0275
-1.47E-14	0.027555556
0.382683432	0.027611111
0.707106781	0.027666667
0.923879533	0.027722222
1	0.027777778
0.923879533	0.027833333
0.707106781	0.027888889
0.382683432	0.027944444
-2.94E-15	0.028
-0.382683432	0.028055556
-0.707106781	0.028111111
-0.923879533	0.028166667
-1	0.028222222
-0.923879533	0.028277778
-0.707106781	0.028333333
-0.382683432	0.028388889
-7.84E-15	0.028444444
0.382683432	0.0285
0.707106781	0.028555556
0.923879533	0.028611111
1	0.028666667
0.923879533	0.028722222
0.707106781	0.028777778
0.382683432	0.028833333
1.86E-14	0.028888889
-0.382683432	0.028944444
-0.707106781	0.029
-0.923879533	0.029055556
-1	0.029111111
-0.923879533	0.029166667
-0.707106781	0.029222222
-0.382683432	0.029277778
-9.77E-16	0.029333333
0.382683432	0.029388889
0.707106781	0.029444444
0.923879533	0.0295
1	0.029555556
0.923879533	0.029611111
0.707106781	0.029666667
0.382683432	0.029722222
1.18E-14	0.029777778
-0.382683432	0.029833333
-0.707106781	0.029888889
-0.923879533	0.029944444
-1	0.03
-0.923879533	0.030055556
-0.707106781	0.030111111
-0.382683432	0.030166667
5.88E-15	0.030222222
0.382683432	0.030277778
0.707106781	0.030333333
0.923879533	0.030388889
1	0.030444444
0.923879533	0.0305
0.707106781	0.030555556
0.382683432	0.030611111
4.90E-15	0.030666667
-0.382683432	0.030722222
-0.707106781	0.030777778
-0.923879533	0.030833333
-1	0.030888889
-0.923879533	0.030944444
-0.707106781	0.031
-0.382683432	0.031055556
-1.57E-14	0.031111111
0.382683432	0.031166667
0.707106781	0.031222222
0.923879533	0.031277778
1	0.031333333
0.923879533	0.031388889
0.707106781	0.031444444
0.382683432	0.0315
-1.96E-15	0.031555556
-0.382683432	0.031611111
-0.707106781	0.031666667
-0.923879533	0.031722222
-1	0.031777778
-0.923879533	0.031833333
-0.707106781	0.031888889
-0.382683432	0.031944444
-8.82E-15	0.032
0.382683432	0.032055556
0.707106781	0.032111111
0.923879533	0.032166667
1	0.032222222
0.923879533	0.032277778
0.707106781	0.032333333
0.382683432	0.032388889
1.96E-14	0.032444444
-0.382683432	0.0325
-0.707106781	0.032555556
-0.923879533	0.032611111
-1	0.032666667
-0.923879533	0.032722222
-0.707106781	0.032777778
-0.382683432	0.032833333
-1.96E-15	0.032888889
0.382683432	0.032944444
0.707106781	0.033
0.923879533	0.033055556
1	0.033111111
0.923879533	0.033166667
0.707106781	0.033222222
0.382683432	0.033277778
1.27E-14	0.033333333
-0.382683432	0.033388889
-0.707106781	0.033444444
-0.923879533	0.0335
-1	0.033555556
-0.923879533	0.033611111
-0.707106781	0.033666667
-0.382683432	0.033722222
-2.35E-14	0.033777778
0.382683432	0.033833333
0.707106781	0.033888889
0.923879533	0.033944444
1	0.034
0.923879533	0.034055556
0.707106781	0.034111111
0.382683432	0.034166667
5.88E-15	0.034222222
-0.382683432	0.034277778
-0.707106781	0.034333333
-0.923879533	0.034388889
-1	0.034444444
-0.923879533	0.0345
-0.707106781	0.034555556
-0.382683432	0.034611111
-1.67E-14	0.034666667
0.382683432	0.034722222
0.707106781	0.034777778
0.923879533	0.034833333
1	0.034888889
0.923879533	0.034944444
0.707106781	0.035
0.382683432	0.035055556
-9.83E-16	0.035111111
-0.382683432	0.035166667
-0.707106781	0.035222222
-0.923879533	0.035277778
-1	0.035333333
-0.923879533	0.035388889
-0.707106781	0.035444444
-0.382683432	0.0355
-9.80E-15	0.035555556
0.382683432	0.035611111
0.707106781	0.035666667
0.923879533	0.035722222
1	0.035777778
0.923879533	0.035833333
0.707106781	0.035888889
0.382683432	0.035944444
2.06E-14	0.036
-0.382683432	0.036055556
-0.707106781	0.036111111
-0.923879533	0.036166667
-1	0.036222222
-0.923879533	0.036277778
-0.707106781	0.036333333
-0.382683432	0.036388889
-3.14E-14	0.036444444
0.382683432	0.0365
0.707106781	0.036555556
0.923879533	0.036611111
1	0.036666667
0.923879533	0.036722222
0.707106781	0.036777778
0.382683432	0.036833333
-1.47E-14	0.036888889
-0.382683432	0.036944444
-0.707106781	0.037
-0.923879533	0.037055556
-1	0.037111111
-0.923879533	0.037166667
-0.707106781	0.037222222
-0.382683432	0.037277778
3.92E-15	0.037333333
0.382683432	0.037388889
0.707106781	0.037444444
0.923879533	0.0375
1	0.037555556
0.923879533	0.037611111
0.707106781	0.037666667
0.382683432	0.037722222
6.86E-15	0.037777778
-0.382683432	0.037833333
-0.707106781	0.037888889
-0.923879533	0.037944444
-1	0.038
-0.923879533	0.038055556
-0.707106781	0.038111111
-0.382683432	0.038166667
-1.76E-14	0.038222222
0.382683432	0.038277778
0.707106781	0.038333333
0.923879533	0.038388889
1	0.038444444
0.923879533	0.0385
0.707106781	0.038555556
0.382683432	0.038611111
2.84E-14	0.038666667
-0.382683432	0.038722222
-0.707106781	0.038777778
-0.923879533	0.038833333
-1	0.038888889
-0.923879533	0.038944444
-0.707106781	0.039
-0.382683432	0.039055556
-3.92E-14	0.039111111
0.382683432	0.039166667
0.707106781	0.039222222
0.923879533	0.039277778
1	0.039333333
0.923879533	0.039388889
0.707106781	0.039444444
0.382683432	0.0395
-6.86E-15	0.039555556
-0.382683432	0.039611111
-0.707106781	0.039666667
-0.923879533	0.039722222
-1	0.039777778
-0.923879533	0.039833333
-0.707106781	0.039888889
-0.382683432	0.039944444
-3.92E-15	0.04
0.382683432	0.040055556
0.707106781	0.040111111
0.923879533	0.040166667
1	0.040222222
0.923879533	0.040277778
0.707106781	0.040333333
0.382683432	0.040388889
1.47E-14	0.040444444
-0.382683432	0.0405
-0.707106781	0.040555556
-0.923879533	0.040611111
-1	0.040666667
-0.923879533	0.040722222
-0.707106781	0.040777778
-0.382683432	0.040833333
-2.55E-14	0.040888889
0.382683432	0.040944444
0.707106781	0.041
0.923879533	0.041055556
1	0.041111111
0.923879533	0.041166667
0.707106781	0.041222222
0.382683432	0.041277778
3.63E-14	0.041333333
-0.382683432	0.041388889
-0.707106781	0.041444444
-0.923879533	0.0415
-1	0.041555556
-0.923879533	0.041611111
-0.707106781	0.041666667
-0.382683432	0.041722222
9.80E-15	0.041777778
0.382683432	0.041833333
0.707106781	0.041888889
0.923879533	0.041944444
1	0.042
0.923879533	0.042055556
0.707106781	0.042111111
0.382683432	0.042166667
9.76E-16	0.042222222
-0.382683432	0.042277778
-0.707106781	0.042333333
-0.923879533	0.042388889
-1	0.042444444
-0.923879533	0.0425
-0.707106781	0.042555556
-0.382683432	0.042611111
-1.18E-14	0.042666667
0.382683432	0.042722222
0.707106781	0.042777778
0.923879533	0.042833333
1	0.042888889
0.923879533	0.042944444
0.707106781	0.043
0.382683432	0.043055556
2.25E-14	0.043111111
-0.382683432	0.043166667
-0.707106781	0.043222222
-0.923879533	0.043277778
-1	0.043333333
-0.923879533	0.043388889
-0.707106781	0.043444444
-0.382683432	0.0435
-3.33E-14	0.043555556
0.382683432	0.043611111
0.707106781	0.043666667
0.923879533	0.043722222
1	0.043777778
0.923879533	0.043833333
0.707106781	0.043888889
0.382683432	0.043944444
-1.27E-14	0.044
-0.382683432	0.044055556
-0.707106781	0.044111111
-0.923879533	0.044166667
-1	0.044222222
-0.923879533	0.044277778
-0.707106781	0.044333333
-0.382683432	0.044388889
1.96E-15	0.044444444
0.382683432	0.0445
0.707106781	0.044555556
0.923879533	0.044611111
1	0.044666667
0.923879533	0.044722222
0.707106781	0.044777778
0.382683432	0.044833333
8.82E-15	0.044888889
-0.382683432	0.044944444
-0.707106781	0.045
-0.923879533	0.045055556
-1	0.045111111
-0.923879533	0.045166667
-0.707106781	0.045222222
-0.382683432	0.045277778
-1.96E-14	0.045333333
0.382683432	0.045388889
0.707106781	0.045444444
0.923879533	0.0455
1	0.045555556
0.923879533	0.045611111
0.707106781	0.045666667
0.382683432	0.045722222
3.04E-14	0.045777778
-0.382683432	0.045833333
-0.707106781	0.045888889
-0.923879533	0.045944444
-1	0.046
-0.923879533	0.046055556
-0.707106781	0.046111111
-0.382683432	0.046166667
1.57E-14	0.046222222
0.382683432	0.046277778
0.707106781	0.046333333
0.923879533	0.046388889
1	0.046444444
0.923879533	0.0465
0.707106781	0.046555556
0.382683432	0.046611111
-4.90E-15	0.046666667
-0.382683432	0.046722222
-0.707106781	0.046777778
-0.923879533	0.046833333
-1	0.046888889
-0.923879533	0.046944444
-0.707106781	0.047
-0.382683432	0.047055556
-5.88E-15	0.047111111
0.382683432	0.047166667
0.707106781	0.047222222
0.923879533	0.047277778
1	0.047333333
0.923879533	0.047388889
0.707106781	0.047444444
0.382683432	0.0475
1.67E-14	0.047555556
-0.382683432	0.047611111
-0.707106781	0.047666667
-0.923879533	0.047722222
-1	0.047777778
-0.923879533	0.047833333
-0.707106781	0.047888889
-0.382683432	0.047944444
-2.74E-14	0.048
0.382683432	0.048055556
0.707106781	0.048111111
0.923879533	0.048166667
1	0.048222222
0.923879533	0.048277778
0.707106781	0.048333333
0.382683432	0.048388889
3.82E-14	0.048444444
-0.382683432	0.0485
-0.707106781	0.048555556
-0.923879533	0.048611111
-1	0.048666667
-0.923879533	0.048722222
-0.707106781	0.048777778
-0.382683432	0.048833333
7.85E-15	0.048888889
0.382683432	0.048944444
0.707106781	0.049
0.923879533	0.049055556
1	0.049111111
0.923879533	0.049166667
0.707106781	0.049222222
0.382683432	0.049277778
2.94E-15	0.049333333
-0.382683432	0.049388889
-0.707106781	0.049444444
-0.923879533	0.0495
-1	0.049555556
-0.923879533	0.049611111
-0.707106781	0.049666667
-0.382683432	0.049722222
-1.37E-14	0.049777778
0.382683432	0.049833333
0.707106781	0.049888889
0.923879533	0.049944444
1	0.05
0.923879533	0.050055556
0.707106781	0.050111111
0.382683432	0.050166667
2.45E-14	0.050222222
-0.382683432	0.050277778
-0.707106781	0.050333333
-0.923879533	0.050388889
-1	0.050444444
-0.923879533	0.0505
-0.707106781	0.050555556
-0.382683432	0.050611111
-3.53E-14	0.050666667
0.382683432	0.050722222
0.707106781	0.050777778
0.923879533	0.050833333
1	0.050888889
0.923879533	0.050944444
0.707106781	0.051
0.382683432	0.051055556
-1.08E-14	0.051111111
-0.382683432	0.051166667
-0.707106781	0.051222222
-0.923879533	0.051277778
-1	0.051333333
-0.923879533	0.051388889
-0.707106781	0.051444444
-0.382683432	0.0515
4.95E-18	0.051555556
0.382683432	0.051611111
0.707106781	0.051666667
0.923879533	0.051722222
1	0.051777778
0.923879533	0.051833333
0.707106781	0.051888889
0.382683432	0.051944444
1.08E-14	0.052
-0.382683432	0.052055556
-0.707106781	0.052111111
-0.923879533	0.052166667
-1	0.052222222
-0.923879533	0.052277778
-0.707106781	0.052333333
-0.382683432	0.052388889
-2.16E-14	0.052444444
0.382683432	0.0525
0.707106781	0.052555556
0.923879533	0.052611111
1	0.052666667
0.923879533	0.052722222
0.707106781	0.052777778
0.382683432	0.052833333
3.23E-14	0.052888889
-0.382683432	0.052944444
-0.707106781	0.053
-0.923879533	0.053055556
-1	0.053111111
-0.923879533	0.053166667
-0.707106781	0.053222222
-0.382683432	0.053277778
-4.31E-14	0.053333333
0.382683432	0.053388889
0.707106781	0.053444444
0.923879533	0.0535
1	0.053555556
0.923879533	0.053611111
0.707106781	0.053666667
0.382683432	0.053722222
-2.95E-15	0.053777778
-0.382683432	0.053833333
-0.707106781	0.053888889
-0.923879533	0.053944444
-1	0.054
-0.923879533	0.054055556
-0.707106781	0.054111111
-0.382683432	0.054166667
-7.84E-15	0.054222222
0.382683432	0.054277778
0.707106781	0.054333333
0.923879533	0.054388889
1	0.054444444
0.923879533	0.0545
0.707106781	0.054555556
0.382683432	0.054611111
1.86E-14	0.054666667
-0.382683432	0.054722222
-0.707106781	0.054777778
-0.923879533	0.054833333
-1	0.054888889
-0.923879533	0.054944444
-0.707106781	0.055
-0.382683432	0.055055556
-2.94E-14	0.055111111
0.382683432	0.055166667
0.707106781	0.055222222
0.923879533	0.055277778
1	0.055333333
0.923879533	0.055388889
0.707106781	0.055444444
0.382683432	0.0555
4.02E-14	0.055555556
-0.382683432	0.055611111
-0.707106781	0.055666667
-0.923879533	0.055722222
-1	0.055777778
-0.923879533	0.055833333
-0.707106781	0.055888889
-0.382683432	0.055944444
5.89E-15	0.056
0.382683432	0.056055556
0.707106781	0.056111111
0.923879533	0.056166667
1	0.056222222
0.923879533	0.056277778
0.707106781	0.056333333
0.382683432	0.056388889
4.89E-15	0.056444444
-0.382683432	0.0565
-0.707106781	0.056555556
-0.923879533	0.056611111
-1	0.056666667
-0.923879533	0.056722222
-0.707106781	0.056777778
-0.382683432	0.056833333
-1.57E-14	0.056888889
0.382683432	0.056944444
0.707106781	0.057
0.923879533	0.057055556
1	0.057111111
0.923879533	0.057166667
0.707106781	0.057222222
0.382683432	0.057277778
2.65E-14	0.057333333
-0.382683432	0.057388889
-0.707106781	0.057444444
-0.923879533	0.0575
-1	0.057555556
-0.923879533	0.057611111
-0.707106781	0.057666667
-0.382683432	0.057722222
-3.72E-14	0.057777778
0.382683432	0.057833333
0.707106781	0.057888889
0.923879533	0.057944444
1	0.058
0.923879533	0.058055556
0.707106781	0.058111111
0.382683432	0.058166667
-8.83E-15	0.058222222
-0.382683432	0.058277778
-0.707106781	0.058333333
-0.923879533	0.058388889
-1	0.058444444
-0.923879533	0.0585
-0.707106781	0.058555556
-0.382683432	0.058611111
-1.95E-15	0.058666667
0.382683432	0.058722222
0.707106781	0.058777778
0.923879533	0.058833333
1	0.058888889
0.923879533	0.058944444
0.707106781	0.059
0.382683432	0.059055556
1.27E-14	0.059111111
-0.382683432	0.059166667
-0.707106781	0.059222222
-0.923879533	0.059277778
-1	0.059333333
-0.923879533	0.059388889
-0.707106781	0.059444444
-0.382683432	0.0595
-2.35E-14	0.059555556
0.382683432	0.059611111
0.707106781	0.059666667
0.923879533	0.059722222
1	0.059777778
0.923879533	0.059833333
0.707106781	0.059888889
0.382683432	0.059944444
3.43E-14	0.06
-0.382683432	0.060055556
-0.707106781	0.060111111
-0.923879533	0.060166667
-1	0.060222222
-0.923879533	0.060277778
-0.707106781	0.060333333
-0.382683432	0.060388889
1.18E-14	0.060444444
0.382683432	0.0605
0.707106781	0.060555556
0.923879533	0.060611111
1	0.060666667
0.923879533	0.060722222
0.707106781	0.060777778
0.382683432	0.060833333
-9.86E-16	0.060888889
-0.382683432	0.060944444
-0.707106781	0.061
-0.923879533	0.061055556
-1	0.061111111
-0.923879533	0.061166667
-0.707106781	0.061222222
-0.382683432	0.061277778
-9.79E-15	0.061333333
0.382683432	0.061388889
0.707106781	0.061444444
0.923879533	0.0615
1	0.061555556
0.923879533	0.061611111
0.707106781	0.061666667
0.382683432	0.061722222
2.06E-14	0.061777778
-0.382683432	0.061833333
-0.707106781	0.061888889
-0.923879533	0.061944444
-1	0.062
-0.923879533	0.062055556
-0.707106781	0.062111111
-0.382683432	0.062166667
-3.14E-14	0.062222222
0.382683432	0.062277778
0.707106781	0.062333333
0.923879533	0.062388889
1	0.062444444
0.923879533	0.0625
0.707106781	0.062555556
0.382683432	0.062611111
4.21E-14	0.062666667
-0.382683432	0.062722222
-0.707106781	0.062777778
-0.923879533	0.062833333
-1	0.062888889
-0.923879533	0.062944444
-0.707106781	0.063
-0.382683432	0.063055556
3.93E-15	0.063111111
0.382683432	0.063166667
0.707106781	0.063222222
0.923879533	0.063277778
1	0.063333333
0.923879533	0.063388889
0.707106781	0.063444444
0.382683432	0.0635
6.85E-15	0.063555556
-0.382683432	0.063611111
-0.707106781	0.063666667
-0.923879533	0.063722222
-1	0.063777778
-0.923879533	0.063833333
-0.707106781	0.063888889
-0.382683432	0.063944444
-1.76E-14	0.064
0.382683432	0.064055556
0.707106781	0.064111111
0.923879533	0.064166667
1	0.064222222
0.923879533	0.064277778
0.707106781	0.064333333
0.382683432	0.064388889
2.84E-14	0.064444444
-0.382683432	0.0645
-0.707106781	0.064555556
-0.923879533	0.064611111
-1	0.064666667
-0.923879533	0.064722222
-0.707106781	0.064777778
-0.382683432	0.064833333
-3.92E-14	0.064888889
0.382683432	0.064944444
0.707106781	0.065
0.923879533	0.065055556
1	0.065111111
0.923879533	0.065166667
0.707106781	0.065222222
0.382683432	0.065277778
-6.87E-15	0.065333333
-0.382683432	0.065388889
-0.707106781	0.065444444
-0.923879533	0.0655
-1	0.065555556
-0.923879533	0.065611111
-0.707106781	0.065666667
-0.382683432	0.065722222
-3.91E-15	0.065777778
0.382683432	0.065833333
0.707106781	0.065888889
0.923879533	0.065944444
1	0.066
0.923879533	0.066055556
0.707106781	0.066111111
0.382683432	0.066166667
1.47E-14	0.066222222
-0.382683432	0.066277778
-0.707106781	0.066333333
-0.923879533	0.066388889
-1	0.066444444
-0.923879533	0.0665
-0.707106781	0.066555556
-0.382683432	0.066611111
-2.55E-14	0.066666667
0.382683432	0.066722222
0.707106781	0.066777778
0.923879533	0.066833333
1	0.066888889
0.923879533	0.066944444
0.707106781	0.067
0.382683432	0.067055556
3.63E-14	0.067111111
-0.382683432	0.067166667
-0.707106781	0.067222222
-0.923879533	0.067277778
-1	0.067333333
-0.923879533	0.067388889
-0.707106781	0.067444444
-0.382683432	0.0675
-4.70E-14	0.067555556
0.382683432	0.067611111
0.707106781	0.067666667
0.923879533	0.067722222
1	0.067777778
0.923879533	0.067833333
0.707106781	0.067888889
0.382683432	0.067944444
9.74E-16	0.068
-0.382683432	0.068055556
-0.707106781	0.068111111
-0.923879533	0.068166667
-1	0.068222222
-0.923879533	0.068277778
-0.707106781	0.068333333
-0.382683432	0.068388889
-1.18E-14	0.068444444
0.382683432	0.0685
0.707106781	0.068555556
0.923879533	0.068611111
1	0.068666667
0.923879533	0.068722222
0.707106781	0.068777778
0.382683432	0.068833333
2.25E-14	0.068888889
-0.382683432	0.068944444
-0.707106781	0.069
-0.923879533	0.069055556
-1	0.069111111
-0.923879533	0.069166667
-0.707106781	0.069222222
-0.382683432	0.069277778
-3.33E-14	0.069333333
0.382683432	0.069388889
0.707106781	0.069444444
0.923879533	0.0695
1	0.069555556
0.923879533	0.069611111
0.707106781	0.069666667
0.382683432	0.069722222
4.41E-14	0.069777778
-0.382683432	0.069833333
-0.707106781	0.069888889
-0.923879533	0.069944444
-1	0.07
-0.923879533	0.070055556
-0.707106781	0.070111111
-0.382683432	0.070166667
1.97E-15	0.070222222
0.382683432	0.070277778
0.707106781	0.070333333
0.923879533	0.070388889
1	0.070444444
0.923879533	0.0705
0.707106781	0.070555556
0.382683432	0.070611111
8.81E-15	0.070666667
-0.382683432	0.070722222
-0.707106781	0.070777778
-0.923879533	0.070833333
-1	0.070888889
-0.923879533	0.070944444
-0.707106781	0.071
-0.382683432	0.071055556
-1.96E-14	0.071111111
0.382683432	0.071166667
0.707106781	0.071222222
0.923879533	0.071277778
1	0.071333333
0.923879533	0.071388889
0.707106781	0.071444444
0.382683432	0.0715
3.04E-14	0.071555556
-0.382683432	0.071611111
-0.707106781	0.071666667
-0.923879533	0.071722222
-1	0.071777778
-0.923879533	0.071833333
-0.707106781	0.071888889
-0.382683432	0.071944444
-4.12E-14	0.072
0.382683432	0.072055556
0.707106781	0.072111111
0.923879533	0.072166667
1	0.072222222
0.923879533	0.072277778
0.707106781	0.072333333
0.382683432	0.072388889
5.19E-14	0.072444444
-0.382683432	0.0725
-0.707106781	0.072555556
-0.923879533	0.072611111
-1	0.072666667
-0.923879533	0.072722222
-0.707106781	0.072777778
-0.382683432	0.072833333
-6.27E-14	0.072888889
0.382683432	0.072944444
0.707106781	0.073
0.923879533	0.073055556
1	0.073111111
0.923879533	0.073166667
0.707106781	0.073222222
0.382683432	0.073277778
7.35E-14	0.073333333
-0.382683432	0.073388889
-0.707106781	0.073444444
-0.923879533	0.0735
-1	0.073555556
-0.923879533	0.073611111
-0.707106781	0.073666667
-0.382683432	0.073722222
2.94E-14	0.073777778
0.382683432	0.073833333
0.707106781	0.073888889
0.923879533	0.073944444
1	0.074
0.923879533	0.074055556
0.707106781	0.074111111
0.382683432	0.074166667
-1.86E-14	0.074222222
-0.382683432	0.074277778
-0.707106781	0.074333333
-0.923879533	0.074388889
-1	0.074444444
-0.923879533	0.0745
-0.707106781	0.074555556
-0.382683432	0.074611111
7.85E-15	0.074666667
0.382683432	0.074722222
0.707106781	0.074777778
0.923879533	0.074833333
1	0.074888889
0.923879533	0.074944444
0.707106781	0.075
0.382683432	0.075055556
2.93E-15	0.075111111
-0.382683432	0.075166667
-0.707106781	0.075222222
-0.923879533	0.075277778
-1	0.075333333
-0.923879533	0.075388889
-0.707106781	0.075444444
-0.382683432	0.0755
-1.37E-14	0.075555556
0.382683432	0.075611111
0.707106781	0.075666667
0.923879533	0.075722222
1	0.075777778
0.923879533	0.075833333
0.707106781	0.075888889
0.382683432	0.075944444
2.45E-14	0.076
-0.382683432	0.076055556
-0.707106781	0.076111111
-0.923879533	0.076166667
-1	0.076222222
-0.923879533	0.076277778
-0.707106781	0.076333333
-0.382683432	0.076388889
-3.53E-14	0.076444444
0.382683432	0.0765
0.707106781	0.076555556
0.923879533	0.076611111
1	0.076666667
0.923879533	0.076722222
0.707106781	0.076777778
0.382683432	0.076833333
4.61E-14	0.076888889
-0.382683432	0.076944444
-0.707106781	0.077
-0.923879533	0.077055556
-1	0.077111111
-0.923879533	0.077166667
-0.707106781	0.077222222
-0.382683432	0.077277778
-5.68E-14	0.077333333
0.382683432	0.077388889
0.707106781	0.077444444
0.923879533	0.0775
1	0.077555556
0.923879533	0.077611111
0.707106781	0.077666667
0.382683432	0.077722222
6.76E-14	0.077777778
-0.382683432	0.077833333
-0.707106781	0.077888889
-0.923879533	0.077944444
-1	0.078
-0.923879533	0.078055556
-0.707106781	0.078111111
-0.382683432	0.078166667
-7.84E-14	0.078222222
0.382683432	0.078277778
0.707106781	0.078333333
0.923879533	0.078388889
1	0.078444444
0.923879533	0.0785
0.707106781	0.078555556
0.382683432	0.078611111
-2.45E-14	0.078666667
-0.382683432	0.078722222
-0.707106781	0.078777778
-0.923879533	0.078833333
-1	0.078888889
-0.923879533	0.078944444
-0.707106781	0.079
-0.382683432	0.079055556
1.37E-14	0.079111111
0.382683432	0.079166667
0.707106781	0.079222222
0.923879533	0.079277778
1	0.079333333
0.923879533	0.079388889
0.707106781	0.079444444
0.382683432	0.0795
-2.95E-15	0.079555556
-0.382683432	0.079611111
-0.707106781	0.079666667
-0.923879533	0.079722222
-1	0.079777778
-0.923879533	0.079833333
-0.707106781	0.079888889
-0.382683432	0.079944444
-7.83E-15	0.08
0.382683432	0.080055556
0.707106781	0.080111111
0.923879533	0.080166667
1	0.080222222
0.923879533	0.080277778
0.707106781	0.080333333
0.382683432	0.080388889
1.86E-14	0.080444444
-0.382683432	0.0805
-0.707106781	0.080555556
-0.923879533	0.080611111
-1	0.080666667
-0.923879533	0.080722222
-0.707106781	0.080777778
-0.382683432	0.080833333
-2.94E-14	0.080888889
0.382683432	0.080944444
0.707106781	0.081
0.923879533	0.081055556
1	0.081111111
0.923879533	0.081166667
0.707106781	0.081222222
0.382683432	0.081277778
4.02E-14	0.081333333
-0.382683432	0.081388889
-0.707106781	0.081444444
-0.923879533	0.0815
-1	0.081555556
-0.923879533	0.081611111
-0.707106781	0.081666667
-0.382683432	0.081722222
-5.10E-14	0.081777778
0.382683432	0.081833333
0.707106781	0.081888889
0.923879533	0.081944444
1	0.082
0.923879533	0.082055556
0.707106781	0.082111111
0.382683432	0.082166667
6.17E-14	0.082222222
-0.382683432	0.082277778
-0.707106781	0.082333333
-0.923879533	0.082388889
-1	0.082444444
-0.923879533	0.0825
-0.707106781	0.082555556
-0.382683432	0.082611111
-7.25E-14	0.082666667
0.382683432	0.082722222
0.707106781	0.082777778
0.923879533	0.082833333
1	0.082888889
0.923879533	0.082944444
0.707106781	0.083
0.382683432	0.083055556
-3.04E-14	0.083111111
-0.382683432	0.083166667
-0.707106781	0.083222222
-0.923879533	0.083277778
-1	0.083333333
-0.923879533	0.083388889
-0.707106781	0.083444444
-0.382683432	0.0835
1.96E-14	0.083555556
0.382683432	0.083611111
0.707106781	0.083666667
0.923879533	0.083722222
1	0.083777778
0.923879533	0.083833333
0.707106781	0.083888889
0.382683432	0.083944444
-8.83E-15	0.084
-0.382683432	0.084055556
-0.707106781	0.084111111
-0.923879533	0.084166667
-1	0.084222222
-0.923879533	0.084277778
-0.707106781	0.084333333
-0.382683432	0.084388889
-1.95E-15	0.084444444
0.382683432	0.0845
0.707106781	0.084555556
0.923879533	0.084611111
1	0.084666667
0.923879533	0.084722222
0.707106781	0.084777778
0.382683432	0.084833333
1.27E-14	0.084888889
-0.382683432	0.084944444
-0.707106781	0.085
-0.923879533	0.085055556
-1	0.085111111
-0.923879533	0.085166667
-0.707106781	0.085222222
-0.382683432	0.085277778
-2.35E-14	0.085333333
0.382683432	0.085388889
0.707106781	0.085444444
0.923879533	0.0855
1	0.085555556
0.923879533	0.085611111
0.707106781	0.085666667
0.382683432	0.085722222
3.43E-14	0.085777778
-0.382683432	0.085833333
-0.707106781	0.085888889
-0.923879533	0.085944444
-1	0.086
-0.923879533	0.086055556
-0.707106781	0.086111111
-0.382683432	0.086166667
-4.51E-14	0.086222222
0.382683432	0.086277778
0.707106781	0.086333333
0.923879533	0.086388889
1	0.086444444
0.923879533	0.0865
0.707106781	0.086555556
0.382683432	0.086611111
5.59E-14	0.086666667
-0.382683432	0.086722222
-0.707106781	0.086777778
-0.923879533	0.086833333
-1	0.086888889
-0.923879533	0.086944444
-0.707106781	0.087
-0.382683432	0.087055556
-6.66E-14	0.087111111
0.382683432	0.087166667
0.707106781	0.087222222
0.923879533	0.087277778
1	0.087333333
0.923879533	0.087388889
0.707106781	0.087444444
0.382683432	0.0875
7.74E-14	0.087555556
-0.382683432	0.087611111
-0.707106781	0.087666667
-0.923879533	0.087722222
-1	0.087777778
-0.923879533	0.087833333
-0.707106781	0.087888889
-0.382683432	0.087944444
2.55E-14	0.088
0.382683432	0.088055556
0.707106781	0.088111111
0.923879533	0.088166667
1	0.088222222
0.923879533	0.088277778
0.707106781	0.088333333
0.382683432	0.088388889
-1.47E-14	0.088444444
-0.382683432	0.0885
-0.707106781	0.088555556
-0.923879533	0.088611111
-1	0.088666667
-0.923879533	0.088722222
-0.707106781	0.088777778
-0.382683432	0.088833333
3.93E-15	0.088888889
0.382683432	0.088944444
0.707106781	0.089
0.923879533	0.089055556
1	0.089111111
0.923879533	0.089166667
0.707106781	0.089222222
0.382683432	0.089277778
6.85E-15	0.089333333
-0.382683432	0.089388889
-0.707106781	0.089444444
-0.923879533	0.0895
-1	0.089555556
-0.923879533	0.089611111
-0.707106781	0.089666667
-0.382683432	0.089722222
-1.76E-14	0.089777778
0.382683432	0.089833333
0.707106781	0.089888889
0.923879533	0.089944444
1	0.09
0.923879533	0.090055556
0.707106781	0.090111111
0.382683432	0.090166667
2.84E-14	0.090222222
-0.382683432	0.090277778
-0.707106781	0.090333333
-0.923879533	0.090388889
-1	0.090444444
-0.923879533	0.0905
-0.707106781	0.090555556
-0.382683432	0.090611111
-3.92E-14	0.090666667
0.382683432	0.090722222
0.707106781	0.090777778
0.923879533	0.090833333
1	0.090888889
0.923879533	0.090944444
0.707106781	0.091
0.382683432	0.091055556
5.00E-14	0.091111111
-0.382683432	0.091166667
-0.707106781	0.091222222
-0.923879533	0.091277778
-1	0.091333333
-0.923879533	0.091388889
-0.707106781	0.091444444
-0.382683432	0.0915
-6.08E-14	0.091555556
0.382683432	0.091611111
0.707106781	0.091666667
0.923879533	0.091722222
1	0.091777778
0.923879533	0.091833333
0.707106781	0.091888889
0.382683432	0.091944444
7.15E-14	0.092
-0.382683432	0.092055556
-0.707106781	0.092111111
-0.923879533	0.092166667
-1	0.092222222
-0.923879533	0.092277778
-0.707106781	0.092333333
-0.382683432	0.092388889
3.14E-14	0.092444444
0.382683432	0.0925
0.707106781	0.092555556
0.923879533	0.092611111
1	0.092666667
0.923879533	0.092722222
0.707106781	0.092777778
0.382683432	0.092833333
-2.06E-14	0.092888889
-0.382683432	0.092944444
-0.707106781	0.093
-0.923879533	0.093055556
-1	0.093111111
-0.923879533	0.093166667
-0.707106781	0.093222222
-0.382683432	0.093277778
9.81E-15	0.093333333
0.382683432	0.093388889
0.707106781	0.093444444
0.923879533	0.0935
1	0.093555556
0.923879533	0.093611111
0.707106781	0.093666667
0.382683432	0.093722222
9.71E-16	0.093777778
-0.382683432	0.093833333
-0.707106781	0.093888889
-0.923879533	0.093944444
-1	0.094
-0.923879533	0.094055556
-0.707106781	0.094111111
-0.382683432	0.094166667
-1.18E-14	0.094222222
0.382683432	0.094277778
0.707106781	0.094333333
0.923879533	0.094388889
1	0.094444444
0.923879533	0.0945
0.707106781	0.094555556
0.382683432	0.094611111
2.25E-14	0.094666667
-0.382683432	0.094722222
-0.707106781	0.094777778
-0.923879533	0.094833333
-1	0.094888889
-0.923879533	0.094944444
-0.707106781	0.095
-0.382683432	0.095055556
-3.33E-14	0.095111111
0.382683432	0.095166667
0.707106781	0.095222222
0.923879533	0.095277778
1	0.095333333
0.923879533	0.095388889
0.707106781	0.095444444
0.382683432	0.0955
4.41E-14	0.095555556
-0.382683432	0.095611111
-0.707106781	0.095666667
-0.923879533	0.095722222
-1	0.095777778
-0.923879533	0.095833333
-0.707106781	0.095888889
-0.382683432	0.095944444
-5.49E-14	0.096
0.382683432	0.096055556
0.707106781	0.096111111
0.923879533	0.096166667
1	0.096222222
0.923879533	0.096277778
0.707106781	0.096333333
0.382683432	0.096388889
6.57E-14	0.096444444
-0.382683432	0.0965
-0.707106781	0.096555556
-0.923879533	0.096611111
-1	0.096666667
-0.923879533	0.096722222
-0.707106781	0.096777778
-0.382683432	0.096833333
-7.64E-14	0.096888889
0.382683432	0.096944444
0.707106781	0.097
0.923879533	0.097055556
1	0.097111111
0.923879533	0.097166667
0.707106781	0.097222222
0.382683432	0.097277778
-2.65E-14	0.097333333
-0.382683432	0.097388889
-0.707106781	0.097444444
-0.923879533	0.0975
-1	0.097555556
-0.923879533	0.097611111
-0.707106781	0.097666667
-0.382683432	0.097722222
1.57E-14	0.097777778
0.382683432	0.097833333
0.707106781	0.097888889
0.923879533	0.097944444
1	0.098
0.923879533	0.098055556
0.707106781	0.098111111
0.382683432	0.098166667
-4.91E-15	0.098222222
-0.382683432	0.098277778
-0.707106781	0.098333333
-0.923879533	0.098388889
-1	0.098444444
-0.923879533	0.0985
-0.707106781	0.098555556
-0.382683432	0.098611111
-5.87E-15	0.098666667
0.382683432	0.098722222
0.707106781	0.098777778
0.923879533	0.098833333
1	0.098888889
0.923879533	0.098944444
0.707106781	0.099
0.382683432	0.099055556
1.67E-14	0.099111111
-0.382683432	0.099166667
-0.707106781	0.099222222
-0.923879533	0.099277778
-1	0.099333333
-0.923879533	0.099388889
-0.707106781	0.099444444
-0.382683432	0.0995
-2.74E-14	0.099555556
0.382683432	0.099611111
0.707106781	0.099666667
0.923879533	0.099722222
1	0.099777778
0.923879533	0.099833333
0.707106781	0.099888889
0.382683432	0.099944444
3.82E-14	0.1
-0.382683432	0.100055556
-0.707106781	0.100111111
-0.923879533	0.100166667
-1	0.100222222
-0.923879533	0.100277778
-0.707106781	0.100333333
-0.382683432	0.100388889
-4.90E-14	0.100444444
0.382683432	0.1005
0.707106781	0.100555556
0.923879533	0.100611111
1	0.100666667
0.923879533	0.100722222
0.707106781	0.100777778
0.382683432	0.100833333
5.98E-14	0.100888889
-0.382683432	0.100944444
-0.707106781	0.101
-0.923879533	0.101055556
-1	0.101111111
-0.923879533	0.101166667
-0.707106781	0.101222222
-0.382683432	0.101277778
-7.06E-14	0.101333333
0.382683432	0.101388889
0.707106781	0.101444444
0.923879533	0.1015
1	0.101555556
0.923879533	0.101611111
0.707106781	0.101666667
0.382683432	0.101722222
8.13E-14	0.101777778
-0.382683432	0.101833333
-0.707106781	0.101888889
-0.923879533	0.101944444
-1	0.102
-0.923879533	0.102055556
-0.707106781	0.102111111
-0.382683432	0.102166667
2.16E-14	0.102222222
0.382683432	0.102277778
0.707106781	0.102333333
0.923879533	0.102388889
1	0.102444444
0.923879533	0.1025
0.707106781	0.102555556
0.382683432	0.102611111
-1.08E-14	0.102666667
-0.382683432	0.102722222
-0.707106781	0.102777778
-0.923879533	0.102833333
-1	0.102888889
-0.923879533	0.102944444
-0.707106781	0.103
-0.382683432	0.103055556
9.90E-18	0.103111111
0.382683432	0.103166667
0.707106781	0.103222222
0.923879533	0.103277778
1	0.103333333
0.923879533	0.103388889
0.707106781	0.103444444
0.382683432	0.1035
1.08E-14	0.103555556
-0.382683432	0.103611111
-0.707106781	0.103666667
-0.923879533	0.103722222
-1	0.103777778
-0.923879533	0.103833333
-0.707106781	0.103888889
-0.382683432	0.103944444
-2.16E-14	0.104
0.382683432	0.104055556
0.707106781	0.104111111
0.923879533	0.104166667
1	0.104222222
0.923879533	0.104277778
0.707106781	0.104333333
0.382683432	0.104388889
3.23E-14	0.104444444
-0.382683432	0.1045
-0.707106781	0.104555556
-0.923879533	0.104611111
-1	0.104666667
-0.923879533	0.104722222
-0.707106781	0.104777778
-0.382683432	0.104833333
-4.31E-14	0.104888889
0.382683432	0.104944444
0.707106781	0.105
0.923879533	0.105055556
1	0.105111111
0.923879533	0.105166667
0.707106781	0.105222222
0.382683432	0.105277778
5.39E-14	0.105333333
-0.382683432	0.105388889
-0.707106781	0.105444444
-0.923879533	0.1055
-1	0.105555556
-0.923879533	0.105611111
-0.707106781	0.105666667
-0.382683432	0.105722222
-6.47E-14	0.105777778
0.382683432	0.105833333
0.707106781	0.105888889
0.923879533	0.105944444
1	0.106
0.923879533	0.106055556
0.707106781	0.106111111
0.382683432	0.106166667
7.55E-14	0.106222222
-0.382683432	0.106277778
-0.707106781	0.106333333
-0.923879533	0.106388889
-1	0.106444444
-0.923879533	0.1065
-0.707106781	0.106555556
-0.382683432	0.106611111
-8.62E-14	0.106666667
0.382683432	0.106722222
0.707106781	0.106777778
0.923879533	0.106833333
1	0.106888889
0.923879533	0.106944444
0.707106781	0.107
0.382683432	0.107055556
-1.67E-14	0.107111111
-0.382683432	0.107166667
-0.707106781	0.107222222
-0.923879533	0.107277778
-1	0.107333333
-0.923879533	0.107388889
-0.707106781	0.107444444
-0.382683432	0.1075
5.89E-15	0.107555556
0.382683432	0.107611111
0.707106781	0.107666667
0.923879533	0.107722222
1	0.107777778
0.923879533	0.107833333
0.707106781	0.107888889
0.382683432	0.107944444
4.89E-15	0.108
-0.382683432	0.108055556
-0.707106781	0.108111111
-0.923879533	0.108166667
-1	0.108222222
-0.923879533	0.108277778
-0.707106781	0.108333333
-0.382683432	0.108388889
-1.57E-14	0.108444444
0.382683432	0.1085
0.707106781	0.108555556
0.923879533	0.108611111
1	0.108666667
0.923879533	0.108722222
0.707106781	0.108777778
0.382683432	0.108833333
2.65E-14	0.108888889
-0.382683432	0.108944444
-0.707106781	0.109
-0.923879533	0.109055556
-1	0.109111111
-0.923879533	0.109166667
-0.707106781	0.109222222
-0.382683432	0.109277778
-3.72E-14	0.109333333
0.382683432	0.109388889
0.707106781	0.109444444
0.923879533	0.1095
1	0.109555556
0.923879533	0.109611111
0.707106781	0.109666667
0.382683432	0.109722222
4.80E-14	0.109777778
-0.382683432	0.109833333
-0.707106781	0.109888889
-0.923879533	0.109944444
-1	0.11
-0.923879533	0.110055556
-0.707106781	0.110111111
-0.382683432	0.110166667
-5.88E-14	0.110222222
0.382683432	0.110277778
0.707106781	0.110333333
0.923879533	0.110388889
1	0.110444444
0.923879533	0.1105
0.707106781	0.110555556
0.382683432	0.110611111
6.96E-14	0.110666667
-0.382683432	0.110722222
-0.707106781	0.110777778
-0.923879533	0.110833333
-1	0.110888889
-0.923879533	0.110944444
-0.707106781	0.111
-0.382683432	0.111055556
-8.04E-14	0.111111111
0.382683432	0.111166667
0.707106781	0.111222222
0.923879533	0.111277778
1	0.111333333
0.923879533	0.111388889
0.707106781	0.111444444
0.382683432	0.1115
-2.26E-14	0.111555556
-0.382683432	0.111611111
-0.707106781	0.111666667
-0.923879533	0.111722222
-1	0.111777778
-0.923879533	0.111833333
-0.707106781	0.111888889
-0.382683432	0.111944444
1.18E-14	0.112
0.382683432	0.112055556
0.707106781	0.112111111
0.923879533	0.112166667
1	0.112222222
0.923879533	0.112277778
0.707106781	0.112333333
0.382683432	0.112388889
-9.91E-16	0.112444444
-0.382683432	0.1125
-0.707106781	0.112555556
-0.923879533	0.112611111
-1	0.112666667
-0.923879533	0.112722222
-0.707106781	0.112777778
-0.382683432	0.112833333
-9.79E-15	0.112888889
0.382683432	0.112944444
0.707106781	0.113
0.923879533	0.113055556
1	0.113111111
0.923879533	0.113166667
0.707106781	0.113222222
0.382683432	0.113277778
2.06E-14	0.113333333
-0.382683432	0.113388889
-0.707106781	0.113444444
-0.923879533	0.1135
-1	0.113555556
-0.923879533	0.113611111
-0.707106781	0.113666667
-0.382683432	0.113722222
-3.14E-14	0.113777778
0.382683432	0.113833333
0.707106781	0.113888889
0.923879533	0.113944444
1	0.114
0.923879533	0.114055556
0.707106781	0.114111111
0.382683432	0.114166667
4.21E-14	0.114222222
-0.382683432	0.114277778
-0.707106781	0.114333333
-0.923879533	0.114388889
-1	0.114444444
-0.923879533	0.1145
-0.707106781	0.114555556
-0.382683432	0.114611111
-5.29E-14	0.114666667
0.382683432	0.114722222
0.707106781	0.114777778
0.923879533	0.114833333
1	0.114888889
0.923879533	0.114944444
0.707106781	0.115
0.382683432	0.115055556
6.37E-14	0.115111111
-0.382683432	0.115166667
-0.707106781	0.115222222
-0.923879533	0.115277778
-1	0.115333333
-0.923879533	0.115388889
-0.707106781	0.115444444
-0.382683432	0.1155
-7.45E-14	0.115555556
0.382683432	0.115611111
0.707106781	0.115666667
0.923879533	0.115722222
1	0.115777778
0.923879533	0.115833333
0.707106781	0.115888889
0.382683432	0.115944444
8.53E-14	0.116
-0.382683432	0.116055556
-0.707106781	0.116111111
-0.923879533	0.116166667
-1	0.116222222
-0.923879533	0.116277778
-0.707106781	0.116333333
-0.382683432	0.116388889
1.77E-14	0.116444444
0.382683432	0.1165
0.707106781	0.116555556
0.923879533	0.116611111
1	0.116666667
0.923879533	0.116722222
0.707106781	0.116777778
0.382683432	0.116833333
-6.87E-15	0.116888889
-0.382683432	0.116944444
-0.707106781	0.117
-0.923879533	0.117055556
-1	0.117111111
-0.923879533	0.117166667
-0.707106781	0.117222222
-0.382683432	0.117277778
-3.91E-15	0.117333333
0.382683432	0.117388889
0.707106781	0.117444444
0.923879533	0.1175
1	0.117555556
0.923879533	0.117611111
0.707106781	0.117666667
0.382683432	0.117722222
1.47E-14	0.117777778
-0.382683432	0.117833333
-0.707106781	0.117888889
-0.923879533	0.117944444
-1	0.118
-0.923879533	0.118055556
-0.707106781	0.118111111
-0.382683432	0.118166667
-2.55E-14	0.118222222
0.382683432	0.118277778
0.707106781	0.118333333
0.923879533	0.118388889
1	0.118444444
0.923879533	0.1185
0.707106781	0.118555556
0.382683432	0.118611111
3.63E-14	0.118666667
-0.382683432	0.118722222
-0.707106781	0.118777778
-0.923879533	0.118833333
-1	0.118888889
-0.923879533	0.118944444
-0.707106781	0.119
-0.382683432	0.119055556
-4.70E-14	0.119111111
0.382683432	0.119166667
0.707106781	0.119222222
0.923879533	0.119277778
1	0.119333333
0.923879533	0.119388889
0.707106781	0.119444444
0.382683432	0.1195
5.78E-14	0.119555556
-0.382683432	0.119611111
-0.707106781	0.119666667
-0.923879533	0.119722222
-1	0.119777778
-0.923879533	0.119833333
-0.707106781	0.119888889
-0.382683432	0.119944444
-6.86E-14	0.12
0.382683432	0.120055556
0.707106781	0.120111111
0.923879533	0.120166667
1	0.120222222
0.923879533	0.120277778
0.707106781	0.120333333
0.382683432	0.120388889
7.94E-14	0.120444444
-0.382683432	0.1205
-0.707106781	0.120555556
-0.923879533	0.120611111
-1	0.120666667
-0.923879533	0.120722222
-0.707106781	0.120777778
-0.382683432	0.120833333
2.35E-14	0.120888889
0.382683432	0.120944444
0.707106781	0.121
0.923879533	0.121055556
1	0.121111111
0.923879533	0.121166667
0.707106781	0.121222222
0.382683432	0.121277778
-1.28E-14	0.121333333
-0.382683432	0.121388889
-0.707106781	0.121444444
-0.923879533	0.1215
-1	0.121555556
-0.923879533	0.121611111
-0.707106781	0.121666667
-0.382683432	0.121722222
1.97E-15	0.121777778
0.382683432	0.121833333
0.707106781	0.121888889
0.923879533	0.121944444
1	0.122
0.923879533	0.122055556
0.707106781	0.122111111
0.382683432	0.122166667
8.81E-15	0.122222222
-0.382683432	0.122277778
-0.707106781	0.122333333
-0.923879533	0.122388889
-1	0.122444444
-0.923879533	0.1225
-0.707106781	0.122555556
-0.382683432	0.122611111
-1.96E-14	0.122666667
0.382683432	0.122722222
0.707106781	0.122777778
0.923879533	0.122833333
1	0.122888889
0.923879533	0.122944444
0.707106781	0.123
0.382683432	0.123055556
3.04E-14	0.123111111
-0.382683432	0.123166667
-0.707106781	0.123222222
-0.923879533	0.123277778
-1	0.123333333
-0.923879533	0.123388889
-0.707106781	0.123444444
-0.382683432	0.1235
-4.12E-14	0.123555556
0.382683432	0.123611111
0.707106781	0.123666667
0.923879533	0.123722222
1	0.123777778
0.923879533	0.123833333
0.707106781	0.123888889
0.382683432	0.123944444
5.19E-14	0.124
-0.382683432	0.124055556
-0.707106781	0.124111111
-0.923879533	0.124166667
-1	0.124222222
-0.923879533	0.124277778
-0.707106781	0.124333333
-0.382683432	0.124388889
-6.27E-14	0.124444444
0.382683432	0.1245
0.707106781	0.124555556
0.923879533	0.124611111
1	0.124666667
0.923879533	0.124722222
0.707106781	0.124777778
0.382683432	0.124833333
7.35E-14	0.124888889
-0.382683432	0.124944444
-0.707106781	0.125
-0.923879533	0.125055556
-1	0.125111111
-0.923879533	0.125166667
-0.707106781	0.125222222
-0.382683432	0.125277778
-8.43E-14	0.125333333
0.382683432	0.125388889
0.707106781	0.125444444
0.923879533	0.1255
1	0.125555556
0.923879533	0.125611111
0.707106781	0.125666667
0.382683432	0.125722222
-1.86E-14	0.125777778
-0.382683432	0.125833333
-0.707106781	0.125888889
-0.923879533	0.125944444
-1	0.126
-0.923879533	0.126055556
-0.707106781	0.126111111
-0.382683432	0.126166667
7.85E-15	0.126222222
0.382683432	0.126277778
0.707106781	0.126333333
0.923879533	0.126388889
1	0.126444444
0.923879533	0.1265
0.707106781	0.126555556
0.382683432	0.126611111
2.93E-15	0.126666667
-0.382683432	0.126722222
-0.707106781	0.126777778
-0.923879533	0.126833333
-1	0.126888889
-0.923879533	0.126944444
-0.707106781	0.127
-0.382683432	0.127055556
-1.37E-14	0.127111111
0.382683432	0.127166667
0.707106781	0.127222222
0.923879533	0.127277778
1	0.127333333
0.923879533	0.127388889
0.707106781	0.127444444
0.382683432	0.1275
2.45E-14	0.127555556
-0.382683432	0.127611111
-0.707106781	0.127666667
-0.923879533	0.127722222
-1	0.127777778
-0.923879533	0.127833333
-0.707106781	0.127888889
-0.382683432	0.127944444
-3.53E-14	0.128
0.382683432	0.128055556
0.707106781	0.128111111
0.923879533	0.128166667
1	0.128222222
0.923879533	0.128277778
0.707106781	0.128333333
0.382683432	0.128388889
4.61E-14	0.128444444
-0.382683432	0.1285
-0.707106781	0.128555556
-0.923879533	0.128611111
-1	0.128666667
-0.923879533	0.128722222
-0.707106781	0.128777778
-0.382683432	0.128833333
-5.68E-14	0.128888889
0.382683432	0.128944444
0.707106781	0.129
0.923879533	0.129055556
1	0.129111111
0.923879533	0.129166667
0.707106781	0.129222222
0.382683432	0.129277778
6.76E-14	0.129333333
-0.382683432	0.129388889
-0.707106781	0.129444444
-0.923879533	0.1295
-1	0.129555556
-0.923879533	0.129611111
-0.707106781	0.129666667
-0.382683432	0.129722222
-7.84E-14	0.129777778
0.382683432	0.129833333
0.707106781	0.129888889
0.923879533	0.129944444
1	0.13
0.923879533	0.130055556
0.707106781	0.130111111
0.382683432	0.130166667
8.92E-14	0.130222222
-0.382683432	0.130277778
-0.707106781	0.130333333
-0.923879533	0.130388889
-1	0.130444444
-0.923879533	0.1305
-0.707106781	0.130555556
-0.382683432	0.130611111
1.37E-14	0.130666667
0.382683432	0.130722222
0.707106781	0.130777778
0.923879533	0.130833333
1	0.130888889
0.923879533	0.130944444
0.707106781	0.131
0.382683432	0.131055556
-2.95E-15	0.131111111
-0.382683432	0.131166667
-0.707106781	0.131222222
-0.923879533	0.131277778
-1	0.131333333
-0.923879533	0.131388889
-0.707106781	0.131444444
-0.382683432	0.1315
-7.83E-15	0.131555556
0.382683432	0.131611111
0.707106781	0.131666667
0.923879533	0.131722222
1	0.131777778
0.923879533	0.131833333
0.707106781	0.131888889
0.382683432	0.131944444
1.86E-14	0.132
-0.382683432	0.132055556
-0.707106781	0.132111111
-0.923879533	0.132166667
-1	0.132222222
-0.923879533	0.132277778
-0.707106781	0.132333333
-0.382683432	0.132388889
-2.94E-14	0.132444444
0.382683432	0.1325
0.707106781	0.132555556
0.923879533	0.132611111
1	0.132666667
0.923879533	0.132722222
0.707106781	0.132777778
0.382683432	0.132833333
4.02E-14	0.132888889
-0.382683432	0.132944444
-0.707106781	0.133
-0.923879533	0.133055556
-1	0.133111111
-0.923879533	0.133166667
-0.707106781	0.133222222
-0.382683432	0.133277778
-5.10E-14	0.133333333
0.382683432	0.133388889
0.707106781	0.133444444
0.923879533	0.1335
1	0.133555556
0.923879533	0.133611111
0.707106781	0.133666667
0.382683432	0.133722222
6.17E-14	0.133777778
-0.382683432	0.133833333
-0.707106781	0.133888889
-0.923879533	0.133944444
-1	0.134
-0.923879533	0.134055556
-0.707106781	0.134111111
-0.382683432	0.134166667
-7.25E-14	0.134222222
0.382683432	0.134277778
0.707106781	0.134333333
0.923879533	0.134388889
1	0.134444444
0.923879533	0.1345
0.707106781	0.134555556
0.382683432	0.134611111
8.33E-14	0.134666667
-0.382683432	0.134722222
-0.707106781	0.134777778
-0.923879533	0.134833333
-1	0.134888889
-0.923879533	0.134944444
-0.707106781	0.135
-0.382683432	0.135055556
-9.41E-14	0.135111111
0.382683432	0.135166667
0.707106781	0.135222222
0.923879533	0.135277778
1	0.135333333
0.923879533	0.135388889
0.707106781	0.135444444
0.382683432	0.1355
-8.83E-15	0.135555556
-0.382683432	0.135611111
-0.707106781	0.135666667
-0.923879533	0.135722222
-1	0.135777778
-0.923879533	0.135833333
-0.707106781	0.135888889
-0.382683432	0.135944444
-1.95E-15	0.136
0.382683432	0.136055556
0.707106781	0.136111111
0.923879533	0.136166667
1	0.136222222
0.923879533	0.136277778
0.707106781	0.136333333
0.382683432	0.136388889
1.27E-14	0.136444444
-0.382683432	0.1365
-0.707106781	0.136555556
-0.923879533	0.136611111
-1	0.136666667
-0.923879533	0.136722222
-0.707106781	0.136777778
-0.382683432	0.136833333
-2.35E-14	0.136888889
0.382683432	0.136944444
0.707106781	0.137
0.923879533	0.137055556
1	0.137111111
0.923879533	0.137166667
0.707106781	0.137222222
0.382683432	0.137277778
3.43E-14	0.137333333
-0.382683432	0.137388889
-0.707106781	0.137444444
-0.923879533	0.1375
-1	0.137555556
-0.923879533	0.137611111
-0.707106781	0.137666667
-0.382683432	0.137722222
-4.51E-14	0.137777778
0.382683432	0.137833333
0.707106781	0.137888889
0.923879533	0.137944444
1	0.138
0.923879533	0.138055556
0.707106781	0.138111111
0.382683432	0.138166667
5.59E-14	0.138222222
-0.382683432	0.138277778
-0.707106781	0.138333333
-0.923879533	0.138388889
-1	0.138444444
-0.923879533	0.1385
-0.707106781	0.138555556
-0.382683432	0.138611111
-6.66E-14	0.138666667
0.382683432	0.138722222
0.707106781	0.138777778
0.923879533	0.138833333
1	0.138888889
0.923879533	0.138944444
0.707106781	0.139
0.382683432	0.139055556
7.74E-14	0.139111111
-0.382683432	0.139166667
-0.707106781	0.139222222
-0.923879533	0.139277778
-1	0.139333333
-0.923879533	0.139388889
-0.707106781	0.139444444
-0.382683432	0.1395
-8.82E-14	0.139555556
0.382683432	0.139611111
0.707106781	0.139666667
0.923879533	0.139722222
1	0.139777778
0.923879533	0.139833333
0.707106781	0.139888889
0.382683432	0.139944444
-1.47E-14	0.14
-0.382683432	0.140055556
-0.707106781	0.140111111
-0.923879533	0.140166667
-1	0.140222222
-0.923879533	0.140277778
-0.707106781	0.140333333
-0.382683432	0.140388889
3.93E-15	0.140444444
0.382683432	0.1405
0.707106781	0.140555556
0.923879533	0.140611111
1	0.140666667
0.923879533	0.140722222
0.707106781	0.140777778
0.382683432	0.140833333
6.85E-15	0.140888889
-0.382683432	0.140944444
-0.707106781	0.141
-0.923879533	0.141055556
-1	0.141111111
-0.923879533	0.141166667
-0.707106781	0.141222222
-0.382683432	0.141277778
-1.76E-14	0.141333333
0.382683432	0.141388889
0.707106781	0.141444444
0.923879533	0.1415
1	0.141555556
0.923879533	0.141611111
0.707106781	0.141666667
0.382683432	0.141722222
2.84E-14	0.141777778
-0.382683432	0.141833333
-0.707106781	0.141888889
-0.923879533	0.141944444
-1	0.142
-0.923879533	0.142055556
-0.707106781	0.142111111
-0.382683432	0.142166667
-3.92E-14	0.142222222
0.382683432	0.142277778
0.707106781	0.142333333
0.923879533	0.142388889
1	0.142444444
0.923879533	0.1425
0.707106781	0.142555556
0.382683432	0.142611111
5.00E-14	0.142666667
-0.382683432	0.142722222
-0.707106781	0.142777778
-0.923879533	0.142833333
-1	0.142888889
-0.923879533	0.142944444
-0.707106781	0.143
-0.382683432	0.143055556
-6.07E-14	0.143111111
0.382683432	0.143166667
0.707106781	0.143222222
0.923879533	0.143277778
1	0.143333333
0.923879533	0.143388889
0.707106781	0.143444444
0.382683432	0.1435
7.15E-14	0.143555556
-0.382683432	0.143611111
-0.707106781	0.143666667
-0.923879533	0.143722222
-1	0.143777778
-0.923879533	0.143833333
-0.707106781	0.143888889
-0.382683432	0.143944444
-8.23E-14	0.144
0.382683432	0.144055556
0.707106781	0.144111111
0.923879533	0.144166667
1	0.144222222
0.923879533	0.144277778
0.707106781	0.144333333
0.382683432	0.144388889
9.31E-14	0.144444444
-0.382683432	0.1445
-0.707106781	0.144555556
-0.923879533	0.144611111
-1	0.144666667
-0.923879533	0.144722222
-0.707106781	0.144777778
-0.382683432	0.144833333
-1.04E-13	0.144888889
0.382683432	0.144944444
0.707106781	0.145
0.923879533	0.145055556
1	0.145111111
0.923879533	0.145166667
0.707106781	0.145222222
0.382683432	0.145277778
9.66E-16	0.145333333
-0.382683432	0.145388889
-0.707106781	0.145444444
-0.923879533	0.1455
-1	0.145555556
-0.923879533	0.145611111
-0.707106781	0.145666667
-0.382683432	0.145722222
-1.25E-13	0.145777778
0.382683432	0.145833333
0.707106781	0.145888889
0.923879533	0.145944444
1	0.146
0.923879533	0.146055556
0.707106781	0.146111111
0.382683432	0.146166667
2.25E-14	0.146222222
-0.382683432	0.146277778
-0.707106781	0.146333333
-0.923879533	0.146388889
-1	0.146444444
-0.923879533	0.1465
-0.707106781	0.146555556
-0.382683432	0.146611111
-1.47E-13	0.146666667
0.382683432	0.146722222
0.707106781	0.146777778
0.923879533	0.146833333
1	0.146888889
0.923879533	0.146944444
0.707106781	0.147
0.382683432	0.147055556
4.41E-14	0.147111111
-0.382683432	0.147166667
-0.707106781	0.147222222
-0.923879533	0.147277778
-1	0.147333333
-0.923879533	0.147388889
-0.707106781	0.147444444
-0.382683432	0.1475
5.88E-14	0.147555556
0.382683432	0.147611111
0.707106781	0.147666667
0.923879533	0.147722222
1	0.147777778
0.923879533	0.147833333
0.707106781	0.147888889
0.382683432	0.147944444
6.56E-14	0.148
-0.382683432	0.148055556
-0.707106781	0.148111111
-0.923879533	0.148166667
-1	0.148222222
-0.923879533	0.148277778
-0.707106781	0.148333333
-0.382683432	0.148388889
3.73E-14	0.148444444
0.382683432	0.1485
0.707106781	0.148555556
0.923879533	0.148611111
1	0.148666667
0.923879533	0.148722222
0.707106781	0.148777778
0.382683432	0.148833333
8.72E-14	0.148888889
-0.382683432	0.148944444
-0.707106781	0.149
-0.923879533	0.149055556
-1	0.149111111
-0.923879533	0.149166667
-0.707106781	0.149222222
-0.382683432	0.149277778
1.57E-14	0.149333333
0.382683432	0.149388889
0.707106781	0.149444444
0.923879533	0.1495
1	0.149555556
0.923879533	0.149611111
0.707106781	0.149666667
0.382683432	0.149722222
1.09E-13	0.149777778
-0.382683432	0.149833333
-0.707106781	0.149888889
-0.923879533	0.149944444
-1	0.15
-0.923879533	0.150055556
-0.707106781	0.150111111
-0.382683432	0.150166667
-5.87E-15	0.150222222
0.382683432	0.150277778
0.707106781	0.150333333
0.923879533	0.150388889
1	0.150444444
0.923879533	0.1505
0.707106781	0.150555556
0.382683432	0.150611111
1.30E-13	0.150666667
-0.382683432	0.150722222
-0.707106781	0.150777778
-0.923879533	0.150833333
-1	0.150888889
-0.923879533	0.150944444
-0.707106781	0.151
-0.382683432	0.151055556
-2.74E-14	0.151111111
0.382683432	0.151166667
0.707106781	0.151222222
0.923879533	0.151277778
1	0.151333333
0.923879533	0.151388889
0.707106781	0.151444444
0.382683432	0.1515
1.52E-13	0.151555556
-0.382683432	0.151611111
-0.707106781	0.151666667
-0.923879533	0.151722222
-1	0.151777778
-0.923879533	0.151833333
-0.707106781	0.151888889
-0.382683432	0.151944444
-4.90E-14	0.152
0.382683432	0.152055556
0.707106781	0.152111111
0.923879533	0.152166667
1	0.152222222
0.923879533	0.152277778
0.707106781	0.152333333
0.382683432	0.152388889
-5.39E-14	0.152444444
-0.382683432	0.1525
-0.707106781	0.152555556
-0.923879533	0.152611111
-1	0.152666667
-0.923879533	0.152722222
-0.707106781	0.152777778
-0.382683432	0.152833333
-7.05E-14	0.152888889
0.382683432	0.152944444
0.707106781	0.153
0.923879533	0.153055556
1	0.153111111
0.923879533	0.153166667
0.707106781	0.153222222
0.382683432	0.153277778
-3.24E-14	0.153333333
-0.382683432	0.153388889
-0.707106781	0.153444444
-0.923879533	0.1535
-1	0.153555556
-0.923879533	0.153611111
-0.707106781	0.153666667
-0.382683432	0.153722222
-9.21E-14	0.153777778
0.382683432	0.153833333
0.707106781	0.153888889
0.923879533	0.153944444
1	0.154
0.923879533	0.154055556
0.707106781	0.154111111
0.382683432	0.154166667
-1.08E-14	0.154222222
-0.382683432	0.154277778
-0.707106781	0.154333333
-0.923879533	0.154388889
-1	0.154444444
-0.923879533	0.1545
-0.707106781	0.154555556
-0.382683432	0.154611111
-1.14E-13	0.154666667
0.382683432	0.154722222
0.707106781	0.154777778
0.923879533	0.154833333
1	0.154888889
0.923879533	0.154944444
0.707106781	0.155
0.382683432	0.155055556
1.08E-14	0.155111111
-0.382683432	0.155166667
-0.707106781	0.155222222
-0.923879533	0.155277778
-1	0.155333333
-0.923879533	0.155388889
-0.707106781	0.155444444
-0.382683432	0.1555
-1.35E-13	0.155555556
0.382683432	0.155611111
0.707106781	0.155666667
0.923879533	0.155722222
1	0.155777778
0.923879533	0.155833333
0.707106781	0.155888889
0.382683432	0.155944444
3.23E-14	0.156
-0.382683432	0.156055556
-0.707106781	0.156111111
-0.923879533	0.156166667
-1	0.156222222
-0.923879533	0.156277778
-0.707106781	0.156333333
-0.382683432	0.156388889
-1.57E-13	0.156444444
0.382683432	0.1565
0.707106781	0.156555556
0.923879533	0.156611111
1	0.156666667
0.923879533	0.156722222
0.707106781	0.156777778
0.382683432	0.156833333
5.39E-14	0.156888889
-0.382683432	0.156944444
-0.707106781	0.157
-0.923879533	0.157055556
-1	0.157111111
-0.923879533	0.157166667
-0.707106781	0.157222222
-0.382683432	0.157277778
4.90E-14	0.157333333
0.382683432	0.157388889
0.707106781	0.157444444
0.923879533	0.1575
1	0.157555556
0.923879533	0.157611111
0.707106781	0.157666667
0.382683432	0.157722222
7.54E-14	0.157777778
-0.382683432	0.157833333
-0.707106781	0.157888889
-0.923879533	0.157944444
-1	0.158
-0.923879533	0.158055556
-0.707106781	0.158111111
-0.382683432	0.158166667
2.75E-14	0.158222222
0.382683432	0.158277778
0.707106781	0.158333333
0.923879533	0.158388889
1	0.158444444
0.923879533	0.1585
0.707106781	0.158555556
0.382683432	0.158611111
9.70E-14	0.158666667
-0.382683432	0.158722222
-0.707106781	0.158777778
-0.923879533	0.158833333
-1	0.158888889
-0.923879533	0.158944444
-0.707106781	0.159
-0.382683432	0.159055556
5.90E-15	0.159111111
0.382683432	0.159166667
0.707106781	0.159222222
0.923879533	0.159277778
1	0.159333333
0.923879533	0.159388889
0.707106781	0.159444444
0.382683432	0.1595
1.19E-13	0.159555556
-0.382683432	0.159611111
-0.707106781	0.159666667
-0.923879533	0.159722222
-1	0.159777778
-0.923879533	0.159833333
-0.707106781	0.159888889
-0.382683432	0.159944444
-1.57E-14	0.16
0.382683432	0.160055556
0.707106781	0.160111111
0.923879533	0.160166667
1	0.160222222
0.923879533	0.160277778
0.707106781	0.160333333
0.382683432	0.160388889
1.40E-13	0.160444444
-0.382683432	0.1605
-0.707106781	0.160555556
-0.923879533	0.160611111
-1	0.160666667
-0.923879533	0.160722222
-0.707106781	0.160777778
-0.382683432	0.160833333
-3.72E-14	0.160888889
0.382683432	0.160944444
0.707106781	0.161
0.923879533	0.161055556
1	0.161111111
0.923879533	0.161166667
0.707106781	0.161222222
0.382683432	0.161277778
-6.57E-14	0.161333333
-0.382683432	0.161388889
-0.707106781	0.161444444
-0.923879533	0.1615
-1	0.161555556
-0.923879533	0.161611111
-0.707106781	0.161666667
-0.382683432	0.161722222
-5.88E-14	0.161777778
0.382683432	0.161833333
0.707106781	0.161888889
0.923879533	0.161944444
1	0.162
0.923879533	0.162055556
0.707106781	0.162111111
0.382683432	0.162166667
-4.41E-14	0.162222222
-0.382683432	0.162277778
-0.707106781	0.162333333
-0.923879533	0.162388889
-1	0.162444444
-0.923879533	0.1625
-0.707106781	0.162555556
-0.382683432	0.162611111
-8.03E-14	0.162666667
0.382683432	0.162722222
0.707106781	0.162777778
0.923879533	0.162833333
1	0.162888889
0.923879533	0.162944444
0.707106781	0.163
0.382683432	0.163055556
-2.26E-14	0.163111111
-0.382683432	0.163166667
-0.707106781	0.163222222
-0.923879533	0.163277778
-1	0.163333333
-0.923879533	0.163388889
-0.707106781	0.163444444
-0.382683432	0.1635
-1.02E-13	0.163555556
0.382683432	0.163611111
0.707106781	0.163666667
0.923879533	0.163722222
1	0.163777778
0.923879533	0.163833333
0.707106781	0.163888889
0.382683432	0.163944444
-9.96E-16	0.164
-0.382683432	0.164055556
-0.707106781	0.164111111
-0.923879533	0.164166667
-1	0.164222222
-0.923879533	0.164277778
-0.707106781	0.164333333
-0.382683432	0.164388889
-1.23E-13	0.164444444
0.382683432	0.1645
0.707106781	0.164555556
0.923879533	0.164611111
1	0.164666667
0.923879533	0.164722222
0.707106781	0.164777778
0.382683432	0.164833333
2.06E-14	0.164888889
-0.382683432	0.164944444
-0.707106781	0.165
-0.923879533	0.165055556
-1	0.165111111
-0.923879533	0.165166667
-0.707106781	0.165222222
-0.382683432	0.165277778
-1.45E-13	0.165333333
0.382683432	0.165388889
0.707106781	0.165444444
0.923879533	0.1655
1	0.165555556
0.923879533	0.165611111
0.707106781	0.165666667
0.382683432	0.165722222
4.21E-14	0.165777778
-0.382683432	0.165833333
-0.707106781	0.165888889
-0.923879533	0.165944444
-1	0.166
-0.923879533	0.166055556
-0.707106781	0.166111111
-0.382683432	0.166166667
6.08E-14	0.166222222
0.382683432	0.166277778
0.707106781	0.166333333
0.923879533	0.166388889
1	0.166444444
0.923879533	0.1665
0.707106781	0.166555556
0.382683432	0.166611111
6.37E-14	0.166666667
-0.382683432	0.166722222
-0.707106781	0.166777778
-0.923879533	0.166833333
-1	0.166888889
-0.923879533	0.166944444
-0.707106781	0.167
-0.382683432	0.167055556
3.92E-14	0.167111111
0.382683432	0.167166667
0.707106781	0.167222222
0.923879533	0.167277778
1	0.167333333
0.923879533	0.167388889
0.707106781	0.167444444
0.382683432	0.1675
8.52E-14	0.167555556
-0.382683432	0.167611111
-0.707106781	0.167666667
-0.923879533	0.167722222
-1	0.167777778
-0.923879533	0.167833333
-0.707106781	0.167888889
-0.382683432	0.167944444
1.77E-14	0.168
0.382683432	0.168055556
0.707106781	0.168111111
0.923879533	0.168166667
1	0.168222222
0.923879533	0.168277778
0.707106781	0.168333333
0.382683432	0.168388889
1.07E-13	0.168444444
-0.382683432	0.1685
-0.707106781	0.168555556
-0.923879533	0.168611111
-1	0.168666667
-0.923879533	0.168722222
-0.707106781	0.168777778
-0.382683432	0.168833333
-3.90E-15	0.168888889
0.382683432	0.168944444
0.707106781	0.169
0.923879533	0.169055556
1	0.169111111
0.923879533	0.169166667
0.707106781	0.169222222
0.382683432	0.169277778
1.28E-13	0.169333333
-0.382683432	0.169388889
-0.707106781	0.169444444
-0.923879533	0.1695
-1	0.169555556
-0.923879533	0.169611111
-0.707106781	0.169666667
-0.382683432	0.169722222
-2.55E-14	0.169777778
0.382683432	0.169833333
0.707106781	0.169888889
0.923879533	0.169944444
1	0.17
0.923879533	0.170055556
0.707106781	0.170111111
0.382683432	0.170166667
1.50E-13	0.170222222
-0.382683432	0.170277778
-0.707106781	0.170333333
-0.923879533	0.170388889
-1	0.170444444
-0.923879533	0.1705
-0.707106781	0.170555556
-0.382683432	0.170611111
-4.70E-14	0.170666667
0.382683432	0.170722222
0.707106781	0.170777778
0.923879533	0.170833333
1	0.170888889
0.923879533	0.170944444
0.707106781	0.171
0.382683432	0.171055556
-5.59E-14	0.171111111
-0.382683432	0.171166667
-0.707106781	0.171222222
-0.923879533	0.171277778
-1	0.171333333
-0.923879533	0.171388889
-0.707106781	0.171444444
-0.382683432	0.1715
-6.86E-14	0.171555556
0.382683432	0.171611111
0.707106781	0.171666667
0.923879533	0.171722222
1	0.171777778
0.923879533	0.171833333
0.707106781	0.171888889
0.382683432	0.171944444
-3.43E-14	0.172
-0.382683432	0.172055556
-0.707106781	0.172111111
-0.923879533	0.172166667
-1	0.172222222
-0.923879533	0.172277778
-0.707106781	0.172333333
-0.382683432	0.172388889
-9.01E-14	0.172444444
0.382683432	0.1725
0.707106781	0.172555556
0.923879533	0.172611111
1	0.172666667
0.923879533	0.172722222
0.707106781	0.172777778
0.382683432	0.172833333
-1.28E-14	0.172888889
-0.382683432	0.172944444
-0.707106781	0.173
-0.923879533	0.173055556
-1	0.173111111
-0.923879533	0.173166667
-0.707106781	0.173222222
-0.382683432	0.173277778
-1.12E-13	0.173333333
0.382683432	0.173388889
0.707106781	0.173444444
0.923879533	0.1735
1	0.173555556
0.923879533	0.173611111
0.707106781	0.173666667
0.382683432	0.173722222
8.80E-15	0.173777778
-0.382683432	0.173833333
-0.707106781	0.173888889
-0.923879533	0.173944444
-1	0.174
-0.923879533	0.174055556
-0.707106781	0.174111111
-0.382683432	0.174166667
-1.33E-13	0.174222222
0.382683432	0.174277778
0.707106781	0.174333333
0.923879533	0.174388889
1	0.174444444
0.923879533	0.1745
0.707106781	0.174555556
0.382683432	0.174611111
3.04E-14	0.174666667
-0.382683432	0.174722222
-0.707106781	0.174777778
-0.923879533	0.174833333
-1	0.174888889
-0.923879533	0.174944444
-0.707106781	0.175
-0.382683432	0.175055556
-1.55E-13	0.175111111
0.382683432	0.175166667
0.707106781	0.175222222
0.923879533	0.175277778
1	0.175333333
0.923879533	0.175388889
0.707106781	0.175444444
0.382683432	0.1755
5.19E-14	0.175555556
-0.382683432	0.175611111
-0.707106781	0.175666667
-0.923879533	0.175722222
-1	0.175777778
-0.923879533	0.175833333
-0.707106781	0.175888889
-0.382683432	0.175944444
5.10E-14	0.176
0.382683432	0.176055556
0.707106781	0.176111111
0.923879533	0.176166667
1	0.176222222
0.923879533	0.176277778
0.707106781	0.176333333
0.382683432	0.176388889
7.35E-14	0.176444444
-0.382683432	0.1765
-0.707106781	0.176555556
-0.923879533	0.176611111
-1	0.176666667
-0.923879533	0.176722222
-0.707106781	0.176777778
-0.382683432	0.176833333
2.94E-14	0.176888889
0.382683432	0.176944444
0.707106781	0.177
0.923879533	0.177055556
1	0.177111111
0.923879533	0.177166667
0.707106781	0.177222222
0.382683432	0.177277778
9.50E-14	0.177333333
-0.382683432	0.177388889
-0.707106781	0.177444444
-0.923879533	0.1775
-1	0.177555556
-0.923879533	0.177611111
-0.707106781	0.177666667
-0.382683432	0.177722222
7.86E-15	0.177777778
0.382683432	0.177833333
0.707106781	0.177888889
0.923879533	0.177944444
1	0.178
0.923879533	0.178055556
0.707106781	0.178111111
0.382683432	0.178166667
1.17E-13	0.178222222
-0.382683432	0.178277778
-0.707106781	0.178333333
-0.923879533	0.178388889
-1	0.178444444
-0.923879533	0.1785
-0.707106781	0.178555556
-0.382683432	0.178611111
-1.37E-14	0.178666667
0.382683432	0.178722222
0.707106781	0.178777778
0.923879533	0.178833333
1	0.178888889
0.923879533	0.178944444
0.707106781	0.179
0.382683432	0.179055556
1.38E-13	0.179111111
-0.382683432	0.179166667
-0.707106781	0.179222222
-0.923879533	0.179277778
-1	0.179333333
-0.923879533	0.179388889
-0.707106781	0.179444444
-0.382683432	0.1795
-3.53E-14	0.179555556
0.382683432	0.179611111
0.707106781	0.179666667
0.923879533	0.179722222
1	0.179777778
0.923879533	0.179833333
0.707106781	0.179888889
0.382683432	0.179944444
1.60E-13	0.18
-0.382683432	0.180055556
-0.707106781	0.180111111
-0.923879533	0.180166667
-1	0.180222222
-0.923879533	0.180277778
-0.707106781	0.180333333
-0.382683432	0.180388889
-5.68E-14	0.180444444
0.382683432	0.1805
0.707106781	0.180555556
0.923879533	0.180611111
1	0.180666667
0.923879533	0.180722222
0.707106781	0.180777778
0.382683432	0.180833333
-4.61E-14	0.180888889
-0.382683432	0.180944444
-0.707106781	0.181
-0.923879533	0.181055556
-1	0.181111111
-0.923879533	0.181166667
-0.707106781	0.181222222
-0.382683432	0.181277778
-7.84E-14	0.181333333
0.382683432	0.181388889
0.707106781	0.181444444
0.923879533	0.1815
1	0.181555556
0.923879533	0.181611111
0.707106781	0.181666667
0.382683432	0.181722222
-2.45E-14	0.181777778
-0.382683432	0.181833333
-0.707106781	0.181888889
-0.923879533	0.181944444
-1	0.182
-0.923879533	0.182055556
-0.707106781	0.182111111
-0.382683432	0.182166667
-9.99E-14	0.182222222
0.382683432	0.182277778
0.707106781	0.182333333
0.923879533	0.182388889
1	0.182444444
0.923879533	0.1825
0.707106781	0.182555556
0.382683432	0.182611111
-2.96E-15	0.182666667
-0.382683432	0.182722222
-0.707106781	0.182777778
-0.923879533	0.182833333
-1	0.182888889
-0.923879533	0.182944444
-0.707106781	0.183
-0.382683432	0.183055556
-1.22E-13	0.183111111
0.382683432	0.183166667
0.707106781	0.183222222
0.923879533	0.183277778
1	0.183333333
0.923879533	0.183388889
0.707106781	0.183444444
0.382683432	0.1835
1.86E-14	0.183555556
-0.382683432	0.183611111
-0.707106781	0.183666667
-0.923879533	0.183722222
-1	0.183777778
-0.923879533	0.183833333
-0.707106781	0.183888889
-0.382683432	0.183944444
-1.43E-13	0.184
0.382683432	0.184055556
0.707106781	0.184111111
0.923879533	0.184166667
1	0.184222222
0.923879533	0.184277778
0.707106781	0.184333333
0.382683432	0.184388889
4.02E-14	0.184444444
-0.382683432	0.1845
-0.707106781	0.184555556
-0.923879533	0.184611111
-1	0.184666667
-0.923879533	0.184722222
-0.707106781	0.184777778
-0.382683432	0.184833333
6.27E-14	0.184888889
0.382683432	0.184944444
0.707106781	0.185
0.923879533	0.185055556
1	0.185111111
0.923879533	0.185166667
0.707106781	0.185222222
0.382683432	0.185277778
6.17E-14	0.185333333
-0.382683432	0.185388889
-0.707106781	0.185444444
-0.923879533	0.1855
-1	0.185555556
-0.923879533	0.185611111
-0.707106781	0.185666667
-0.382683432	0.185722222
4.12E-14	0.185777778
0.382683432	0.185833333
0.707106781	0.185888889
0.923879533	0.185944444
1	0.186
0.923879533	0.186055556
0.707106781	0.186111111
0.382683432	0.186166667
8.33E-14	0.186222222
-0.382683432	0.186277778
-0.707106781	0.186333333
-0.923879533	0.186388889
-1	0.186444444
-0.923879533	0.1865
-0.707106781	0.186555556
-0.382683432	0.186611111
1.96E-14	0.186666667
0.382683432	0.186722222
0.707106781	0.186777778
0.923879533	0.186833333
1	0.186888889
0.923879533	0.186944444
0.707106781	0.187
0.382683432	0.187055556
1.05E-13	0.187111111
-0.382683432	0.187166667
-0.707106781	0.187222222
-0.923879533	0.187277778
-1	0.187333333
-0.923879533	0.187388889
-0.707106781	0.187444444
-0.382683432	0.1875
-1.94E-15	0.187555556
0.382683432	0.187611111
0.707106781	0.187666667
0.923879533	0.187722222
1	0.187777778
0.923879533	0.187833333
0.707106781	0.187888889
0.382683432	0.187944444
1.26E-13	0.188
-0.382683432	0.188055556
-0.707106781	0.188111111
-0.923879533	0.188166667
-1	0.188222222
-0.923879533	0.188277778
-0.707106781	0.188333333
-0.382683432	0.188388889
-2.35E-14	0.188444444
0.382683432	0.1885
0.707106781	0.188555556
0.923879533	0.188611111
1	0.188666667
0.923879533	0.188722222
0.707106781	0.188777778
0.382683432	0.188833333
1.48E-13	0.188888889
-0.382683432	0.188944444
-0.707106781	0.189
-0.923879533	0.189055556
-1	0.189111111
-0.923879533	0.189166667
-0.707106781	0.189222222
-0.382683432	0.189277778
-4.51E-14	0.189333333
0.382683432	0.189388889
0.707106781	0.189444444
0.923879533	0.1895
1	0.189555556
0.923879533	0.189611111
0.707106781	0.189666667
0.382683432	0.189722222
-5.78E-14	0.189777778
-0.382683432	0.189833333
-0.707106781	0.189888889
-0.923879533	0.189944444
-1	0.19
-0.923879533	0.190055556
-0.707106781	0.190111111
-0.382683432	0.190166667
-6.66E-14	0.190222222
0.382683432	0.190277778
0.707106781	0.190333333
0.923879533	0.190388889
1	0.190444444
0.923879533	0.1905
0.707106781	0.190555556
0.382683432	0.190611111
-3.63E-14	0.190666667
-0.382683432	0.190722222
-0.707106781	0.190777778
-0.923879533	0.190833333
-1	0.190888889
-0.923879533	0.190944444
-0.707106781	0.191
-0.382683432	0.191055556
-8.82E-14	0.191111111
0.382683432	0.191166667
0.707106781	0.191222222
0.923879533	0.191277778
1	0.191333333
0.923879533	0.191388889
0.707106781	0.191444444
0.382683432	0.1915
-1.47E-14	0.191555556
-0.382683432	0.191611111
-0.707106781	0.191666667
-0.923879533	0.191722222
-1	0.191777778
-0.923879533	0.191833333
-0.707106781	0.191888889
-0.382683432	0.191944444
-1.10E-13	0.192
0.382683432	0.192055556
0.707106781	0.192111111
0.923879533	0.192166667
1	0.192222222
0.923879533	0.192277778
0.707106781	0.192333333
0.382683432	0.192388889
6.84E-15	0.192444444
-0.382683432	0.1925
-0.707106781	0.192555556
-0.923879533	0.192611111
-1	0.192666667
-0.923879533	0.192722222
-0.707106781	0.192777778
-0.382683432	0.192833333
-1.31E-13	0.192888889
0.382683432	0.192944444
0.707106781	0.193
0.923879533	0.193055556
1	0.193111111
0.923879533	0.193166667
0.707106781	0.193222222
0.382683432	0.193277778
2.84E-14	0.193333333
-0.382683432	0.193388889
-0.707106781	0.193444444
-0.923879533	0.1935
-1	0.193555556
-0.923879533	0.193611111
-0.707106781	0.193666667
-0.382683432	0.193722222
-1.53E-13	0.193777778
0.382683432	0.193833333
0.707106781	0.193888889
0.923879533	0.193944444
1	0.194
0.923879533	0.194055556
0.707106781	0.194111111
0.382683432	0.194166667
5.00E-14	0.194222222
-0.382683432	0.194277778
-0.707106781	0.194333333
-0.923879533	0.194388889
-1	0.194444444
-0.923879533	0.1945
-0.707106781	0.194555556
-0.382683432	0.194611111
5.29E-14	0.194666667
0.382683432	0.194722222
0.707106781	0.194777778
0.923879533	0.194833333
1	0.194888889
0.923879533	0.194944444
0.707106781	0.195
0.382683432	0.195055556
7.15E-14	0.195111111
-0.382683432	0.195166667
-0.707106781	0.195222222
-0.923879533	0.195277778
-1	0.195333333
-0.923879533	0.195388889
-0.707106781	0.195444444
-0.382683432	0.1955
3.14E-14	0.195555556
0.382683432	0.195611111
0.707106781	0.195666667
0.923879533	0.195722222
1	0.195777778
0.923879533	0.195833333
0.707106781	0.195888889
0.382683432	0.195944444
9.31E-14	0.196
-0.382683432	0.196055556
-0.707106781	0.196111111
-0.923879533	0.196166667
-1	0.196222222
-0.923879533	0.196277778
-0.707106781	0.196333333
-0.382683432	0.196388889
9.82E-15	0.196444444
0.382683432	0.1965
0.707106781	0.196555556
0.923879533	0.196611111
1	0.196666667
0.923879533	0.196722222
0.707106781	0.196777778
0.382683432	0.196833333
1.15E-13	0.196888889
-0.382683432	0.196944444
-0.707106781	0.197
-0.923879533	0.197055556
-1	0.197111111
-0.923879533	0.197166667
-0.707106781	0.197222222
-0.382683432	0.197277778
-1.17E-14	0.197333333
0.382683432	0.197388889
0.707106781	0.197444444
0.923879533	0.1975
1	0.197555556
0.923879533	0.197611111
0.707106781	0.197666667
0.382683432	0.197722222
1.36E-13	0.197777778
-0.382683432	0.197833333
-0.707106781	0.197888889
-0.923879533	0.197944444
-1	0.198
-0.923879533	0.198055556
-0.707106781	0.198111111
-0.382683432	0.198166667
-3.33E-14	0.198222222
0.382683432	0.198277778
0.707106781	0.198333333
0.923879533	0.198388889
1	0.198444444
0.923879533	0.1985
0.707106781	0.198555556
0.382683432	0.198611111
1.58E-13	0.198666667
-0.382683432	0.198722222
-0.707106781	0.198777778
-0.923879533	0.198833333
-1	0.198888889
-0.923879533	0.198944444
-0.707106781	0.199
-0.382683432	0.199055556
-5.49E-14	0.199111111
0.382683432	0.199166667
0.707106781	0.199222222
0.923879533	0.199277778
1	0.199333333
0.923879533	0.199388889
0.707106781	0.199444444
0.382683432	0.1995
-4.80E-14	0.199555556
-0.382683432	0.199611111
-0.707106781	0.199666667
-0.923879533	0.199722222
-1	0.199777778
-0.923879533	0.199833333
-0.707106781	0.199888889
-0.382683432	0.199944444
-7.64E-14	0.2
0.382683432	0.200055556
0.707106781	0.200111111
0.923879533	0.200166667
1	0.200222222
0.923879533	0.200277778
0.707106781	0.200333333
0.382683432	0.200388889
-2.65E-14	0.200444444
-0.382683432	0.2005
-0.707106781	0.200555556
-0.923879533	0.200611111
-1	0.200666667
-0.923879533	0.200722222
-0.707106781	0.200777778
-0.382683432	0.200833333
-9.80E-14	0.200888889
0.382683432	0.200944444
0.707106781	0.201
0.923879533	0.201055556
1	0.201111111
0.923879533	0.201166667
0.707106781	0.201222222
0.382683432	0.201277778
-4.92E-15	0.201333333
-0.382683432	0.201388889
-0.707106781	0.201444444
-0.923879533	0.2015
-1	0.201555556
-0.923879533	0.201611111
-0.707106781	0.201666667
-0.382683432	0.201722222
-1.20E-13	0.201777778
0.382683432	0.201833333
0.707106781	0.201888889
0.923879533	0.201944444
1	0.202
0.923879533	0.202055556
0.707106781	0.202111111
0.382683432	0.202166667
1.66E-14	0.202222222
-0.382683432	0.202277778
-0.707106781	0.202333333
-0.923879533	0.202388889
-1	0.202444444
-0.923879533	0.2025
-0.707106781	0.202555556
-0.382683432	0.202611111
-1.41E-13	0.202666667
0.382683432	0.202722222
0.707106781	0.202777778
0.923879533	0.202833333
1	0.202888889
0.923879533	0.202944444
0.707106781	0.203
0.382683432	0.203055556
3.82E-14	0.203111111
-0.382683432	0.203166667
-0.707106781	0.203222222
-0.923879533	0.203277778
-1	0.203333333
-0.923879533	0.203388889
-0.707106781	0.203444444
-0.382683432	0.2035
-1.63E-13	0.203555556
0.382683432	0.203611111
0.707106781	0.203666667
0.923879533	0.203722222
1	0.203777778
0.923879533	0.203833333
0.707106781	0.203888889
0.382683432	0.203944444
5.98E-14	0.204
-0.382683432	0.204055556
-0.707106781	0.204111111
-0.923879533	0.204166667
-1	0.204222222
-0.923879533	0.204277778
-0.707106781	0.204333333
-0.382683432	0.204388889
4.31E-14	0.204444444
0.382683432	0.2045
0.707106781	0.204555556
0.923879533	0.204611111
1	0.204666667
0.923879533	0.204722222
0.707106781	0.204777778
0.382683432	0.204833333
8.13E-14	0.204888889
-0.382683432	0.204944444
-0.707106781	0.205
-0.923879533	0.205055556
-1	0.205111111
-0.923879533	0.205166667
-0.707106781	0.205222222
-0.382683432	0.205277778
2.16E-14	0.205333333
0.382683432	0.205388889
0.707106781	0.205444444
0.923879533	0.2055
1	0.205555556
0.923879533	0.205611111
0.707106781	0.205666667
0.382683432	0.205722222
1.03E-13	0.205777778
-0.382683432	0.205833333
-0.707106781	0.205888889
-0.923879533	0.205944444
-1	0.206
-0.923879533	0.206055556
-0.707106781	0.206111111
-0.382683432	0.206166667
1.98E-17	0.206222222
0.382683432	0.206277778
0.707106781	0.206333333
0.923879533	0.206388889
1	0.206444444
0.923879533	0.2065
0.707106781	0.206555556
0.382683432	0.206611111
1.24E-13	0.206666667
-0.382683432	0.206722222
-0.707106781	0.206777778
-0.923879533	0.206833333
-1	0.206888889
-0.923879533	0.206944444
-0.707106781	0.207
-0.382683432	0.207055556
-2.15E-14	0.207111111
0.382683432	0.207166667
0.707106781	0.207222222
0.923879533	0.207277778
1	0.207333333
0.923879533	0.207388889
0.707106781	0.207444444
0.382683432	0.2075
1.46E-13	0.207555556
-0.382683432	0.207611111
-0.707106781	0.207666667
-0.923879533	0.207722222
-1	0.207777778
-0.923879533	0.207833333
-0.707106781	0.207888889
-0.382683432	0.207944444
-4.31E-14	0.208
0.382683432	0.208055556
0.707106781	0.208111111
0.923879533	0.208166667
1	0.208222222
0.923879533	0.208277778
0.707106781	0.208333333
0.382683432	0.208388889
1.68E-13	0.208444444
-0.382683432	0.2085
-0.707106781	0.208555556
-0.923879533	0.208611111
-1	0.208666667
-0.923879533	0.208722222
-0.707106781	0.208777778
-0.382683432	0.208833333
-6.47E-14	0.208888889
0.382683432	0.208944444
0.707106781	0.209
0.923879533	0.209055556
1	0.209111111
0.923879533	0.209166667
0.707106781	0.209222222
0.382683432	0.209277778
-3.82E-14	0.209333333
-0.382683432	0.209388889
-0.707106781	0.209444444
-0.923879533	0.2095
-1	0.209555556
-0.923879533	0.209611111
-0.707106781	0.209666667
-0.382683432	0.209722222
-8.62E-14	0.209777778
0.382683432	0.209833333
0.707106781	0.209888889
0.923879533	0.209944444
1	0.21
0.923879533	0.210055556
0.707106781	0.210111111
0.382683432	0.210166667
-1.67E-14	0.210222222
-0.382683432	0.210277778
-0.707106781	0.210333333
-0.923879533	0.210388889
-1	0.210444444
-0.923879533	0.2105
-0.707106781	0.210555556
-0.382683432	0.210611111
-1.08E-13	0.210666667
0.382683432	0.210722222
0.707106781	0.210777778
0.923879533	0.210833333
1	0.210888889
0.923879533	0.210944444
0.707106781	0.211
0.382683432	0.211055556
4.88E-15	0.211111111
-0.382683432	0.211166667
-0.707106781	0.211222222
-0.923879533	0.211277778
-1	0.211333333
-0.923879533	0.211388889
-0.707106781	0.211444444
-0.382683432	0.2115
-1.29E-13	0.211555556
0.382683432	0.211611111
0.707106781	0.211666667
0.923879533	0.211722222
1	0.211777778
0.923879533	0.211833333
0.707106781	0.211888889
0.382683432	0.211944444
2.64E-14	0.212
-0.382683432	0.212055556
-0.707106781	0.212111111
-0.923879533	0.212166667
-1	0.212222222
-0.923879533	0.212277778
-0.707106781	0.212333333
-0.382683432	0.212388889
-1.51E-13	0.212444444
0.382683432	0.2125
0.707106781	0.212555556
0.923879533	0.212611111
1	0.212666667
0.923879533	0.212722222
0.707106781	0.212777778
0.382683432	0.212833333
4.80E-14	0.212888889
-0.382683432	0.212944444
-0.707106781	0.213
-0.923879533	0.213055556
-1	0.213111111
-0.923879533	0.213166667
-0.707106781	0.213222222
-0.382683432	0.213277778
-1.72E-13	0.213333333
0.382683432	0.213388889
0.707106781	0.213444444
0.923879533	0.2135
1	0.213555556
0.923879533	0.213611111
0.707106781	0.213666667
0.382683432	0.213722222
6.96E-14	0.213777778
-0.382683432	0.213833333
-0.707106781	0.213888889
-0.923879533	0.213944444
-1	0.214
-0.923879533	0.214055556
-0.707106781	0.214111111
-0.382683432	0.214166667
3.33E-14	0.214222222
0.382683432	0.214277778
0.707106781	0.214333333
0.923879533	0.214388889
1	0.214444444
0.923879533	0.2145
0.707106781	0.214555556
0.382683432	0.214611111
9.11E-14	0.214666667
-0.382683432	0.214722222
-0.707106781	0.214777778
-0.923879533	0.214833333
-1	0.214888889
-0.923879533	0.214944444
-0.707106781	0.215
-0.382683432	0.215055556
1.18E-14	0.215111111
0.382683432	0.215166667
0.707106781	0.215222222
0.923879533	0.215277778
1	0.215333333
0.923879533	0.215388889
0.707106781	0.215444444
0.382683432	0.2155
1.13E-13	0.215555556
-0.382683432	0.215611111
-0.707106781	0.215666667
-0.923879533	0.215722222
-1	0.215777778
-0.923879533	0.215833333
-0.707106781	0.215888889
-0.382683432	0.215944444
-9.78E-15	0.216
0.382683432	0.216055556
0.707106781	0.216111111
0.923879533	0.216166667
1	0.216222222
0.923879533	0.216277778
0.707106781	0.216333333
0.382683432	0.216388889
1.34E-13	0.216444444
-0.382683432	0.2165
-0.707106781	0.216555556
-0.923879533	0.216611111
-1	0.216666667
-0.923879533	0.216722222
-0.707106781	0.216777778
-0.382683432	0.216833333
-3.13E-14	0.216888889
0.382683432	0.216944444
0.707106781	0.217
0.923879533	0.217055556
1	0.217111111
0.923879533	0.217166667
0.707106781	0.217222222
0.382683432	0.217277778
1.56E-13	0.217333333
-0.382683432	0.217388889
-0.707106781	0.217444444
-0.923879533	0.2175
-1	0.217555556
-0.923879533	0.217611111
-0.707106781	0.217666667
-0.382683432	0.217722222
-5.29E-14	0.217777778
0.382683432	0.217833333
0.707106781	0.217888889
0.923879533	0.217944444
1	0.218
0.923879533	0.218055556
0.707106781	0.218111111
0.382683432	0.218166667
-5.00E-14	0.218222222
-0.382683432	0.218277778
-0.707106781	0.218333333
-0.923879533	0.218388889
-1	0.218444444
-0.923879533	0.2185
-0.707106781	0.218555556
-0.382683432	0.218611111
-7.45E-14	0.218666667
0.382683432	0.218722222
0.707106781	0.218777778
0.923879533	0.218833333
1	0.218888889
0.923879533	0.218944444
0.707106781	0.219
0.382683432	0.219055556
-2.84E-14	0.219111111
-0.382683432	0.219166667
-0.707106781	0.219222222
-0.923879533	0.219277778
-1	0.219333333
-0.923879533	0.219388889
-0.707106781	0.219444444
-0.382683432	0.2195
-9.60E-14	0.219555556
0.382683432	0.219611111
0.707106781	0.219666667
0.923879533	0.219722222
1	0.219777778
0.923879533	0.219833333
0.707106781	0.219888889
0.382683432	0.219944444
-6.88E-15	0.22
-0.382683432	0.220055556
-0.707106781	0.220111111
-0.923879533	0.220166667
-1	0.220222222
-0.923879533	0.220277778
-0.707106781	0.220333333
-0.382683432	0.220388889
-1.18E-13	0.220444444
0.382683432	0.2205
0.707106781	0.220555556
0.923879533	0.220611111
1	0.220666667
0.923879533	0.220722222
0.707106781	0.220777778
0.382683432	0.220833333
1.47E-14	0.220888889
-0.382683432	0.220944444
-0.707106781	0.221
-0.923879533	0.221055556
-1	0.221111111
-0.923879533	0.221166667
-0.707106781	0.221222222
-0.382683432	0.221277778
-1.39E-13	0.221333333
0.382683432	0.221388889
0.707106781	0.221444444
0.923879533	0.2215
1	0.221555556
0.923879533	0.221611111
0.707106781	0.221666667
0.382683432	0.221722222
3.62E-14	0.221777778
-0.382683432	0.221833333
-0.707106781	0.221888889
-0.923879533	0.221944444
-1	0.222
