0
0.382683432
0.707106781
0.923879533
1
0.923879533
0.707106781
0.382683432
1.22E-16
-0.382683432
-0.707106781
-0.923879533
-1
-0.923879533
-0.707106781
-0.382683432
-2.45E-16
0.382683432
0.707106781
0.923879533
1
0.923879533
0.707106781
0.382683432
3.67E-16
-0.382683432
-0.707106781
-0.923879533
-1
-0.923879533
-0.707106781
-0.382683432
-4.90E-16
0.382683432
0.707106781
0.923879533
1
0.923879533
0.707106781
0.382683432
6.12E-16
-0.382683432
-0.707106781
-0.923879533
-1
-0.923879533
-0.707106781
-0.382683432
-7.35E-16
0.382683432
0.707106781
0.923879533
1
0.923879533
0.707106781
0.382683432
8.57E-16
-0.382683432
-0.707106781
-0.923879533
-1
-0.923879533
-0.707106781
-0.382683432
-9.80E-16
0.382683432
0.707106781
0.923879533
1
0.923879533
0.707106781
0.382683432
1.10E-15
-0.382683432
-0.707106781
-0.923879533
-1
-0.923879533
-0.707106781
-0.382683432
-1.22E-15
0.382683432
0.707106781
0.923879533
1
0.923879533
0.707106781
0.382683432
4.90E-15
-0.382683432
-0.707106781
-0.923879533
-1
-0.923879533
-0.707106781
-0.382683432
-1.47E-15
0.382683432
0.707106781
0.923879533
1
0.923879533
0.707106781
0.382683432
-1.96E-15
-0.382683432
-0.707106781
-0.923879533
-1
-0.923879533
-0.707106781
-0.382683432
-1.71E-15
0.382683432
0.707106781
0.923879533
1
0.923879533
0.707106781
0.382683432
5.39E-15
-0.382683432
-0.707106781
-0.923879533
-1
-0.923879533
-0.707106781
-0.382683432
-1.96E-15
0.382683432
0.707106781
0.923879533
1
0.923879533
0.707106781
0.382683432
-1.47E-15
-0.382683432
-0.707106781
-0.923879533
-1
-0.923879533
-0.707106781
-0.382683432
-2.20E-15
0.382683432
0.707106781
0.923879533
1
0.923879533
0.707106781
0.382683432
5.88E-15
-0.382683432
-0.707106781
-0.923879533
-1
-0.923879533
-0.707106781
-0.382683432
-2.45E-15
0.382683432
0.707106781
0.923879533
1
0.923879533
0.707106781
0.382683432
-9.81E-16
-0.382683432
-0.707106781
-0.923879533
-1
-0.923879533
-0.707106781
-0.382683432
-9.80E-15
0.382683432
0.707106781
0.923879533
1
0.923879533
0.707106781
0.382683432
6.37E-15
-0.382683432
-0.707106781
-0.923879533
-1
-0.923879533
-0.707106781
-0.382683432
-2.94E-15
0.382683432
0.707106781
0.923879533
1
0.923879533
0.707106781
0.382683432
-4.91E-16
-0.382683432
-0.707106781
-0.923879533
-1
-0.923879533
-0.707106781
-0.382683432
3.92E-15
0.382683432
0.707106781
0.923879533
1
0.923879533
0.707106781
0.382683432
6.86E-15
-0.382683432
-0.707106781
-0.923879533
-1
-0.923879533
-0.707106781
-0.382683432
-3.43E-15
0.382683432
0.707106781
0.923879533
1
0.923879533
0.707106781
0.382683432
-1.24E-18
-0.382683432
-0.707106781
-0.923879533
-1
-0.923879533
-0.707106781
-0.382683432
-1.08E-14
0.382683432
0.707106781
0.923879533
1
0.923879533
0.707106781
0.382683432
7.35E-15
-0.382683432
-0.707106781
-0.923879533
-1
-0.923879533
-0.707106781
-0.382683432
-3.92E-15
0.382683432
0.707106781
0.923879533
1
0.923879533
0.707106781
0.382683432
4.89E-16
-0.382683432
-0.707106781
-0.923879533
-1
-0.923879533
-0.707106781
-0.382683432
2.94E-15
0.382683432
0.707106781
0.923879533
1
0.923879533
0.707106781
0.382683432
7.84E-15
-0.382683432
-0.707106781
-0.923879533
-1
-0.923879533
-0.707106781
-0.382683432
-4.41E-15
0.382683432
0.707106781
0.923879533
1
0.923879533
0.707106781
0.382683432
9.78E-16
-0.382683432
-0.707106781
-0.923879533
-1
-0.923879533
-0.707106781
-0.382683432
-1.18E-14
0.382683432
0.707106781
0.923879533
1
0.923879533
0.707106781
0.382683432
8.33E-15
-0.382683432
-0.707106781
-0.923879533
-1
-0.923879533
-0.707106781
-0.382683432
-4.90E-15
0.382683432
0.707106781
0.923879533
1
0.923879533
0.707106781
0.382683432
1.57E-14
-0.382683432
-0.707106781
-0.923879533
-1
-0.923879533
-0.707106781
-0.382683432
1.96E-15
0.382683432
0.707106781
0.923879533
1
0.923879533
0.707106781
0.382683432
8.82E-15
-0.382683432
-0.707106781
-0.923879533
-1
-0.923879533
-0.707106781
-0.382683432
-1.96E-14
0.382683432
0.707106781
0.923879533
1
0.923879533
0.707106781
0.382683432
1.96E-15
-0.382683432
-0.707106781
-0.923879533
-1
-0.923879533
-0.707106781
-0.382683432
-1.27E-14
0.382683432
0.707106781
0.923879533
1
0.923879533
0.707106781
0.382683432
-4.90E-15
-0.382683432
-0.707106781
-0.923879533
-1
-0.923879533
-0.707106781
-0.382683432
-5.88E-15
0.382683432
0.707106781
0.923879533
1
0.923879533
0.707106781
0.382683432
1.67E-14
-0.382683432
-0.707106781
-0.923879533
-1
-0.923879533
-0.707106781
-0.382683432
9.82E-16
0.382683432
0.707106781
0.923879533
1
0.923879533
0.707106781
0.382683432
9.80E-15
-0.382683432
-0.707106781
-0.923879533
-1
-0.923879533
-0.707106781
-0.382683432
7.84E-15
0.382683432
0.707106781
0.923879533
1
0.923879533
0.707106781
0.382683432
2.94E-15
-0.382683432
-0.707106781
-0.923879533
-1
-0.923879533
-0.707106781
-0.382683432
-1.37E-14
0.382683432
0.707106781
0.923879533
1
0.923879533
0.707106781
0.382683432
-3.92E-15
-0.382683432
-0.707106781
-0.923879533
-1
-0.923879533
-0.707106781
-0.382683432
-6.86E-15
0.382683432
0.707106781
0.923879533
1
0.923879533
0.707106781
0.382683432
1.76E-14
-0.382683432
-0.707106781
-0.923879533
-1
-0.923879533
-0.707106781
-0.382683432
2.48E-18
0.382683432
0.707106781
0.923879533
1
0.923879533
0.707106781
0.382683432
1.08E-14
-0.382683432
-0.707106781
-0.923879533
-1
-0.923879533
-0.707106781
-0.382683432
-2.16E-14
0.382683432
0.707106781
0.923879533
1
0.923879533
0.707106781
0.382683432
3.92E-15
-0.382683432
-0.707106781
-0.923879533
-1
-0.923879533
-0.707106781
-0.382683432
-1.47E-14
0.382683432
0.707106781
0.923879533
1
0.923879533
0.707106781
0.382683432
-2.94E-15
-0.382683432
-0.707106781
-0.923879533
-1
-0.923879533
-0.707106781
-0.382683432
-7.84E-15
0.382683432
0.707106781
0.923879533
1
0.923879533
0.707106781
0.382683432
1.86E-14
-0.382683432
-0.707106781
-0.923879533
-1
-0.923879533
-0.707106781
-0.382683432
-9.77E-16
0.382683432
0.707106781
0.923879533
1
0.923879533
0.707106781
0.382683432
1.18E-14
-0.382683432
-0.707106781
-0.923879533
-1
-0.923879533
-0.707106781
-0.382683432
5.88E-15
0.382683432
0.707106781
0.923879533
1
0.923879533
0.707106781
0.382683432
4.90E-15
-0.382683432
-0.707106781
-0.923879533
-1
-0.923879533
-0.707106781
-0.382683432
-1.57E-14
0.382683432
0.707106781
0.923879533
1
0.923879533
0.707106781
0.382683432
-1.96E-15
-0.382683432
-0.707106781
-0.923879533
-1
-0.923879533
-0.707106781
-0.382683432
-8.82E-15
0.382683432
0.707106781
0.923879533
1
0.923879533
0.707106781
0.382683432
1.96E-14
-0.382683432
-0.707106781
-0.923879533
-1
-0.923879533
-0.707106781
-0.382683432
-1.96E-15
0.382683432
0.707106781
0.923879533
1
0.923879533
0.707106781
0.382683432
1.27E-14
-0.382683432
-0.707106781
-0.923879533
-1
-0.923879533
-0.707106781
-0.382683432
-2.35E-14
0.382683432
0.707106781
0.923879533
1
0.923879533
0.707106781
0.382683432
5.88E-15
-0.382683432
-0.707106781
-0.923879533
-1
-0.923879533
-0.707106781
-0.382683432
-1.67E-14
0.382683432
0.707106781
0.923879533
1
0.923879533
0.707106781
0.382683432
-9.83E-16
-0.382683432
-0.707106781
-0.923879533
-1
-0.923879533
-0.707106781
-0.382683432
-9.80E-15
0.382683432
0.707106781
0.923879533
1
0.923879533
0.707106781
0.382683432
2.06E-14
-0.382683432
-0.707106781
-0.923879533
-1
-0.923879533
-0.707106781
-0.382683432
-3.14E-14
0.382683432
0.707106781
0.923879533
1
0.923879533
0.707106781
0.382683432
-1.47E-14
-0.382683432
-0.707106781
-0.923879533
-1
-0.923879533
-0.707106781
-0.382683432
3.92E-15
0.382683432
0.707106781
0.923879533
1
0.923879533
0.707106781
0.382683432
6.86E-15
-0.382683432
-0.707106781
-0.923879533
-1
-0.923879533
-0.707106781
-0.382683432
-1.76E-14
0.382683432
0.707106781
0.923879533
1
0.923879533
0.707106781
0.382683432
2.84E-14
-0.382683432
-0.707106781
-0.923879533
-1
-0.923879533
-0.707106781
-0.382683432
-3.92E-14
0.382683432
0.707106781
0.923879533
1
0.923879533
0.707106781
0.382683432
-6.86E-15
-0.382683432
-0.707106781
-0.923879533
-1
-0.923879533
-0.707106781
-0.382683432
-3.92E-15
0.382683432
0.707106781
0.923879533
1
0.923879533
0.707106781
0.382683432
1.47E-14
-0.382683432
-0.707106781
-0.923879533
-1
-0.923879533
-0.707106781
-0.382683432
-2.55E-14
0.382683432
0.707106781
0.923879533
1
0.923879533
0.707106781
0.382683432
3.63E-14
-0.382683432
-0.707106781
-0.923879533
-1
-0.923879533
-0.707106781
-0.382683432
9.80E-15
0.382683432
0.707106781
0.923879533
1
0.923879533
0.707106781
0.382683432
9.76E-16
-0.382683432
-0.707106781
-0.923879533
-1
-0.923879533
-0.707106781
-0.382683432
-1.18E-14
0.382683432
0.707106781
0.923879533
1
0.923879533
0.707106781
0.382683432
2.25E-14
-0.382683432
-0.707106781
-0.923879533
-1
-0.923879533
-0.707106781
-0.382683432
-3.33E-14
0.382683432
0.707106781
0.923879533
1
0.923879533
0.707106781
0.382683432
-1.27E-14
-0.382683432
-0.707106781
-0.923879533
-1
-0.923879533
-0.707106781
-0.382683432
1.96E-15
0.382683432
0.707106781
0.923879533
1
0.923879533
0.707106781
0.382683432
8.82E-15
-0.382683432
-0.707106781
-0.923879533
-1
-0.923879533
-0.707106781
-0.382683432
-1.96E-14
0.382683432
0.707106781
0.923879533
1
0.923879533
0.707106781
0.382683432
3.04E-14
-0.382683432
-0.707106781
-0.923879533
-1
-0.923879533
-0.707106781
-0.382683432
1.57E-14
0.382683432
0.707106781
0.923879533
1
0.923879533
0.707106781
0.382683432
-4.90E-15
-0.382683432
-0.707106781
-0.923879533
-1
-0.923879533
-0.707106781
-0.382683432
-5.88E-15
0.382683432
0.707106781
0.923879533
1
0.923879533
0.707106781
0.382683432
1.67E-14
-0.382683432
-0.707106781
-0.923879533
-1
-0.923879533
-0.707106781
-0.382683432
-2.74E-14
0.382683432
0.707106781
0.923879533
1
0.923879533
0.707106781
0.382683432
3.82E-14
-0.382683432
-0.707106781
-0.923879533
-1
-0.923879533
-0.707106781
-0.382683432
7.85E-15
0.382683432
0.707106781
0.923879533
1
0.923879533
0.707106781
0.382683432
2.94E-15
-0.382683432
-0.707106781
-0.923879533
-1
-0.923879533
-0.707106781
-0.382683432
-1.37E-14
0.382683432
0.707106781
0.923879533
1
0.923879533
0.707106781
0.382683432
2.45E-14
-0.382683432
-0.707106781
-0.923879533
-1
-0.923879533
-0.707106781
-0.382683432
-3.53E-14
0.382683432
0.707106781
0.923879533
1
0.923879533
0.707106781
0.382683432
-1.08E-14
-0.382683432
-0.707106781
-0.923879533
-1
-0.923879533
-0.707106781
-0.382683432
4.95E-18
0.382683432
0.707106781
0.923879533
1
0.923879533
0.707106781
0.382683432
1.08E-14
-0.382683432
-0.707106781
-0.923879533
-1
-0.923879533
-0.707106781
-0.382683432
-2.16E-14
0.382683432
0.707106781
0.923879533
1
0.923879533
0.707106781
0.382683432
3.23E-14
-0.382683432
-0.707106781
-0.923879533
-1
-0.923879533
-0.707106781
-0.382683432
-4.31E-14
0.382683432
0.707106781
0.923879533
1
0.923879533
0.707106781
0.382683432
-2.95E-15
-0.382683432
-0.707106781
-0.923879533
-1
-0.923879533
-0.707106781
-0.382683432
-7.84E-15
0.382683432
0.707106781
0.923879533
1
0.923879533
0.707106781
0.382683432
1.86E-14
-0.382683432
-0.707106781
-0.923879533
-1
-0.923879533
-0.707106781
-0.382683432
-2.94E-14
0.382683432
0.707106781
0.923879533
1
0.923879533
0.707106781
0.382683432
4.02E-14
-0.382683432
-0.707106781
-0.923879533
-1
-0.923879533
-0.707106781
-0.382683432
5.89E-15
0.382683432
0.707106781
0.923879533
1
0.923879533
0.707106781
0.382683432
4.89E-15
-0.382683432
-0.707106781
-0.923879533
-1
-0.923879533
-0.707106781
-0.382683432
-1.57E-14
0.382683432
0.707106781
0.923879533
1
0.923879533
0.707106781
0.382683432
2.65E-14
-0.382683432
-0.707106781
-0.923879533
-1
-0.923879533
-0.707106781
-0.382683432
-3.72E-14
0.382683432
0.707106781
0.923879533
1
0.923879533
0.707106781
0.382683432
-8.83E-15
-0.382683432
-0.707106781
-0.923879533
-1
-0.923879533
-0.707106781
-0.382683432
-1.95E-15
0.382683432
0.707106781
0.923879533
1
0.923879533
0.707106781
0.382683432
1.27E-14
-0.382683432
-0.707106781
-0.923879533
-1
-0.923879533
-0.707106781
-0.382683432
-2.35E-14
0.382683432
0.707106781
0.923879533
1
0.923879533
0.707106781
0.382683432
3.43E-14
-0.382683432
-0.707106781
-0.923879533
-1
-0.923879533
-0.707106781
-0.382683432
1.18E-14
0.382683432
0.707106781
0.923879533
1
0.923879533
0.707106781
0.382683432
-9.86E-16
-0.382683432
-0.707106781
-0.923879533
-1
-0.923879533
-0.707106781
-0.382683432
-9.79E-15
0.382683432
0.707106781
0.923879533
1
0.923879533
0.707106781
0.382683432
2.06E-14
-0.382683432
-0.707106781
-0.923879533
-1
-0.923879533
-0.707106781
-0.382683432
-3.14E-14
0.382683432
0.707106781
0.923879533
1
0.923879533
0.707106781
0.382683432
4.21E-14
-0.382683432
-0.707106781
-0.923879533
-1
-0.923879533
-0.707106781
-0.382683432
3.93E-15
0.382683432
0.707106781
0.923879533
1
0.923879533
0.707106781
0.382683432
6.85E-15
-0.382683432
-0.707106781
-0.923879533
-1
-0.923879533
-0.707106781
-0.382683432
-1.76E-14
0.382683432
0.707106781
0.923879533
1
0.923879533
0.707106781
0.382683432
2.84E-14
-0.382683432
-0.707106781
-0.923879533
-1
-0.923879533
-0.707106781
-0.382683432
-3.92E-14
0.382683432
0.707106781
0.923879533
1
0.923879533
0.707106781
0.382683432
-6.87E-15
-0.382683432
-0.707106781
-0.923879533
-1
-0.923879533
-0.707106781
-0.382683432
-3.91E-15
0.382683432
0.707106781
0.923879533
1
0.923879533
0.707106781
0.382683432
1.47E-14
-0.382683432
-0.707106781
-0.923879533
-1
-0.923879533
-0.707106781
-0.382683432
-2.55E-14
0.382683432
0.707106781
0.923879533
1
0.923879533
0.707106781
0.382683432
3.63E-14
-0.382683432
-0.707106781
-0.923879533
-1
-0.923879533
-0.707106781
-0.382683432
-4.70E-14
0.382683432
0.707106781
0.923879533
1
0.923879533
0.707106781
0.382683432
9.74E-16
-0.382683432
-0.707106781
-0.923879533
-1
-0.923879533
-0.707106781
-0.382683432
-1.18E-14
0.382683432
0.707106781
0.923879533
1
0.923879533
0.707106781
0.382683432
2.25E-14
-0.382683432
-0.707106781
-0.923879533
-1
-0.923879533
-0.707106781
-0.382683432
-3.33E-14
0.382683432
0.707106781
0.923879533
1
0.923879533
0.707106781
0.382683432
4.41E-14
-0.382683432
-0.707106781
-0.923879533
-1
-0.923879533
-0.707106781
-0.382683432
1.97E-15
0.382683432
0.707106781
0.923879533
1
0.923879533
0.707106781
0.382683432
8.81E-15
-0.382683432
-0.707106781
-0.923879533
-1
-0.923879533
-0.707106781
-0.382683432
-1.96E-14
0.382683432
0.707106781
0.923879533
1
0.923879533
0.707106781
0.382683432
3.04E-14
-0.382683432
-0.707106781
-0.923879533
-1
-0.923879533
-0.707106781
-0.382683432
-4.12E-14
0.382683432
0.707106781
0.923879533
1
0.923879533
0.707106781
0.382683432
5.19E-14
-0.382683432
-0.707106781
-0.923879533
-1
-0.923879533
-0.707106781
-0.382683432
-6.27E-14
0.382683432
0.707106781
0.923879533
1
0.923879533
0.707106781
0.382683432
7.35E-14
-0.382683432
-0.707106781
-0.923879533
-1
-0.923879533
-0.707106781
-0.382683432
2.94E-14
0.382683432
0.707106781
0.923879533
1
0.923879533
0.707106781
0.382683432
-1.86E-14
-0.382683432
-0.707106781
-0.923879533
-1
-0.923879533
-0.707106781
-0.382683432
7.85E-15
0.382683432
0.707106781
0.923879533
1
0.923879533
0.707106781
0.382683432
2.93E-15
-0.382683432
-0.707106781
-0.923879533
-1
-0.923879533
-0.707106781
-0.382683432
-1.37E-14
0.382683432
0.707106781
0.923879533
1
0.923879533
0.707106781
0.382683432
2.45E-14
-0.382683432
-0.707106781
-0.923879533
-1
-0.923879533
-0.707106781
-0.382683432
-3.53E-14
0.382683432
0.707106781
0.923879533
1
0.923879533
0.707106781
0.382683432
4.61E-14
-0.382683432
-0.707106781
-0.923879533
-1
-0.923879533
-0.707106781
-0.382683432
-5.68E-14
0.382683432
0.707106781
0.923879533
1
0.923879533
0.707106781
0.382683432
6.76E-14
-0.382683432
-0.707106781
-0.923879533
-1
-0.923879533
-0.707106781
-0.382683432
-7.84E-14
0.382683432
0.707106781
0.923879533
1
0.923879533
0.707106781
0.382683432
-2.45E-14
-0.382683432
-0.707106781
-0.923879533
-1
-0.923879533
-0.707106781
-0.382683432
1.37E-14
0.382683432
0.707106781
0.923879533
1
0.923879533
0.707106781
0.382683432
-2.95E-15
-0.382683432
-0.707106781
-0.923879533
-1
-0.923879533
-0.707106781
-0.382683432
-7.83E-15
0.382683432
0.707106781
0.923879533
1
0.923879533
0.707106781
0.382683432
1.86E-14
-0.382683432
-0.707106781
-0.923879533
-1
-0.923879533
-0.707106781
-0.382683432
-2.94E-14
0.382683432
0.707106781
0.923879533
1
0.923879533
0.707106781
0.382683432
4.02E-14
-0.382683432
-0.707106781
-0.923879533
-1
-0.923879533
-0.707106781
-0.382683432
-5.10E-14
0.382683432
0.707106781
0.923879533
1
0.923879533
0.707106781
0.382683432
6.17E-14
-0.382683432
-0.707106781
-0.923879533
-1
-0.923879533
-0.707106781
-0.382683432
-7.25E-14
0.382683432
0.707106781
0.923879533
1
0.923879533
0.707106781
0.382683432
-3.04E-14
-0.382683432
-0.707106781
-0.923879533
-1
-0.923879533
-0.707106781
-0.382683432
1.96E-14
0.382683432
0.707106781
0.923879533
1
0.923879533
0.707106781
0.382683432
-8.83E-15
-0.382683432
-0.707106781
-0.923879533
-1
-0.923879533
-0.707106781
-0.382683432
-1.95E-15
0.382683432
0.707106781
0.923879533
1
0.923879533
0.707106781
0.382683432
1.27E-14
-0.382683432
-0.707106781
-0.923879533
-1
-0.923879533
-0.707106781
-0.382683432
-2.35E-14
0.382683432
0.707106781
0.923879533
1
0.923879533
0.707106781
0.382683432
3.43E-14
-0.382683432
-0.707106781
-0.923879533
-1
-0.923879533
-0.707106781
-0.382683432
-4.51E-14
0.382683432
0.707106781
0.923879533
1
0.923879533
0.707106781
0.382683432
5.59E-14
-0.382683432
-0.707106781
-0.923879533
-1
-0.923879533
-0.707106781
-0.382683432
-6.66E-14
0.382683432
0.707106781
0.923879533
1
0.923879533
0.707106781
0.382683432
7.74E-14
-0.382683432
-0.707106781
-0.923879533
-1
-0.923879533
-0.707106781
-0.382683432
2.55E-14
0.382683432
0.707106781
0.923879533
1
0.923879533
0.707106781
0.382683432
-1.47E-14
-0.382683432
-0.707106781
-0.923879533
-1
-0.923879533
-0.707106781
-0.382683432
3.93E-15
0.382683432
0.707106781
0.923879533
1
0.923879533
0.707106781
0.382683432
6.85E-15
-0.382683432
-0.707106781
-0.923879533
-1
-0.923879533
-0.707106781
-0.382683432
-1.76E-14
0.382683432
0.707106781
0.923879533
1
0.923879533
0.707106781
0.382683432
2.84E-14
-0.382683432
-0.707106781
-0.923879533
-1
-0.923879533
-0.707106781
-0.382683432
-3.92E-14
0.382683432
0.707106781
0.923879533
1
0.923879533
0.707106781
0.382683432
5.00E-14
-0.382683432
-0.707106781
-0.923879533
-1
-0.923879533
-0.707106781
-0.382683432
-6.08E-14
0.382683432
0.707106781
0.923879533
1
0.923879533
0.707106781
0.382683432
7.15E-14
-0.382683432
-0.707106781
-0.923879533
-1
-0.923879533
-0.707106781
-0.382683432
3.14E-14
0.382683432
0.707106781
0.923879533
1
0.923879533
0.707106781
0.382683432
-2.06E-14
-0.382683432
-0.707106781
-0.923879533
-1
-0.923879533
-0.707106781
-0.382683432
9.81E-15
0.382683432
0.707106781
0.923879533
1
0.923879533
0.707106781
0.382683432
9.71E-16
-0.382683432
-0.707106781
-0.923879533
-1
-0.923879533
-0.707106781
-0.382683432
-1.18E-14
0.382683432
0.707106781
0.923879533
1
0.923879533
0.707106781
0.382683432
2.25E-14
-0.382683432
-0.707106781
-0.923879533
-1
-0.923879533
-0.707106781
-0.382683432
-3.33E-14
0.382683432
0.707106781
0.923879533
1
0.923879533
0.707106781
0.382683432
4.41E-14
-0.382683432
-0.707106781
-0.923879533
-1
-0.923879533
-0.707106781
-0.382683432
-5.49E-14
0.382683432
0.707106781
0.923879533
1
0.923879533
0.707106781
0.382683432
6.57E-14
-0.382683432
-0.707106781
-0.923879533
-1
-0.923879533
-0.707106781
-0.382683432
-7.64E-14
0.382683432
0.707106781
0.923879533
1
0.923879533
0.707106781
0.382683432
-2.65E-14
-0.382683432
-0.707106781
-0.923879533
-1
-0.923879533
-0.707106781
-0.382683432
1.57E-14
0.382683432
0.707106781
0.923879533
1
0.923879533
0.707106781
0.382683432
-4.91E-15
-0.382683432
-0.707106781
-0.923879533
-1
-0.923879533
-0.707106781
-0.382683432
-5.87E-15
0.382683432
0.707106781
0.923879533
1
0.923879533
0.707106781
0.382683432
1.67E-14
-0.382683432
-0.707106781
-0.923879533
-1
-0.923879533
-0.707106781
-0.382683432
-2.74E-14
0.382683432
0.707106781
0.923879533
1
0.923879533
0.707106781
0.382683432
3.82E-14
-0.382683432
-0.707106781
-0.923879533
-1
-0.923879533
-0.707106781
-0.382683432
-4.90E-14
0.382683432
0.707106781
0.923879533
1
0.923879533
0.707106781
0.382683432
5.98E-14
-0.382683432
-0.707106781
-0.923879533
-1
-0.923879533
-0.707106781
-0.382683432
-7.06E-14
0.382683432
0.707106781
0.923879533
1
0.923879533
0.707106781
0.382683432
8.13E-14
-0.382683432
-0.707106781
-0.923879533
-1
-0.923879533
-0.707106781
-0.382683432
2.16E-14
0.382683432
0.707106781
0.923879533
1
0.923879533
0.707106781
0.382683432
-1.08E-14
-0.382683432
-0.707106781
-0.923879533
-1
-0.923879533
-0.707106781
-0.382683432
9.90E-18
0.382683432
0.707106781
0.923879533
1
0.923879533
0.707106781
0.382683432
1.08E-14
-0.382683432
-0.707106781
-0.923879533
-1
-0.923879533
-0.707106781
-0.382683432
-2.16E-14
0.382683432
0.707106781
0.923879533
1
0.923879533
0.707106781
0.382683432
3.23E-14
-0.382683432
-0.707106781
-0.923879533
-1
-0.923879533
-0.707106781
-0.382683432
-4.31E-14
0.382683432
0.707106781
0.923879533
1
0.923879533
0.707106781
0.382683432
5.39E-14
-0.382683432
-0.707106781
-0.923879533
-1
-0.923879533
-0.707106781
-0.382683432
-6.47E-14
0.382683432
0.707106781
0.923879533
1
0.923879533
0.707106781
0.382683432
7.55E-14
-0.382683432
-0.707106781
-0.923879533
-1
-0.923879533
-0.707106781
-0.382683432
-8.62E-14
0.382683432
0.707106781
0.923879533
1
0.923879533
0.707106781
0.382683432
-1.67E-14
-0.382683432
-0.707106781
-0.923879533
-1
-0.923879533
-0.707106781
-0.382683432
5.89E-15
0.382683432
0.707106781
0.923879533
1
0.923879533
0.707106781
0.382683432
4.89E-15
-0.382683432
-0.707106781
-0.923879533
-1
-0.923879533
-0.707106781
-0.382683432
-1.57E-14
0.382683432
0.707106781
0.923879533
1
0.923879533
0.707106781
0.382683432
2.65E-14
-0.382683432
-0.707106781
-0.923879533
-1
-0.923879533
-0.707106781
-0.382683432
-3.72E-14
0.382683432
0.707106781
0.923879533
1
0.923879533
0.707106781
0.382683432
4.80E-14
-0.382683432
-0.707106781
-0.923879533
-1
-0.923879533
-0.707106781
-0.382683432
-5.88E-14
0.382683432
0.707106781
0.923879533
1
0.923879533
0.707106781
0.382683432
6.96E-14
-0.382683432
-0.707106781
-0.923879533
-1
-0.923879533
-0.707106781
-0.382683432
-8.04E-14
0.382683432
0.707106781
0.923879533
1
0.923879533
0.707106781
0.382683432
-2.26E-14
-0.382683432
-0.707106781
-0.923879533
-1
-0.923879533
-0.707106781
-0.382683432
1.18E-14
0.382683432
0.707106781
0.923879533
1
0.923879533
0.707106781
0.382683432
-9.91E-16
-0.382683432
-0.707106781
-0.923879533
-1
-0.923879533
-0.707106781
-0.382683432
-9.79E-15
0.382683432
0.707106781
0.923879533
1
0.923879533
0.707106781
0.382683432
2.06E-14
-0.382683432
-0.707106781
-0.923879533
-1
-0.923879533
-0.707106781
-0.382683432
-3.14E-14
0.382683432
0.707106781
0.923879533
1
0.923879533
0.707106781
0.382683432
4.21E-14
-0.382683432
-0.707106781
-0.923879533
-1
-0.923879533
-0.707106781
-0.382683432
-5.29E-14
0.382683432
0.707106781
0.923879533
1
0.923879533
0.707106781
0.382683432
6.37E-14
-0.382683432
-0.707106781
-0.923879533
-1
-0.923879533
-0.707106781
-0.382683432
-7.45E-14
0.382683432
0.707106781
0.923879533
1
0.923879533
0.707106781
0.382683432
8.53E-14
-0.382683432
-0.707106781
-0.923879533
-1
-0.923879533
-0.707106781
-0.382683432
1.77E-14
0.382683432
0.707106781
0.923879533
1
0.923879533
0.707106781
0.382683432
-6.87E-15
-0.382683432
-0.707106781
-0.923879533
-1
-0.923879533
-0.707106781
-0.382683432
-3.91E-15
0.382683432
0.707106781
0.923879533
1
0.923879533
0.707106781
0.382683432
1.47E-14
-0.382683432
-0.707106781
-0.923879533
-1
-0.923879533
-0.707106781
-0.382683432
-2.55E-14
0.382683432
0.707106781
0.923879533
1
0.923879533
0.707106781
0.382683432
3.63E-14
-0.382683432
-0.707106781
-0.923879533
-1
-0.923879533
-0.707106781
-0.382683432
-4.70E-14
0.382683432
0.707106781
0.923879533
1
0.923879533
0.707106781
0.382683432
5.78E-14
-0.382683432
-0.707106781
-0.923879533
-1
-0.923879533
-0.707106781
-0.382683432
-6.86E-14
0.382683432
0.707106781
0.923879533
1
0.923879533
0.707106781
0.382683432
7.94E-14
-0.382683432
-0.707106781
-0.923879533
-1
-0.923879533
-0.707106781
-0.382683432
2.35E-14
0.382683432
0.707106781
0.923879533
1
0.923879533
0.707106781
0.382683432
-1.28E-14
-0.382683432
-0.707106781
-0.923879533
-1
-0.923879533
-0.707106781
-0.382683432
1.97E-15
0.382683432
0.707106781
0.923879533
1
0.923879533
0.707106781
0.382683432
8.81E-15
-0.382683432
-0.707106781
-0.923879533
-1
-0.923879533
-0.707106781
-0.382683432
-1.96E-14
0.382683432
0.707106781
0.923879533
1
0.923879533
0.707106781
0.382683432
3.04E-14
-0.382683432
-0.707106781
-0.923879533
-1
-0.923879533
-0.707106781
-0.382683432
-4.12E-14
0.382683432
0.707106781
0.923879533
1
0.923879533
0.707106781
0.382683432
5.19E-14
-0.382683432
-0.707106781
-0.923879533
-1
-0.923879533
-0.707106781
-0.382683432
-6.27E-14
0.382683432
0.707106781
0.923879533
1
0.923879533
0.707106781
0.382683432
7.35E-14
-0.382683432
-0.707106781
-0.923879533
-1
-0.923879533
-0.707106781
-0.382683432
-8.43E-14
0.382683432
0.707106781
0.923879533
1
0.923879533
0.707106781
0.382683432
-1.86E-14
-0.382683432
-0.707106781
-0.923879533
-1
-0.923879533
-0.707106781
-0.382683432
7.85E-15
0.382683432
0.707106781
0.923879533
1
0.923879533
0.707106781
0.382683432
2.93E-15
-0.382683432
-0.707106781
-0.923879533
-1
-0.923879533
-0.707106781
-0.382683432
-1.37E-14
0.382683432
0.707106781
0.923879533
1
0.923879533
0.707106781
0.382683432
2.45E-14
-0.382683432
-0.707106781
-0.923879533
-1
-0.923879533
-0.707106781
-0.382683432
-3.53E-14
0.382683432
0.707106781
0.923879533
1
0.923879533
0.707106781
0.382683432
4.61E-14
-0.382683432
-0.707106781
-0.923879533
-1
-0.923879533
-0.707106781
-0.382683432
-5.68E-14
0.382683432
0.707106781
0.923879533
1
0.923879533
0.707106781
0.382683432
6.76E-14
-0.382683432
-0.707106781
-0.923879533
-1
-0.923879533
-0.707106781
-0.382683432
-7.84E-14
0.382683432
0.707106781
0.923879533
1
0.923879533
0.707106781
0.382683432
8.92E-14
-0.382683432
-0.707106781
-0.923879533
-1
-0.923879533
-0.707106781
-0.382683432
1.37E-14
0.382683432
0.707106781
0.923879533
1
0.923879533
0.707106781
0.382683432
-2.95E-15
-0.382683432
-0.707106781
-0.923879533
-1
-0.923879533
-0.707106781
-0.382683432
-7.83E-15
0.382683432
0.707106781
0.923879533
1
0.923879533
0.707106781
0.382683432
1.86E-14
-0.382683432
-0.707106781
-0.923879533
-1
-0.923879533
-0.707106781
-0.382683432
-2.94E-14
0.382683432
0.707106781
0.923879533
1
0.923879533
0.707106781
0.382683432
4.02E-14
-0.382683432
-0.707106781
-0.923879533
-1
-0.923879533
-0.707106781
-0.382683432
-5.10E-14
0.382683432
0.707106781
0.923879533
1
0.923879533
0.707106781
0.382683432
6.17E-14
-0.382683432
-0.707106781
-0.923879533
-1
-0.923879533
-0.707106781
-0.382683432
-7.25E-14
0.382683432
0.707106781
0.923879533
1
0.923879533
0.707106781
0.382683432
8.33E-14
-0.382683432
-0.707106781
-0.923879533
-1
-0.923879533
-0.707106781
-0.382683432
-9.41E-14
0.382683432
0.707106781
0.923879533
1
0.923879533
0.707106781
0.382683432
-8.83E-15
-0.382683432
-0.707106781
-0.923879533
-1
-0.923879533
-0.707106781
-0.382683432
-1.95E-15
0.382683432
0.707106781
0.923879533
1
0.923879533
0.707106781
0.382683432
1.27E-14
-0.382683432
-0.707106781
-0.923879533
-1
-0.923879533
-0.707106781
-0.382683432
-2.35E-14
0.382683432
0.707106781
0.923879533
1
0.923879533
0.707106781
0.382683432
3.43E-14
-0.382683432
-0.707106781
-0.923879533
-1
-0.923879533
-0.707106781
-0.382683432
-4.51E-14
0.382683432
0.707106781
0.923879533
1
0.923879533
0.707106781
0.382683432
5.59E-14
-0.382683432
-0.707106781
-0.923879533
-1
-0.923879533
-0.707106781
-0.382683432
-6.66E-14
0.382683432
0.707106781
0.923879533
1
0.923879533
0.707106781
0.382683432
7.74E-14
-0.382683432
-0.707106781
-0.923879533
-1
-0.923879533
-0.707106781
-0.382683432
-8.82E-14
0.382683432
0.707106781
0.923879533
1
0.923879533
0.707106781
0.382683432
-1.47E-14
-0.382683432
-0.707106781
-0.923879533
-1
-0.923879533
-0.707106781
-0.382683432
3.93E-15
0.382683432
0.707106781
0.923879533
1
0.923879533
0.707106781
0.382683432
6.85E-15
-0.382683432
-0.707106781
-0.923879533
-1
-0.923879533
-0.707106781
-0.382683432
-1.76E-14
0.382683432
0.707106781
0.923879533
1
0.923879533
0.707106781
0.382683432
2.84E-14
-0.382683432
-0.707106781
-0.923879533
-1
-0.923879533
-0.707106781
-0.382683432
-3.92E-14
0.382683432
0.707106781
0.923879533
1
0.923879533
0.707106781
0.382683432
5.00E-14
-0.382683432
-0.707106781
-0.923879533
-1
-0.923879533
-0.707106781
-0.382683432
-6.07E-14
0.382683432
0.707106781
0.923879533
1
0.923879533
0.707106781
0.382683432
7.15E-14
-0.382683432
-0.707106781
-0.923879533
-1
-0.923879533
-0.707106781
-0.382683432
-8.23E-14
0.382683432
0.707106781
0.923879533
1
0.923879533
0.707106781
0.382683432
9.31E-14
-0.382683432
-0.707106781
-0.923879533
-1
-0.923879533
-0.707106781
-0.382683432
-1.04E-13
0.382683432
0.707106781
0.923879533
1
0.923879533
0.707106781
0.382683432
9.66E-16
-0.382683432
-0.707106781
-0.923879533
-1
-0.923879533
-0.707106781
-0.382683432
-1.25E-13
0.382683432
0.707106781
0.923879533
1
0.923879533
0.707106781
0.382683432
2.25E-14
-0.382683432
-0.707106781
-0.923879533
-1
-0.923879533
-0.707106781
-0.382683432
-1.47E-13
0.382683432
0.707106781
0.923879533
1
0.923879533
0.707106781
0.382683432
4.41E-14
-0.382683432
-0.707106781
-0.923879533
-1
-0.923879533
-0.707106781
-0.382683432
5.88E-14
0.382683432
0.707106781
0.923879533
1
0.923879533
0.707106781
0.382683432
6.56E-14
-0.382683432
-0.707106781
-0.923879533
-1
-0.923879533
-0.707106781
-0.382683432
3.73E-14
0.382683432
0.707106781
0.923879533
1
0.923879533
0.707106781
0.382683432
8.72E-14
-0.382683432
-0.707106781
-0.923879533
-1
-0.923879533
-0.707106781
-0.382683432
1.57E-14
0.382683432
0.707106781
0.923879533
1
0.923879533
0.707106781
0.382683432
1.09E-13
-0.382683432
-0.707106781
-0.923879533
-1
-0.923879533
-0.707106781
-0.382683432
-5.87E-15
0.382683432
0.707106781
0.923879533
1
0.923879533
0.707106781
0.382683432
1.30E-13
-0.382683432
-0.707106781
-0.923879533
-1
-0.923879533
-0.707106781
-0.382683432
-2.74E-14
0.382683432
0.707106781
0.923879533
1
0.923879533
0.707106781
0.382683432
1.52E-13
-0.382683432
-0.707106781
-0.923879533
-1
-0.923879533
-0.707106781
-0.382683432
-4.90E-14
0.382683432
0.707106781
0.923879533
1
0.923879533
0.707106781
0.382683432
-5.39E-14
-0.382683432
-0.707106781
-0.923879533
-1
-0.923879533
-0.707106781
-0.382683432
-7.05E-14
0.382683432
0.707106781
0.923879533
1
0.923879533
0.707106781
0.382683432
-3.24E-14
-0.382683432
-0.707106781
-0.923879533
-1
-0.923879533
-0.707106781
-0.382683432
-9.21E-14
0.382683432
0.707106781
0.923879533
1
0.923879533
0.707106781
0.382683432
-1.08E-14
-0.382683432
-0.707106781
-0.923879533
-1
-0.923879533
-0.707106781
-0.382683432
-1.14E-13
0.382683432
0.707106781
0.923879533
1
0.923879533
0.707106781
0.382683432
1.08E-14
-0.382683432
-0.707106781
-0.923879533
-1
-0.923879533
-0.707106781
-0.382683432
-1.35E-13
0.382683432
0.707106781
0.923879533
1
0.923879533
0.707106781
0.382683432
3.23E-14
-0.382683432
-0.707106781
-0.923879533
-1
-0.923879533
-0.707106781
-0.382683432
-1.57E-13
0.382683432
0.707106781
0.923879533
1
0.923879533
0.707106781
0.382683432
5.39E-14
-0.382683432
-0.707106781
-0.923879533
-1
-0.923879533
-0.707106781
-0.382683432
4.90E-14
0.382683432
0.707106781
0.923879533
1
0.923879533
0.707106781
0.382683432
7.54E-14
-0.382683432
-0.707106781
-0.923879533
-1
-0.923879533
-0.707106781
-0.382683432
2.75E-14
0.382683432
0.707106781
0.923879533
1
0.923879533
0.707106781
0.382683432
9.70E-14
-0.382683432
-0.707106781
-0.923879533
-1
-0.923879533
-0.707106781
-0.382683432
5.90E-15
0.382683432
0.707106781
0.923879533
1
0.923879533
0.707106781
0.382683432
1.19E-13
-0.382683432
-0.707106781
-0.923879533
-1
-0.923879533
-0.707106781
-0.382683432
-1.57E-14
0.382683432
0.707106781
0.923879533
1
0.923879533
0.707106781
0.382683432
1.40E-13
-0.382683432
-0.707106781
-0.923879533
-1
-0.923879533
-0.707106781
-0.382683432
-3.72E-14
0.382683432
0.707106781
0.923879533
1
0.923879533
0.707106781
0.382683432
-6.57E-14
-0.382683432
-0.707106781
-0.923879533
-1
-0.923879533
-0.707106781
-0.382683432
-5.88E-14
0.382683432
0.707106781
0.923879533
1
0.923879533
0.707106781
0.382683432
-4.41E-14
-0.382683432
-0.707106781
-0.923879533
-1
-0.923879533
-0.707106781
-0.382683432
-8.03E-14
0.382683432
0.707106781
0.923879533
1
0.923879533
0.707106781
0.382683432
-2.26E-14
-0.382683432
-0.707106781
-0.923879533
-1
-0.923879533
-0.707106781
-0.382683432
-1.02E-13
0.382683432
0.707106781
0.923879533
1
0.923879533
0.707106781
0.382683432
-9.96E-16
-0.382683432
-0.707106781
-0.923879533
-1
-0.923879533
-0.707106781
-0.382683432
-1.23E-13
0.382683432
0.707106781
0.923879533
1
0.923879533
0.707106781
0.382683432
2.06E-14
-0.382683432
-0.707106781
-0.923879533
-1
-0.923879533
-0.707106781
-0.382683432
-1.45E-13
0.382683432
0.707106781
0.923879533
1
0.923879533
0.707106781
0.382683432
4.21E-14
-0.382683432
-0.707106781
-0.923879533
-1
-0.923879533
-0.707106781
-0.382683432
6.08E-14
0.382683432
0.707106781
0.923879533
1
0.923879533
0.707106781
0.382683432
6.37E-14
-0.382683432
-0.707106781
-0.923879533
-1
-0.923879533
-0.707106781
-0.382683432
3.92E-14
0.382683432
0.707106781
0.923879533
1
0.923879533
0.707106781
0.382683432
8.52E-14
-0.382683432
-0.707106781
-0.923879533
-1
-0.923879533
-0.707106781
-0.382683432
1.77E-14
0.382683432
0.707106781
0.923879533
1
0.923879533
0.707106781
0.382683432
1.07E-13
-0.382683432
-0.707106781
-0.923879533
-1
-0.923879533
-0.707106781
-0.382683432
-3.90E-15
0.382683432
0.707106781
0.923879533
1
0.923879533
0.707106781
0.382683432
1.28E-13
-0.382683432
-0.707106781
-0.923879533
-1
-0.923879533
-0.707106781
-0.382683432
-2.55E-14
0.382683432
0.707106781
0.923879533
1
0.923879533
0.707106781
0.382683432
1.50E-13
-0.382683432
-0.707106781
-0.923879533
-1
-0.923879533
-0.707106781
-0.382683432
-4.70E-14
0.382683432
0.707106781
0.923879533
1
0.923879533
0.707106781
0.382683432
-5.59E-14
-0.382683432
-0.707106781
-0.923879533
-1
-0.923879533
-0.707106781
-0.382683432
-6.86E-14
0.382683432
0.707106781
0.923879533
1
0.923879533
0.707106781
0.382683432
-3.43E-14
-0.382683432
-0.707106781
-0.923879533
-1
-0.923879533
-0.707106781
-0.382683432
-9.01E-14
0.382683432
0.707106781
0.923879533
1
0.923879533
0.707106781
0.382683432
-1.28E-14
-0.382683432
-0.707106781
-0.923879533
-1
-0.923879533
-0.707106781
-0.382683432
-1.12E-13
0.382683432
0.707106781
0.923879533
1
0.923879533
0.707106781
0.382683432
8.80E-15
-0.382683432
-0.707106781
-0.923879533
-1
-0.923879533
-0.707106781
-0.382683432
-1.33E-13
0.382683432
0.707106781
0.923879533
1
0.923879533
0.707106781
0.382683432
3.04E-14
-0.382683432
-0.707106781
-0.923879533
-1
-0.923879533
-0.707106781
-0.382683432
-1.55E-13
0.382683432
0.707106781
0.923879533
1
0.923879533
0.707106781
0.382683432
5.19E-14
-0.382683432
-0.707106781
-0.923879533
-1
-0.923879533
-0.707106781
-0.382683432
5.10E-14
0.382683432
0.707106781
0.923879533
1
0.923879533
0.707106781
0.382683432
7.35E-14
-0.382683432
-0.707106781
-0.923879533
-1
-0.923879533
-0.707106781
-0.382683432
2.94E-14
0.382683432
0.707106781
0.923879533
1
0.923879533
0.707106781
0.382683432
9.50E-14
-0.382683432
-0.707106781
-0.923879533
-1
-0.923879533
-0.707106781
-0.382683432
7.86E-15
0.382683432
0.707106781
0.923879533
1
0.923879533
0.707106781
0.382683432
1.17E-13
-0.382683432
-0.707106781
-0.923879533
-1
-0.923879533
-0.707106781
-0.382683432
-1.37E-14
0.382683432
0.707106781
0.923879533
1
0.923879533
0.707106781
0.382683432
1.38E-13
-0.382683432
-0.707106781
-0.923879533
-1
-0.923879533
-0.707106781
-0.382683432
-3.53E-14
0.382683432
0.707106781
0.923879533
1
0.923879533
0.707106781
0.382683432
1.60E-13
-0.382683432
-0.707106781
-0.923879533
-1
-0.923879533
-0.707106781
-0.382683432
-5.68E-14
0.382683432
0.707106781
0.923879533
1
0.923879533
0.707106781
0.382683432
-4.61E-14
-0.382683432
-0.707106781
-0.923879533
-1
-0.923879533
-0.707106781
-0.382683432
-7.84E-14
0.382683432
0.707106781
0.923879533
1
0.923879533
0.707106781
0.382683432
-2.45E-14
-0.382683432
-0.707106781
-0.923879533
-1
-0.923879533
-0.707106781
-0.382683432
-9.99E-14
0.382683432
0.707106781
0.923879533
1
0.923879533
0.707106781
0.382683432
-2.96E-15
-0.382683432
-0.707106781
-0.923879533
-1
-0.923879533
-0.707106781
-0.382683432
-1.22E-13
0.382683432
0.707106781
0.923879533
1
0.923879533
0.707106781
0.382683432
1.86E-14
-0.382683432
-0.707106781
-0.923879533
-1
-0.923879533
-0.707106781
-0.382683432
-1.43E-13
0.382683432
0.707106781
0.923879533
1
0.923879533
0.707106781
0.382683432
4.02E-14
-0.382683432
-0.707106781
-0.923879533
-1
-0.923879533
-0.707106781
-0.382683432
6.27E-14
0.382683432
0.707106781
0.923879533
1
0.923879533
0.707106781
0.382683432
6.17E-14
-0.382683432
-0.707106781
-0.923879533
-1
-0.923879533
-0.707106781
-0.382683432
4.12E-14
0.382683432
0.707106781
0.923879533
1
0.923879533
0.707106781
0.382683432
8.33E-14
-0.382683432
-0.707106781
-0.923879533
-1
-0.923879533
-0.707106781
-0.382683432
1.96E-14
0.382683432
0.707106781
0.923879533
1
0.923879533
0.707106781
0.382683432
1.05E-13
-0.382683432
-0.707106781
-0.923879533
-1
-0.923879533
-0.707106781
-0.382683432
-1.94E-15
0.382683432
0.707106781
0.923879533
1
0.923879533
0.707106781
0.382683432
1.26E-13
-0.382683432
-0.707106781
-0.923879533
-1
-0.923879533
-0.707106781
-0.382683432
-2.35E-14
0.382683432
0.707106781
0.923879533
1
0.923879533
0.707106781
0.382683432
1.48E-13
-0.382683432
-0.707106781
-0.923879533
-1
-0.923879533
-0.707106781
-0.382683432
-4.51E-14
0.382683432
0.707106781
0.923879533
1
0.923879533
0.707106781
0.382683432
-5.78E-14
-0.382683432
-0.707106781
-0.923879533
-1
-0.923879533
-0.707106781
-0.382683432
-6.66E-14
0.382683432
0.707106781
0.923879533
1
0.923879533
0.707106781
0.382683432
-3.63E-14
-0.382683432
-0.707106781
-0.923879533
-1
-0.923879533
-0.707106781
-0.382683432
-8.82E-14
0.382683432
0.707106781
0.923879533
1
0.923879533
0.707106781
0.382683432
-1.47E-14
-0.382683432
-0.707106781
-0.923879533
-1
-0.923879533
-0.707106781
-0.382683432
-1.10E-13
0.382683432
0.707106781
0.923879533
1
0.923879533
0.707106781
0.382683432
6.84E-15
-0.382683432
-0.707106781
-0.923879533
-1
-0.923879533
-0.707106781
-0.382683432
-1.31E-13
0.382683432
0.707106781
0.923879533
1
0.923879533
0.707106781
0.382683432
2.84E-14
-0.382683432
-0.707106781
-0.923879533
-1
-0.923879533
-0.707106781
-0.382683432
-1.53E-13
0.382683432
0.707106781
0.923879533
1
0.923879533
0.707106781
0.382683432
5.00E-14
-0.382683432
-0.707106781
-0.923879533
-1
-0.923879533
-0.707106781
-0.382683432
5.29E-14
0.382683432
0.707106781
0.923879533
1
0.923879533
0.707106781
0.382683432
7.15E-14
-0.382683432
-0.707106781
-0.923879533
-1
-0.923879533
-0.707106781
-0.382683432
3.14E-14
0.382683432
0.707106781
0.923879533
1
0.923879533
0.707106781
0.382683432
9.31E-14
-0.382683432
-0.707106781
-0.923879533
-1
-0.923879533
-0.707106781
-0.382683432
9.82E-15
0.382683432
0.707106781
0.923879533
1
0.923879533
0.707106781
0.382683432
1.15E-13
-0.382683432
-0.707106781
-0.923879533
-1
-0.923879533
-0.707106781
-0.382683432
-1.17E-14
0.382683432
0.707106781
0.923879533
1
0.923879533
0.707106781
0.382683432
1.36E-13
-0.382683432
-0.707106781
-0.923879533
-1
-0.923879533
-0.707106781
-0.382683432
-3.33E-14
0.382683432
0.707106781
0.923879533
1
0.923879533
0.707106781
0.382683432
1.58E-13
-0.382683432
-0.707106781
-0.923879533
-1
-0.923879533
-0.707106781
-0.382683432
-5.49E-14
0.382683432
0.707106781
0.923879533
1
0.923879533
0.707106781
0.382683432
-4.80E-14
-0.382683432
-0.707106781
-0.923879533
-1
-0.923879533
-0.707106781
-0.382683432
-7.64E-14
0.382683432
0.707106781
0.923879533
1
0.923879533
0.707106781
0.382683432
-2.65E-14
-0.382683432
-0.707106781
-0.923879533
-1
-0.923879533
-0.707106781
-0.382683432
-9.80E-14
0.382683432
0.707106781
0.923879533
1
0.923879533
0.707106781
0.382683432
-4.92E-15
-0.382683432
-0.707106781
-0.923879533
-1
-0.923879533
-0.707106781
-0.382683432
-1.20E-13
0.382683432
0.707106781
0.923879533
1
0.923879533
0.707106781
0.382683432
1.66E-14
-0.382683432
-0.707106781
-0.923879533
-1
-0.923879533
-0.707106781
-0.382683432
-1.41E-13
0.382683432
0.707106781
0.923879533
1
0.923879533
0.707106781
0.382683432
3.82E-14
-0.382683432
-0.707106781
-0.923879533
-1
-0.923879533
-0.707106781
-0.382683432
-1.63E-13
0.382683432
0.707106781
0.923879533
1
0.923879533
0.707106781
0.382683432
5.98E-14
-0.382683432
-0.707106781
-0.923879533
-1
-0.923879533
-0.707106781
-0.382683432
4.31E-14
0.382683432
0.707106781
0.923879533
1
0.923879533
0.707106781
0.382683432
8.13E-14
-0.382683432
-0.707106781
-0.923879533
-1
-0.923879533
-0.707106781
-0.382683432
2.16E-14
0.382683432
0.707106781
0.923879533
1
0.923879533
0.707106781
0.382683432
1.03E-13
-0.382683432
-0.707106781
-0.923879533
-1
-0.923879533
-0.707106781
-0.382683432
1.98E-17
0.382683432
0.707106781
0.923879533
1
0.923879533
0.707106781
0.382683432
1.24E-13
-0.382683432
-0.707106781
-0.923879533
-1
-0.923879533
-0.707106781
-0.382683432
-2.15E-14
0.382683432
0.707106781
0.923879533
1
0.923879533
0.707106781
0.382683432
1.46E-13
-0.382683432
-0.707106781
-0.923879533
-1
-0.923879533
-0.707106781
-0.382683432
-4.31E-14
0.382683432
0.707106781
0.923879533
1
0.923879533
0.707106781
0.382683432
1.68E-13
-0.382683432
-0.707106781
-0.923879533
-1
-0.923879533
-0.707106781
-0.382683432
-6.47E-14
0.382683432
0.707106781
0.923879533
1
0.923879533
0.707106781
0.382683432
-3.82E-14
-0.382683432
-0.707106781
-0.923879533
-1
-0.923879533
-0.707106781
-0.382683432
-8.62E-14
0.382683432
0.707106781
0.923879533
1
0.923879533
0.707106781
0.382683432
-1.67E-14
-0.382683432
-0.707106781
-0.923879533
-1
-0.923879533
-0.707106781
-0.382683432
-1.08E-13
0.382683432
0.707106781
0.923879533
1
0.923879533
0.707106781
0.382683432
4.88E-15
-0.382683432
-0.707106781
-0.923879533
-1
-0.923879533
-0.707106781
-0.382683432
-1.29E-13
0.382683432
0.707106781
0.923879533
1
0.923879533
0.707106781
0.382683432
2.64E-14
-0.382683432
-0.707106781
-0.923879533
-1
-0.923879533
-0.707106781
-0.382683432
-1.51E-13
0.382683432
0.707106781
0.923879533
1
0.923879533
0.707106781
0.382683432
4.80E-14
-0.382683432
-0.707106781
-0.923879533
-1
-0.923879533
-0.707106781
-0.382683432
-1.72E-13
0.382683432
0.707106781
0.923879533
1
0.923879533
0.707106781
0.382683432
6.96E-14
-0.382683432
-0.707106781
-0.923879533
-1
-0.923879533
-0.707106781
-0.382683432
3.33E-14
0.382683432
0.707106781
0.923879533
1
0.923879533
0.707106781
0.382683432
9.11E-14
-0.382683432
-0.707106781
-0.923879533
-1
-0.923879533
-0.707106781
-0.382683432
1.18E-14
0.382683432
0.707106781
0.923879533
1
0.923879533
0.707106781
0.382683432
1.13E-13
-0.382683432
-0.707106781
-0.923879533
-1
-0.923879533
-0.707106781
-0.382683432
-9.78E-15
0.382683432
0.707106781
0.923879533
1
0.923879533
0.707106781
0.382683432
1.34E-13
-0.382683432
-0.707106781
-0.923879533
-1
-0.923879533
-0.707106781
-0.382683432
-3.13E-14
0.382683432
0.707106781
0.923879533
1
0.923879533
0.707106781
0.382683432
1.56E-13
-0.382683432
-0.707106781
-0.923879533
-1
-0.923879533
-0.707106781
-0.382683432
-5.29E-14
0.382683432
0.707106781
0.923879533
1
0.923879533
0.707106781
0.382683432
-5.00E-14
-0.382683432
-0.707106781
-0.923879533
-1
-0.923879533
-0.707106781
-0.382683432
-7.45E-14
0.382683432
0.707106781
0.923879533
1
0.923879533
0.707106781
0.382683432
-2.84E-14
-0.382683432
-0.707106781
-0.923879533
-1
-0.923879533
-0.707106781
-0.382683432
-9.60E-14
0.382683432
0.707106781
0.923879533
1
0.923879533
0.707106781
0.382683432
-6.88E-15
-0.382683432
-0.707106781
-0.923879533
-1
-0.923879533
-0.707106781
-0.382683432
-1.18E-13
0.382683432
0.707106781
0.923879533
1
0.923879533
0.707106781
0.382683432
1.47E-14
-0.382683432
-0.707106781
-0.923879533
-1
-0.923879533
-0.707106781
-0.382683432
-1.39E-13
0.382683432
0.707106781
0.923879533
1
0.923879533
0.707106781
0.382683432
3.62E-14
-0.382683432
-0.707106781
-0.923879533
-1
-0.923879533
-0.707106781
-0.382683432
