0
0.3826834323650898
0.7071067811865476
0.9238795325112867
1
0.9238795325112867
0.7071067811865476
0.3826834323650899
1.2246467991473532E-16
-0.38268343236508967
-0.7071067811865475
-0.9238795325112865
-1
-0.9238795325112866
-0.7071067811865477
-0.3826834323650904
-2.4492935982947064E-16
0.38268343236508995
0.7071067811865474
0.9238795325112865
1
0.9238795325112867
0.7071067811865483
0.3826834323650905
3.6739403974420594E-16
-0.38268343236508984
-0.7071067811865479
-0.9238795325112864
-1
-0.9238795325112867
-0.7071067811865485
-0.3826834323650906
-4.898587196589413E-16
0.3826834323650897
0.7071067811865478
0.9238795325112864
1
0.9238795325112868
0.7071067811865486
0.3826834323650907
6.123233995736766E-16
-0.38268343236508795
-0.7071067811865477
-0.9238795325112863
-1
-0.9238795325112868
-0.7071067811865487
-0.3826834323650892
-7.347880794884119E-16
0.38268343236508784
0.7071067811865476
0.9238795325112863
1
0.9238795325112868
0.7071067811865488
0.38268343236508934
8.572527594031472E-16
-0.38268343236508773
-0.7071067811865476
-0.9238795325112863
-1
-0.923879532511287
-0.7071067811865488
-0.38268343236508945
-9.797174393178826E-16
0.3826834323650876
0.7071067811865475
0.9238795325112862
1
0.923879532511287
0.7071067811865489
0.38268343236508956
1.102182119232618E-15
-0.3826834323650875
-0.7071067811865474
-0.9238795325112862
-1
-0.9238795325112871
-0.707106781186549
-0.38268343236508967
-1.2246467991473533E-15
0.3826834323650874
0.7071067811865448
0.9238795325112875
1
0.9238795325112871
0.707106781186549
0.38268343236509306
4.899825157862589E-15
-0.38268343236509056
-0.7071067811865471
-0.9238795325112861
-1
-0.9238795325112885
-0.7071067811865467
-0.3826834323650899
-1.4695761589768238E-15
0.3826834323650872
0.7071067811865446
0.9238795325112874
1
0.9238795325112872
0.7071067811865492
0.3826834323650933
-1.9606728399089416E-15
-0.38268343236509034
-0.707106781186547
-0.923879532511286
-1
-0.9238795325112886
-0.7071067811865468
-0.3826834323650901
-1.7145055188062944E-15
0.38268343236508695
0.7071067811865444
0.9238795325112873
1
0.9238795325112873
0.7071067811865495
0.3826834323650935
5.3896838775215305E-15
-0.3826834323650901
-0.7071067811865468
-0.9238795325112859
-1
-0.9238795325112886
-0.707106781186547
-0.38268343236509034
-1.959434878635765E-15
0.38268343236508673
0.7071067811865442
0.9238795325112872
1
0.9238795325112874
0.7071067811865496
0.3826834323650937
-1.4708141202500005E-15
-0.3826834323650899
-0.7071067811865467
-0.9238795325112857
-1
-0.9238795325112887
-0.7071067811865471
-0.38268343236509056
-2.204364238465236E-15
0.3826834323650865
0.707106781186544
0.9238795325112871
1
0.9238795325112874
0.7071067811865498
0.38268343236509395
5.879542597180472E-15
-0.38268343236508967
-0.7071067811865465
-0.9238795325112856
-1
-0.9238795325112888
-0.7071067811865474
-0.3826834323650908
-2.4492935982947065E-15
0.3826834323650863
0.7071067811865439
0.9238795325112843
1
0.9238795325112903
0.7071067811865449
0.3826834323650876
-9.809554005910593E-16
-0.38268343236508945
-0.7071067811865464
-0.9238795325112856
-1
-0.923879532511289
-0.7071067811865526
-0.3826834323650976
-9.799650315725178E-15
0.3826834323650926
0.7071067811865488
0.9238795325112868
1
0.9238795325112876
0.7071067811865501
0.3826834323650944
6.369401316839413E-15
-0.3826834323650826
-0.7071067811865411
-0.9238795325112882
-1
-0.9238795325112863
-0.7071067811865477
-0.3826834323650912
-2.9391523179536475E-15
0.38268343236508584
0.7071067811865436
0.9238795325112841
1
0.9238795325112904
0.7071067811865452
0.38268343236508806
-4.91096680932118E-16
-0.382683432365089
-0.707106781186546
-0.9238795325112854
-1
-0.9238795325112892
-0.7071067811865529
-0.38268343236509805
3.921345679817883E-15
0.38268343236509217
0.7071067811865483
0.9238795325112867
1
0.9238795325112878
0.7071067811865505
0.3826834323650949
6.859260036498355E-15
-0.3826834323650822
-0.7071067811865408
-0.9238795325112881
-1
-0.9238795325112865
-0.707106781186548
-0.38268343236509167
-3.429011037612589E-15
0.38268343236508534
0.7071067811865432
0.9238795325112839
1
0.9238795325112906
0.7071067811865457
0.3826834323650885
-1.2379612731767154E-18
-0.3826834323650885
-0.7071067811865457
-0.9238795325112852
-1
-0.9238795325112893
-0.7071067811865532
-0.3826834323650985
-1.0779367755043061E-14
0.3826834323650917
0.7071067811865481
0.9238795325112865
1
0.9238795325112881
0.7071067811865508
0.38268343236509533
7.349118756157295E-15
-0.38268343236508173
-0.7071067811865404
-0.9238795325112878
-1
-0.9238795325112867
-0.7071067811865483
-0.38268343236509217
-3.91886975727153E-15
0.3826834323650849
0.7071067811865428
0.9238795325112837
1
0.9238795325112908
0.7071067811865459
0.382683432365089
4.886207583857646E-16
-0.38268343236508806
-0.7071067811865452
-0.9238795325112851
-1
-0.9238795325112895
-0.7071067811865536
-0.38268343236509894
2.941628240500001E-15
0.3826834323650912
0.7071067811865477
0.9238795325112863
1
0.9238795325112882
0.7071067811865511
0.3826834323650958
7.838977475816237E-15
-0.3826834323650813
-0.7071067811865401
-0.9238795325112876
-1
-0.9238795325112868
-0.7071067811865488
-0.3826834323650926
-4.408728476930472E-15
0.38268343236508445
0.7071067811865425
0.9238795325112835
1
0.9238795325112911
0.7071067811865464
0.38268343236508945
9.784794780447059E-16
-0.3826834323650876
-0.7071067811865449
-0.9238795325112849
-1
-0.9238795325112897
-0.7071067811865539
-0.3826834323650994
-1.1759085194360944E-14
0.3826834323650908
0.7071067811865474
0.9238795325112862
1
0.9238795325112884
0.7071067811865515
0.3826834323650962
8.328836195475178E-15
-0.38268343236508084
-0.7071067811865397
-0.9238795325112875
-1
-0.9238795325112871
-0.7071067811865491
-0.38268343236509306
-4.898587196589413E-15
0.382683432365084
0.7071067811865421
0.9238795325112833
1
0.9238795325112912
0.7071067811865567
0.3826834323650899
1.567919291290565E-14
-0.3826834323650872
-0.7071067811865346
-0.9238795325112846
-1
-0.9238795325112898
-0.7071067811865442
-0.38268343236509983
1.9619108011821185E-15
0.38268343236507724
0.707106781186547
0.9238795325112805
1
0.9238795325112941
0.7071067811865519
0.38268343236508356
8.81869491513412E-15
-0.3826834323650935
-0.7071067811865394
-0.9238795325112873
-1
-0.9238795325112873
-0.7071067811865595
-0.3826834323650935
-1.9599300631450357E-14
0.38268343236508356
0.7071067811865518
0.9238795325112832
1
0.9238795325112914
0.707106781186547
0.3826834323651035
1.9581969173625882E-15
-0.3826834323650736
-0.7071067811865442
-0.92387953251129
-1
-0.9238795325112846
-0.7071067811865546
-0.3826834323650872
-1.2738802633678827E-14
0.3826834323650899
0.7071067811865366
0.9238795325112857
1
0.9238795325112887
0.7071067811865421
0.3826834323650971
-4.902301080408943E-15
-0.38268343236507996
-0.707106781186549
-0.9238795325112816
-1
-0.9238795325112928
-0.7071067811865498
-0.3826834323651071
-5.878304635907295E-15
0.3826834323650962
0.7071067811865415
0.9238795325112884
1
0.9238795325112862
0.7071067811865573
0.3826834323650908
1.6658910352223535E-14
-0.3826834323650863
-0.7071067811865338
-0.9238795325112843
-1
-0.9238795325112903
-0.7071067811865449
-0.3826834323651008
9.82193361864236E-16
0.3826834323650763
0.7071067811865464
0.9238795325112802
1
0.9238795325112944
0.7071067811865526
0.38268343236508445
9.798412354452001E-15
-0.3826834323650926
-0.7071067811865387
-0.9238795325112868
-1
-0.9238795325112876
-0.7071067811865601
-0.3826834323650944
7.842691359635767E-15
0.3826834323650826
0.7071067811865511
0.9238795325112827
1
0.9238795325112917
0.7071067811865477
0.3826834323651044
2.937914356680471E-15
-0.3826834323650727
-0.7071067811865436
-0.9238795325112895
-1
-0.923879532511285
-0.7071067811865553
-0.38268343236508806
-1.371852007299671E-14
0.382683432365089
0.7071067811865359
0.9238795325112854
1
0.9238795325112892
0.7071067811865428
0.38268343236509805
-3.92258364109106E-15
-0.382683432365079
-0.7071067811865483
-0.9238795325112813
-1
-0.9238795325112933
-0.7071067811865505
-0.382683432365108
-6.858022075225178E-15
0.38268343236509533
0.7071067811865408
0.9238795325112881
1
0.9238795325112865
0.7071067811865581
0.38268343236509167
1.7638627791541416E-14
-0.38268343236508534
-0.7071067811865331
-0.9238795325112839
-1
-0.9238795325112906
-0.7071067811865457
-0.38268343236510166
2.475922546353431E-18
0.3826834323650754
0.7071067811865457
0.9238795325112797
1
0.9238795325112947
0.7071067811865532
0.38268343236508534
1.0778129793769884E-14
-0.3826834323650917
-0.707106781186538
-0.9238795325112865
-1
-0.9238795325112881
-0.7071067811865609
-0.38268343236509533
-2.1558735510086122E-14
0.38268343236508173
0.7071067811865505
0.9238795325112824
1
0.9238795325112922
0.7071067811865483
0.38268343236510527
3.917631795998353E-15
-0.3826834323650718
-0.7071067811865429
-0.9238795325112892
-1
-0.9238795325112854
-0.707106781186556
-0.382683432365089
-1.469823751231459E-14
0.38268343236508806
0.7071067811865352
0.9238795325112851
1
0.9238795325112895
0.7071067811865436
0.38268343236509894
-2.942866201773178E-15
-0.3826834323650781
-0.7071067811865477
-0.9238795325112809
-1
-0.9238795325112936
-0.7071067811865511
-0.3826834323651089
-7.83773951454306E-15
0.3826834323650944
0.7071067811865401
0.9238795325112876
1
0.9238795325112868
0.7071067811865588
0.3826834323650926
1.8618345230859297E-14
-0.38268343236508445
-0.7071067811865325
-0.9238795325112835
-1
-0.9238795325112911
-0.7071067811865464
-0.38268343236510255
-9.772415167715292E-16
0.3826834323650745
0.7071067811865449
0.9238795325112794
1
0.9238795325112952
0.7071067811865539
0.3826834323650863
1.1757847233087767E-14
-0.3826834323650908
-0.7071067811865372
-0.9238795325112862
-1
-0.9238795325112884
-0.7071067811865616
-0.3826834323650962
5.883256481000002E-15
0.38268343236508084
0.7071067811865498
0.9238795325112821
1
0.9238795325112925
0.7071067811865491
0.38268343236510616
4.897349235316236E-15
-0.38268343236507085
-0.7071067811865421
-0.9238795325112887
-1
-0.9238795325112857
-0.7071067811865567
-0.3826834323650899
-1.5677954951632475E-14
0.3826834323650872
0.7071067811865346
0.9238795325112846
1
0.9238795325112898
0.7071067811865442
0.38268343236509983
-1.963148762455295E-15
-0.38268343236507724
-0.707106781186547
-0.9238795325112805
-1
-0.9238795325112941
-0.7071067811865519
-0.3826834323651098
-8.817456953860943E-15
0.3826834323650935
0.7071067811865394
0.9238795325112873
1
0.9238795325112873
0.7071067811865595
0.3826834323650935
1.959806267017718E-14
-0.38268343236508356
-0.7071067811865318
-0.9238795325112832
-1
-0.9238795325112914
-0.707106781186547
-0.3826834323651035
-1.9569589560894117E-15
0.3826834323650736
0.7071067811865442
0.923879532511279
1
0.9238795325112955
0.7071067811865546
0.3826834323650872
1.273756467240565E-14
-0.3826834323650899
-0.7071067811865366
-0.9238795325112857
-1
-0.9238795325112887
-0.7071067811865622
-0.3826834323650971
-2.3518170388721888E-14
0.38268343236507996
0.707106781186549
0.9238795325112816
1
0.9238795325112928
0.7071067811865498
0.3826834323651071
5.877066674634119E-15
-0.38268343236506996
-0.7071067811865415
-0.9238795325112884
-1
-0.9238795325112862
-0.7071067811865575
-0.3826834323650908
-1.6657672390950356E-14
0.3826834323650863
0.7071067811865338
0.9238795325112843
1
0.9238795325112903
0.7071067811865449
0.3826834323651008
-9.834313231374127E-16
-0.3826834323650763
-0.7071067811865464
-0.9238795325112802
-1
-0.9238795325112944
-0.7071067811865526
-0.3826834323651107
-9.797174393178826E-15
0.3826834323650926
0.7071067811865387
0.923879532511287
1
0.9238795325112876
0.7071067811865601
0.3826834323650944
2.0577780109495062E-14
-0.3826834323650826
-0.707106781186531
-0.9238795325112827
-1
-0.9238795325112809
-0.7071067811865477
-0.3826834323651044
-3.13583858258113E-14
0.38268343236509894
0.7071067811865436
0.9238795325112786
1
0.923879532511285
0.7071067811865553
0.3826834323651143
-1.4704427318680477E-14
-0.382683432365089
-0.7071067811865359
-0.9238795325112745
-1
-0.9238795325112892
-0.7071067811865629
-0.3826834323651243
3.923821602364237E-15
0.382683432365079
0.7071067811865283
0.9238795325112922
1
0.9238795325112933
0.7071067811865706
0.38268343236508173
6.856784113952001E-15
-0.3826834323650691
-0.7071067811865207
-0.9238795325112881
-1
-0.9238795325112974
-0.707106781186538
-0.38268343236509167
-1.763738983026824E-14
0.3826834323650591
0.7071067811865532
0.9238795325112839
1
0.9238795325113015
0.7071067811865456
0.38268343236510166
2.8417995546584478E-14
-0.38268343236510166
-0.7071067811865457
-0.9238795325112797
-1
-0.9238795325112839
-0.7071067811865532
-0.3826834323651116
-3.919860126290071E-14
0.3826834323650917
0.707106781186538
0.9238795325112756
1
0.9238795325112881
0.7071067811865609
0.3826834323651216
-6.8642118815910615E-15
-0.38268343236508173
-0.7071067811865304
-0.9238795325112933
-1
-0.9238795325112922
-0.7071067811865684
-0.382683432365079
-3.9163938347251765E-15
0.3826834323650718
0.7071067811865228
0.9238795325112892
1
0.9238795325112963
0.7071067811865359
0.38268343236508895
1.4696999551041415E-14
-0.3826834323650618
-0.7071067811865553
-0.9238795325112851
-1
-0.9238795325113004
-0.7071067811865436
-0.38268343236509894
-2.5477605267357653E-14
0.3826834323651044
0.7071067811865477
0.9238795325112809
1
0.9238795325112827
0.7071067811865511
0.3826834323651089
3.625821098367389E-14
-0.3826834323650944
-0.7071067811865401
-0.9238795325112767
-1
-0.9238795325112868
-0.7071067811865588
-0.38268343236511887
9.804602160817886E-15
0.38268343236508445
0.7071067811865325
0.9238795325112726
1
0.9238795325112911
0.7071067811865664
0.3826834323650763
9.760035554983525E-16
-0.3826834323650745
-0.7071067811865248
-0.9238795325112903
-1
-0.9238795325112952
-0.707106781186574
-0.3826834323650863
-1.175660927181459E-14
0.3826834323650645
0.7071067811865573
0.9238795325112862
1
0.9238795325112993
0.7071067811865415
0.3826834323650962
2.2537214988130828E-14
-0.3826834323650546
-0.7071067811865498
-0.9238795325112821
-1
-0.9238795325112816
-0.7071067811865491
-0.38268343236510616
-3.331782070444707E-14
0.3826834323650971
0.7071067811865421
0.9238795325112779
1
0.9238795325112857
0.7071067811865567
0.38268343236511615
-1.274499244004471E-14
-0.3826834323650872
-0.7071067811865345
-0.9238795325112737
-1
-0.9238795325112898
-0.7071067811865643
-0.3826834323651261
1.964386723728472E-15
0.38268343236507724
0.7071067811865269
0.9238795325112914
1
0.9238795325112941
0.707106781186572
0.38268343236508356
8.816218992587766E-15
-0.38268343236506724
-0.7071067811865193
-0.9238795325112873
-1
-0.9238795325112982
-0.7071067811865394
-0.3826834323650935
-1.9596824708904003E-14
0.3826834323650573
0.7071067811865518
0.9238795325112832
1
0.9238795325113023
0.707106781186547
0.38268343236510344
3.0377430425220244E-14
-0.38268343236509983
-0.7071067811865442
-0.923879532511279
-1
-0.9238795325112846
-0.7071067811865546
-0.38268343236511343
1.5685382719271533E-14
0.3826834323650899
0.7071067811865366
0.9238795325112749
1
0.9238795325112887
0.7071067811865622
0.38268343236512337
-4.904777002955296E-15
-0.38268343236507996
-0.707106781186529
-0.9238795325112925
-1
-0.9238795325112928
-0.7071067811865699
-0.38268343236508084
-5.875828713360942E-15
0.38268343236506996
0.7071067811865214
0.9238795325112884
1
0.9238795325112971
0.7071067811865372
0.3826834323650908
1.665643442967718E-14
-0.38268343236506003
-0.7071067811865539
-0.9238795325112843
-1
-0.9238795325113012
-0.7071067811865449
-0.3826834323651008
-2.743704014599342E-14
0.38268343236510255
0.7071067811865464
0.9238795325112802
1
0.9238795325112835
0.7071067811865526
0.3826834323651107
3.8217645862309657E-14
-0.3826834323650926
-0.7071067811865387
-0.923879532511276
-1
-0.9238795325112876
-0.7071067811865601
-0.38268343236512065
7.84516728218212E-15
0.3826834323650826
0.707106781186531
0.9238795325112719
1
0.9238795325112917
0.7071067811865678
0.3826834323650781
2.9354384341341176E-15
-0.3826834323650727
-0.7071067811865235
-0.9238795325112895
-1
-0.923879532511296
-0.7071067811865754
-0.38268343236508806
-1.3716044150450356E-14
0.38268343236506275
0.707106781186556
0.9238795325112854
1
0.9238795325113001
0.7071067811865428
0.38268343236509805
2.4496649866766593E-14
-0.38268343236505276
-0.7071067811865483
-0.9238795325112813
-1
-0.9238795325112824
-0.7071067811865505
-0.382683432365108
-3.527725558308283E-14
0.38268343236509533
0.7071067811865408
0.9238795325112772
1
0.9238795325112865
0.7071067811865581
0.3826834323651179
-1.0785557561408946E-14
-0.38268343236508534
-0.7071067811865331
-0.923879532511273
-1
-0.9238795325112906
-0.7071067811865657
-0.3826834323651279
4.951845092706862E-18
0.3826834323650754
0.7071067811865255
0.9238795325112906
1
0.9238795325112947
0.7071067811865733
0.38268343236508534
1.0775653871223532E-14
-0.38268343236506547
-0.7071067811865179
-0.9238795325112865
-1
-0.923879532511299
-0.7071067811865408
-0.38268343236509533
-2.1556259587539768E-14
0.3826834323650555
0.7071067811865505
0.9238795325112824
1
0.9238795325113031
0.7071067811865483
0.38268343236510527
3.2336865303856006E-14
-0.38268343236509805
-0.7071067811865429
-0.9238795325112783
-1