0
0.124674733
0.247403959
0.366272529
0.479425539
0.585097273
0.68163876
0.767543502
0.841470985
0.902267594
0.948984619
0.980893057
0.997494987
0.998531341
0.983985947
0.954085782
0.909297427
0.85031979
0.778073197
0.693685032
0.598472144
0.493920299
0.381660992
0.263445993
0.141120008
0.016591892
-0.108195135
-0.231293812
-0.350783228
-0.464798788
-0.571561319
-0.669404826
-0.756802495
-0.832390515
-0.894989358
-0.943622192
-0.977530118
-0.996184012
-0.999292789
-0.986807936
-0.958924275
-0.916076921
-0.858934493
-0.78838868
-0.705540326
-0.61168225
-0.508279077
-0.39694438
-0.279415498
-0.157526431
-0.033179217
0.091685748
0.215119988
0.335197352
0.450044074
0.557868008
0.656986599
0.745853133
0.823080879
0.887464723
0.937999977
0.973898055
0.994598779
0.999779122
0.989358247
0.963498766
0.92260421
0.867312724
0.798487113
0.717201377
0.624723954
0.522497922
0.412118485
0.295308077
0.173889485
0.049757406
-0.07515112
-0.198886939
-0.319519194
-0.435165458
-0.544021111
-0.644387496
-0.73469843
-0.813544641
-0.87969576
-0.932119521
-0.969997868
-0.992739723
-0.999990207
-0.991636177
-0.967807998
-0.928877497
-0.875452175
-0.808365714
-0.728664976
-0.637593665
-0.536572918
-0.42717913
-0.311119355
-0.190204666
-0.066321897
0.058595803
0.182599135
0.303753068
0.420167037
0.530024439
0.631610988
0.723341458
0.803784427
0.871684608
0.925982443
0.965830631
0.990607356
0.999925984
0.993641101
0.971850782
0.934895056
0.883350605
0.818021763
0.739927966
0.65028784
0.55050019
0.442122169
0.326844979
0.206467482
0.082868129
-0.042024353
-0.166261059
-0.287903317
-0.40505294
-0.515881847
-0.61866059
-0.711785342
-0.793802922
-0.863433473
-0.919590433
-0.961397492
-0.988202265
-0.999586471
-0.995372466
-0.975626005
-0.940655228
-0.89100584
-0.827452604
-0.750987247
-0.662802985
-0.564275904
-0.456943486
-0.342480618
-0.222673455
-0.099391547
0.025441333
0.14987721
0.271974302
0.389827327
0.501597227
0.60553987
0.700033265
0.783602876
0.854944626
0.912945251
0.95669967
0.985525112
0.998971763
0.996829794
0.97913263
0.946156428
0.898415772
0.836655639
0.761839773
0.675135653
0.577896267
0.471639003
0.35802197
0.238818124
0.115887601
-0.008851309
-0.133452098
-0.255970411
-0.374494392
-0.487174512
-0.592252438
-0.688088462
-0.773187096
-0.846220404
-0.906048726
-0.95173846
-0.982576634
-0.998082028
-0.998012686
-0.98236969
-0.951397143
-0.905578362
-0.845628334
-0.772482558
-0.68728245
-0.59135753
-0.486204673
-0.373464755
-0.254897044
-0.13235175
-0.007741151
0.116990245
0.239896048
0.359058354
0.472617674
0.578801953
0.675954222
0.76255845
0.83726321
0.898902757
0.946515227
0.979357643
0.996917511
0.998920815
0.985336293
0.956375928
0.912491637
0.854368219
0.78291267
0.699240032
0.604655986
0.500636486
0.388804721
0.270905788
0.148779461
0.024331481
-0.100496184
-0.22375564
-0.343523464
-0.457930719
-0.565192119
-0.663633884
-0.751719865
-0.828075508
-0.891509311
-0.941031408
-0.975869026
-0.995478533
-0.999553931
-0.988031624
-0.961091414
-0.919153694
-0.862872888
-0.793127239
-0.711005105
-0.617787974
-0.514930469
-0.404037645
-0.28683995
-0.165166212
-0.040915112
0.083974456
0.20755363
0.327893999
0.443117692
0.551426681
0.651130842
0.740674323
0.81865983
0.883870424
0.935288515
0.972111742
0.99376549
0.99991186
0.99045494
0.965542302
0.925562699
0.87114
0.803123453
0.722574432
0.63074988
0.529082686
0.419159334
0.302695141
0.181507491
0.057487478
-0.067429608
-0.191294478
-0.312174261
-0.428182669
-0.537509431
-0.638448537
-0.729424867
-0.809018766
-0.875988198
-0.929288127
-0.968086826
-0.991778853
-0.999994504
-0.992605574
-0.969727367
-0.931716888
-0.879167279
-0.812898558
-0.733944828
-0.643538133
-0.543089242
-0.434165624
-0.318466997
-0.1977988
-0.074044018
0
0.124674733
0.247403959
0.366272529
0.479425539
0.585097273
0.68163876
0.767543502
0.841470985
0.902267594
0.948984619
0.980893057
0.997494987
0.998531341
0.983985947
0.954085782
0.909297427
0.85031979
0.778073197
0.693685032
0.598472144
0.493920299
0.381660992
0.263445993
0.141120008
0.016591892
-0.108195135
-0.231293812
-0.350783228
-0.464798788
-0.571561319
-0.669404826
-0.756802495
-0.832390515
-0.894989358
-0.943622192
-0.977530118
-0.996184012
-0.999292789
-0.986807936
-0.958924275
-0.916076921
-0.858934493
-0.78838868
-0.705540326
-0.61168225
-0.508279077
-0.39694438
-0.279415498
-0.157526431
-0.033179217
0.091685748
0.215119988
0.335197352
0.450044074
0.557868008
0.656986599
0.745853133
0.823080879
0.887464723
0.937999977
0.973898055
0.994598779
0.999779122
0.989358247
0.963498766
0.92260421
0.867312724
0.798487113
0.717201377
0.624723954
0.522497922
0.412118485
0.295308077
0.173889485
0.049757406
-0.07515112
-0.198886939
-0.319519194
-0.435165458
-0.544021111
-0.644387496
-0.73469843
-0.813544641
-0.87969576
-0.932119521
-0.969997868
-0.992739723
-0.999990207
-0.991636177
-0.967807998
-0.928877497
-0.875452175
-0.808365714
-0.728664976
-0.637593665
-0.536572918
-0.42717913
-0.311119355
-0.190204666
-0.066321897
0.058595803
0.182599135
0.303753068
0.420167037
0.530024439
0.631610988
0.723341458
0.803784427
0.871684608
0.925982443
0.965830631
0.990607356
0.999925984
0.993641101
0.971850782
0.934895056
0.883350605
0.818021763
0.739927966
0.65028784
0.55050019
0.442122169
0.326844979
0.206467482
0.082868129
-0.042024353
-0.166261059
-0.287903317
-0.40505294
-0.515881847
-0.61866059
-0.711785342
-0.793802922
-0.863433473
-0.919590433
-0.961397492
-0.988202265
-0.999586471
-0.995372466
-0.975626005
-0.940655228
-0.89100584
-0.827452604
-0.750987247
-0.662802985
-0.564275904
-0.456943486
-0.342480618
-0.222673455
-0.099391547
0.025441333
0.14987721
0.271974302
0.389827327
0.501597227
0.60553987
0.700033265
0.783602876
0.854944626
0.912945251
0.95669967
0.985525112
0.998971763
0.996829794
0.97913263
0.946156428
0.898415772
0.836655639
0.761839773
0.675135653
0.577896267
0.471639003
0.35802197
0.238818124
0.115887601
-0.008851309
-0.133452098
-0.255970411
-0.374494392
-0.487174512
-0.592252438
-0.688088462
-0.773187096
-0.846220404
-0.906048726
-0.95173846
-0.982576634
-0.998082028
-0.998012686
-0.98236969
-0.951397143
-0.905578362
-0.845628334
-0.772482558
-0.68728245
-0.59135753
-0.486204673
-0.373464755
-0.254897044
-0.13235175
-0.007741151
0.116990245
0.239896048
0.359058354
0.472617674
0.578801953
0.675954222
0.76255845
0.83726321
0.898902757
0.946515227
0.979357643
0.996917511
0.998920815
0.985336293
0.956375928
0.912491637
0.854368219
0.78291267
0.699240032
0.604655986
0.500636486
0.388804721
0.270905788
0.148779461
0.024331481
-0.100496184
-0.22375564
-0.343523464
-0.457930719
-0.565192119
-0.663633884
-0.751719865
-0.828075508
-0.891509311
-0.941031408
-0.975869026
-0.995478533
-0.999553931
-0.988031624
-0.961091414
-0.919153694
-0.862872888
-0.793127239
-0.711005105
-0.617787974
-0.514930469
-0.404037645
-0.28683995
-0.165166212
-0.040915112
0.083974456
0.20755363
0.327893999
0.443117692
0.551426681
0.651130842
0.740674323
0.81865983
0.883870424
0.935288515
0.972111742
0.99376549
0.99991186
0.99045494
0.965542302
0.925562699
0.87114
0.803123453
0.722574432
0.63074988
0.529082686
0.419159334
0.302695141
0.181507491
0.057487478
-0.067429608
-0.191294478
-0.312174261
-0.428182669
-0.537509431
-0.638448537
-0.729424867
-0.809018766
-0.875988198
-0.929288127
-0.968086826
-0.991778853
-0.999994504
-0.992605574
-0.969727367
-0.931716888
-0.879167279
-0.812898558
-0.733944828
-0.643538133
-0.543089242
-0.434165624
-0.318466997
-0.1977988
-0.074044018
0
0.124674733
0.247403959
0.366272529
0.479425539
0.585097273
0.68163876
0.767543502
0.841470985
0.902267594
0.948984619
0.980893057
0.997494987
0.998531341
0.983985947
0.954085782
0.909297427
0.85031979
0.778073197
0.693685032
0.598472144
0.493920299
0.381660992
0.263445993
0.141120008
0.016591892
-0.108195135
-0.231293812
-0.350783228
-0.464798788
-0.571561319
-0.669404826
-0.756802495
-0.832390515
-0.894989358
-0.943622192
-0.977530118
-0.996184012
-0.999292789
-0.986807936
-0.958924275
-0.916076921
-0.858934493
-0.78838868
-0.705540326
-0.61168225
-0.508279077
-0.39694438
-0.279415498
-0.157526431
-0.033179217
0.091685748
0.215119988
0.335197352
0.450044074
0.557868008
0.656986599
0.745853133
0.823080879
0.887464723
0.937999977
0.973898055
0.994598779
0.999779122
0.989358247
0.963498766
0.92260421
0.867312724
0.798487113
0.717201377
0.624723954
0.522497922
0.412118485
0.295308077
0.173889485
0.049757406
-0.07515112
-0.198886939
-0.319519194
-0.435165458
-0.544021111
-0.644387496
-0.73469843
-0.813544641
-0.87969576
-0.932119521
-0.969997868
-0.992739723
-0.999990207
-0.991636177
-0.967807998
-0.928877497
-0.875452175
-0.808365714
-0.728664976
-0.637593665
-0.536572918
-0.42717913
-0.311119355
-0.190204666
-0.066321897
0.058595803
0.182599135
0.303753068
0.420167037
0.530024439
0.631610988
0.723341458
0.803784427
0.871684608
0.925982443
0.965830631
0.990607356
0.999925984
0.993641101
0.971850782
0.934895056
0.883350605
0.818021763
0.739927966
0.65028784
0.55050019
0.442122169
0.326844979
0.206467482
0.082868129
-0.042024353
-0.166261059
-0.287903317
-0.40505294
-0.515881847
-0.61866059
-0.711785342
-0.793802922
-0.863433473
-0.919590433
-0.961397492
-0.988202265
-0.999586471
-0.995372466
-0.975626005
-0.940655228
-0.89100584
-0.827452604
-0.750987247
-0.662802985
-0.564275904
-0.456943486
-0.342480618
-0.222673455
-0.099391547
0.025441333
0.14987721
0.271974302
0.389827327
0.501597227
0.60553987
0.700033265
0.783602876
0.854944626
0.912945251
0.95669967
0.985525112
0.998971763
0.996829794
0.97913263
0.946156428
0.898415772
0.836655639
0.761839773
0.675135653
0.577896267
0.471639003
0.35802197
0.238818124
0.115887601
-0.008851309
-0.133452098
-0.255970411
-0.374494392
-0.487174512
-0.592252438
-0.688088462
-0.773187096
-0.846220404
-0.906048726
-0.95173846
-0.982576634
-0.998082028
-0.998012686
-0.98236969
-0.951397143
-0.905578362
-0.845628334
-0.772482558
-0.68728245
-0.59135753
-0.486204673
-0.373464755
-0.254897044
-0.13235175
-0.007741151
0.116990245
0.239896048
0.359058354
0.472617674
0.578801953
0.675954222
0.76255845
0.83726321
0.898902757
0.946515227
0.979357643
0.996917511
0.998920815
0.985336293
0.956375928
0.912491637
0.854368219
0.78291267
0.699240032
0.604655986
0.500636486
0.388804721
0.270905788
0.148779461
0.024331481
-0.100496184
-0.22375564
-0.343523464
-0.457930719
-0.565192119
-0.663633884
-0.751719865
-0.828075508
-0.891509311
-0.941031408
-0.975869026
-0.995478533
-0.999553931
-0.988031624
-0.961091414
-0.919153694
-0.862872888
-0.793127239
-0.711005105
-0.617787974
-0.514930469
-0.404037645
-0.28683995
-0.165166212
-0.040915112
0.083974456
0.20755363
0.327893999
0.443117692
0.551426681
0.651130842
0.740674323
0.81865983
0.883870424
0.935288515
0.972111742
0.99376549
0.99991186
0.99045494
0.965542302
0.925562699
0.87114
0.803123453
0.722574432
0.63074988
0.529082686
0.419159334
0.302695141
0.181507491
0.057487478
-0.067429608
-0.191294478
-0.312174261
-0.428182669
-0.537509431
-0.638448537
-0.729424867
-0.809018766
-0.875988198
-0.929288127
-0.968086826
-0.991778853
-0.999994504
-0.992605574
-0.969727367
-0.931716888
-0.879167279
-0.812898558
-0.733944828
-0.643538133
-0.543089242
-0.434165624
-0.318466997
-0.1977988
-0.074044018
0
0.124674733
0.247403959
0.366272529
0.479425539
0.585097273
0.68163876
0.767543502
0.841470985
0.902267594
0.948984619
0.980893057
0.997494987
0.998531341
0.983985947
0.954085782
0.909297427
0.85031979
0.778073197
0.693685032
0.598472144
0.493920299
0.381660992
0.263445993
0.141120008
0.016591892
-0.108195135
-0.231293812
-0.350783228
-0.464798788
-0.571561319
-0.669404826
-0.756802495
-0.832390515
-0.894989358
-0.943622192
-0.977530118
-0.996184012
-0.999292789
-0.986807936
-0.958924275
-0.916076921
-0.858934493
-0.78838868
-0.705540326
-0.61168225
-0.508279077
-0.39694438
-0.279415498
-0.157526431
-0.033179217
0.091685748
0.215119988
0.335197352
0.450044074
0.557868008
0.656986599
0.745853133
0.823080879
0.887464723
0.937999977
0.973898055
0.994598779
0.999779122
0.989358247
0.963498766
0.92260421
0.867312724
0.798487113
0.717201377
0.624723954
0.522497922
0.412118485
0.295308077
0.173889485
0.049757406
-0.07515112
-0.198886939
-0.319519194
-0.435165458
-0.544021111
-0.644387496
-0.73469843
-0.813544641
-0.87969576
-0.932119521
-0.969997868
-0.992739723
-0.999990207
-0.991636177
-0.967807998
-0.928877497
-0.875452175
-0.808365714
-0.728664976
-0.637593665
-0.536572918
-0.42717913
-0.311119355
-0.190204666
-0.066321897
0.058595803
0.182599135
0.303753068
0.420167037
0.530024439
0.631610988
0.723341458
0.803784427
0.871684608
0.925982443
0.965830631
0.990607356
0.999925984
0.993641101
0.971850782
0.934895056
0.883350605
0.818021763
0.739927966
0.65028784
0.55050019
0.442122169
0.326844979
0.206467482
0.082868129
-0.042024353
-0.166261059
-0.287903317
-0.40505294
-0.515881847
-0.61866059
-0.711785342
-0.793802922
-0.863433473
-0.919590433
-0.961397492
-0.988202265
-0.999586471
-0.995372466
-0.975626005
-0.940655228
-0.89100584
-0.827452604
-0.750987247
-0.662802985
-0.564275904
-0.456943486
-0.342480618
-0.222673455
-0.099391547
0.025441333
0.14987721
0.271974302
0.389827327
0.501597227
0.60553987
0.700033265
0.783602876
0.854944626
0.912945251
0.95669967
0.985525112
0.998971763
0.996829794
0.97913263
0.946156428
0.898415772
0.836655639
0.761839773
0.675135653
0.577896267
0.471639003
0.35802197
0.238818124
0.115887601
-0.008851309
-0.133452098
-0.255970411
-0.374494392
-0.487174512
-0.592252438
-0.688088462
-0.773187096
-0.846220404
-0.906048726
-0.95173846
-0.982576634
-0.998082028
-0.998012686
-0.98236969
-0.951397143
-0.905578362
-0.845628334
-0.772482558
-0.68728245
-0.59135753
-0.486204673
-0.373464755
-0.254897044
-0.13235175
-0.007741151
0.116990245
0.239896048
0.359058354
0.472617674
0.578801953
0.675954222
0.76255845
0.83726321
0.898902757
0.946515227
0.979357643
0.996917511
0.998920815
0.985336293
0.956375928
0.912491637
0.854368219
0.78291267
0.699240032
0.604655986
0.500636486
0.388804721
0.270905788
0.148779461
0.024331481
-0.100496184
-0.22375564
-0.343523464
-0.457930719
-0.565192119
-0.663633884
-0.751719865
-0.828075508
-0.891509311
-0.941031408
-0.975869026
-0.995478533
-0.999553931
-0.988031624
-0.961091414
-0.919153694
-0.862872888
-0.793127239
-0.711005105
-0.617787974
-0.514930469
-0.404037645
-0.28683995
-0.165166212
-0.040915112
0.083974456
0.20755363
0.327893999
0.443117692
0.551426681
0.651130842
0.740674323
0.81865983
0.883870424
0.935288515
0.972111742
0.99376549
0.99991186
0.99045494
0.965542302
0.925562699
0.87114
0.803123453
0.722574432
0.63074988
0.529082686
0.419159334
0.302695141
0.181507491
0.057487478
-0.067429608
-0.191294478
-0.312174261
-0.428182669
-0.537509431
-0.638448537
-0.729424867
-0.809018766
-0.875988198
-0.929288127
-0.968086826
-0.991778853
-0.999994504
-0.992605574
-0.969727367
-0.931716888
-0.879167279
-0.812898558
-0.733944828
-0.643538133
-0.543089242
-0.434165624
-0.318466997
-0.1977988
-0.074044018
0
0.124674733
0.247403959
0.366272529
0.479425539
0.585097273
0.68163876
0.767543502
0.841470985
0.902267594
0.948984619
0.980893057
0.997494987
0.998531341
0.983985947
0.954085782
0.909297427
0.85031979
0.778073197
0.693685032
0.598472144
0.493920299
0.381660992
0.263445993
0.141120008
0.016591892
-0.108195135
-0.231293812
-0.350783228
-0.464798788
-0.571561319
-0.669404826
-0.756802495
-0.832390515
-0.894989358
-0.943622192
-0.977530118
-0.996184012
-0.999292789
-0.986807936
-0.958924275
-0.916076921
-0.858934493
-0.78838868
-0.705540326
-0.61168225
-0.508279077
-0.39694438
-0.279415498
-0.157526431
-0.033179217
0.091685748
0.215119988
0.335197352
0.450044074
0.557868008
0.656986599
0.745853133
0.823080879
0.887464723
0.937999977
0.973898055
0.994598779
0.999779122
0.989358247
0.963498766
0.92260421
0.867312724
0.798487113
0.717201377
0.624723954
0.522497922
0.412118485
0.295308077
0.173889485
0.049757406
-0.07515112
-0.198886939
-0.319519194
-0.435165458
-0.544021111
-0.644387496
-0.73469843
-0.813544641
-0.87969576
-0.932119521
-0.969997868
-0.992739723
-0.999990207
-0.991636177
-0.967807998
-0.928877497
-0.875452175
-0.808365714
-0.728664976
-0.637593665
-0.536572918
-0.42717913
-0.311119355
-0.190204666
-0.066321897
0.058595803
0.182599135
0.303753068
0.420167037
0.530024439
0.631610988
0.723341458
0.803784427
0.871684608
0.925982443
0.965830631
0.990607356
0.999925984
0.993641101
0.971850782
0.934895056
0.883350605
0.818021763
0.739927966
0.65028784
0.55050019
0.442122169
0.326844979
0.206467482
0.082868129
-0.042024353
-0.166261059
-0.287903317
-0.40505294
-0.515881847
-0.61866059
-0.711785342
-0.793802922
-0.863433473
-0.919590433
-0.961397492
-0.988202265
-0.999586471
-0.995372466
-0.975626005
-0.940655228
-0.89100584
-0.827452604
-0.750987247
-0.662802985
-0.564275904
-0.456943486
-0.342480618
-0.222673455
-0.099391547
0.025441333
0.14987721
0.271974302
0.389827327
0.501597227
0.60553987
0.700033265
0.783602876
0.854944626
0.912945251
0.95669967
0.985525112
0.998971763
0.996829794
0.97913263
0.946156428
0.898415772
0.836655639
0.761839773
0.675135653
0.577896267
0.471639003
0.35802197
0.238818124
0.115887601
-0.008851309
-0.133452098
-0.255970411
-0.374494392
-0.487174512
-0.592252438
-0.688088462
-0.773187096
-0.846220404
-0.906048726
-0.95173846
-0.982576634
-0.998082028
-0.998012686
-0.98236969
-0.951397143
-0.905578362
-0.845628334
-0.772482558
-0.68728245
-0.59135753
-0.486204673
-0.373464755
-0.254897044
-0.13235175
-0.007741151
0.116990245
0.239896048
0.359058354
0.472617674
0.578801953
0.675954222
0.76255845
0.83726321
0.898902757
0.946515227
0.979357643
0.996917511
0.998920815
0.985336293
0.956375928
0.912491637
0.854368219
0.78291267
0.699240032
0.604655986
0.500636486
0.388804721
0.270905788
0.148779461
0.024331481
-0.100496184
-0.22375564
-0.343523464
-0.457930719
-0.565192119
-0.663633884
-0.751719865
-0.828075508
-0.891509311
-0.941031408
-0.975869026
-0.995478533
-0.999553931
-0.988031624
-0.961091414
-0.919153694
-0.862872888
-0.793127239
-0.711005105
-0.617787974
-0.514930469
-0.404037645
-0.28683995
-0.165166212
-0.040915112
0.083974456
0.20755363
0.327893999
0.443117692
0.551426681
0.651130842
0.740674323
0.81865983
0.883870424
0.935288515
0.972111742
0.99376549
0.99991186
0.99045494
0.965542302
0.925562699
0.87114
0.803123453
0.722574432
0.63074988
0.529082686
0.419159334
0.302695141
0.181507491
0.057487478
-0.067429608
-0.191294478
-0.312174261
-0.428182669
-0.537509431
-0.638448537
-0.729424867
-0.809018766
-0.875988198
-0.929288127
-0.968086826
-0.991778853
-0.999994504
-0.992605574
-0.969727367
-0.931716888
-0.879167279
-0.812898558
-0.733944828
-0.643538133
-0.543089242
-0.434165624
-0.318466997
-0.1977988
-0.074044018
0
0.124674733
0.247403959
0.366272529
0.479425539
0.585097273
0.68163876
0.767543502
0.841470985
0.902267594
0.948984619
0.980893057
0.997494987
0.998531341
0.983985947
0.954085782
0.909297427
0.85031979
0.778073197
0.693685032
0.598472144
0.493920299
0.381660992
0.263445993
0.141120008
0.016591892
-0.108195135
-0.231293812
-0.350783228
-0.464798788
-0.571561319
-0.669404826
-0.756802495
-0.832390515
-0.894989358
-0.943622192
-0.977530118
-0.996184012
-0.999292789
-0.986807936
-0.958924275
-0.916076921
-0.858934493
-0.78838868
-0.705540326
-0.61168225
-0.508279077
-0.39694438
-0.279415498
-0.157526431
-0.033179217
0.091685748
0.215119988
0.335197352
0.450044074
0.557868008
0.656986599
0.745853133
0.823080879
0.887464723
0.937999977
0.973898055
0.994598779
0.999779122
0.989358247
0.963498766
0.92260421
0.867312724
0.798487113
0.717201377
0.624723954
0.522497922
0.412118485
0.295308077
0.173889485
0.049757406
-0.07515112
-0.198886939
-0.319519194
-0.435165458
-0.544021111
-0.644387496
-0.73469843
-0.813544641
-0.87969576
-0.932119521
-0.969997868
-0.992739723
-0.999990207
-0.991636177
-0.967807998
-0.928877497
-0.875452175
-0.808365714
-0.728664976
-0.637593665
-0.536572918
-0.42717913
-0.311119355
-0.190204666
-0.066321897
0.058595803
0.182599135
0.303753068
0.420167037
0.530024439
0.631610988
0.723341458
0.803784427
0.871684608
0.925982443
0.965830631
0.990607356
0.999925984
0.993641101
0.971850782
0.934895056
0.883350605
0.818021763
0.739927966
0.65028784
0.55050019
0.442122169
0.326844979
0.206467482
0.082868129
-0.042024353
-0.166261059
-0.287903317
-0.40505294
-0.515881847
-0.61866059
-0.711785342
-0.793802922
-0.863433473
-0.919590433
-0.961397492
-0.988202265
-0.999586471
-0.995372466
-0.975626005
-0.940655228
-0.89100584
-0.827452604
-0.750987247
-0.662802985
-0.564275904
-0.456943486
-0.342480618
-0.222673455
-0.099391547
0.025441333
0.14987721
0.271974302
0.389827327
0.501597227
0.60553987
0.700033265
0.783602876
0.854944626
0.912945251
0.95669967
0.985525112
0.998971763
0.996829794
0.97913263
0.946156428
0.898415772
0.836655639
0.761839773
0.675135653
0.577896267
0.471639003
0.35802197
0.238818124
0.115887601
-0.008851309
-0.133452098
-0.255970411
-0.374494392
-0.487174512
-0.592252438
-0.688088462
-0.773187096
-0.846220404
-0.906048726
-0.95173846
-0.982576634
-0.998082028
-0.998012686
-0.98236969
-0.951397143
-0.905578362
-0.845628334
-0.772482558
-0.68728245
-0.59135753
-0.486204673
-0.373464755
-0.254897044
-0.13235175
-0.007741151
0.116990245
0.239896048
0.359058354
0.472617674
0.578801953
0.675954222
0.76255845
0.83726321
0.898902757
0.946515227
0.979357643
0.996917511
0.998920815
0.985336293
0.956375928
0.912491637
0.854368219
0.78291267
0.699240032
0.604655986
0.500636486
0.388804721
0.270905788
0.148779461
0.024331481
-0.100496184
-0.22375564
-0.343523464
-0.457930719
-0.565192119
-0.663633884
-0.751719865
-0.828075508
-0.891509311
-0.941031408
-0.975869026
-0.995478533
-0.999553931
-0.988031624
-0.961091414
-0.919153694
-0.862872888
-0.793127239
-0.711005105
-0.617787974
-0.514930469
-0.404037645
-0.28683995
-0.165166212
-0.040915112
0.083974456
0.20755363
0.327893999
0.443117692
0.551426681
0.651130842
0.740674323
0.81865983
0.883870424
0.935288515
0.972111742
0.99376549
0.99991186
0.99045494
0.965542302
0.925562699
0.87114
0.803123453
0.722574432
0.63074988
0.529082686
0.419159334
0.302695141
0.181507491
0.057487478
-0.067429608
-0.191294478
-0.312174261
-0.428182669
-0.537509431
-0.638448537
-0.729424867
-0.809018766
-0.875988198
-0.929288127
-0.968086826
-0.991778853
-0.999994504
-0.992605574
-0.969727367
-0.931716888
-0.879167279
-0.812898558
-0.733944828
-0.643538133
-0.543089242
-0.434165624
-0.318466997
-0.1977988
-0.074044018
0
0.124674733
0.247403959
0.366272529
0.479425539
0.585097273
0.68163876
0.767543502
0.841470985
0.902267594
0.948984619
0.980893057
0.997494987
0.998531341
0.983985947
0.954085782
0.909297427
0.85031979
0.778073197
0.693685032
0.598472144
0.493920299
0.381660992
0.263445993
0.141120008
0.016591892
-0.108195135
-0.231293812
-0.350783228
-0.464798788
-0.571561319
-0.669404826
-0.756802495
-0.832390515
-0.894989358
-0.943622192
-0.977530118
-0.996184012
-0.999292789
-0.986807936
-0.958924275
-0.916076921
-0.858934493
-0.78838868
-0.705540326
-0.61168225
-0.508279077
-0.39694438
-0.279415498
-0.157526431
-0.033179217
0.091685748
0.215119988
0.335197352
0.450044074
0.557868008
0.656986599
0.745853133
0.823080879
0.887464723
0.937999977
0.973898055
0.994598779
0.999779122
0.989358247
0.963498766
0.92260421
0.867312724
0.798487113
0.717201377
0.624723954
0.522497922
0.412118485
0.295308077
0.173889485
0.049757406
-0.07515112
-0.198886939
-0.319519194
-0.435165458
-0.544021111
-0.644387496
-0.73469843
-0.813544641
-0.87969576
-0.932119521
-0.969997868
-0.992739723
-0.999990207
-0.991636177
-0.967807998
-0.928877497
-0.875452175
-0.808365714
-0.728664976
-0.637593665
-0.536572918
-0.42717913
-0.311119355
-0.190204666
-0.066321897
0.058595803
0.182599135
0.303753068
0.420167037
0.530024439
0.631610988
0.723341458
0.803784427
0.871684608
0.925982443
0.965830631
0.990607356
0.999925984
0.993641101
0.971850782
0.934895056
0.883350605
0.818021763
0.739927966
0.65028784
0.55050019
0.442122169
0.326844979
0.206467482
0.082868129
-0.042024353
-0.166261059
-0.287903317
-0.40505294
-0.515881847
-0.61866059
-0.711785342
-0.793802922
-0.863433473
-0.919590433
-0.961397492
-0.988202265
-0.999586471
-0.995372466
-0.975626005
-0.940655228
-0.89100584
-0.827452604
-0.750987247
-0.662802985
-0.564275904
-0.456943486
-0.342480618
-0.222673455
-0.099391547
0.025441333
0.14987721
0.271974302
0.389827327
0.501597227
0.60553987
0.700033265
0.783602876
0.854944626
0.912945251
0.95669967
0.985525112
0.998971763
0.996829794
0.97913263
0.946156428
0.898415772
0.836655639
0.761839773
0.675135653
0.577896267
0.471639003
0.35802197
0.238818124
0.115887601
-0.008851309
-0.133452098
-0.255970411
-0.374494392
-0.487174512
-0.592252438
-0.688088462
-0.773187096
-0.846220404
-0.906048726
-0.95173846
-0.982576634
-0.998082028
-0.998012686
-0.98236969
-0.951397143
-0.905578362
-0.845628334
-0.772482558
-0.68728245
-0.59135753
-0.486204673
-0.373464755
-0.254897044
-0.13235175
-0.007741151
0.116990245
0.239896048
0.359058354
0.472617674
0.578801953
0.675954222
0.76255845
0.83726321
0.898902757
0.946515227
0.979357643
0.996917511
0.998920815
0.985336293
0.956375928
0.912491637
0.854368219
0.78291267
0.699240032
0.604655986
0.500636486
0.388804721
0.270905788
0.148779461
0.024331481
-0.100496184
-0.22375564
-0.343523464
-0.457930719
-0.565192119
-0.663633884
-0.751719865
-0.828075508
-0.891509311
-0.941031408
-0.975869026
-0.995478533
-0.999553931
-0.988031624
-0.961091414
-0.919153694
-0.862872888
-0.793127239
-0.711005105
-0.617787974
-0.514930469
-0.404037645
-0.28683995
-0.165166212
-0.040915112
0.083974456
0.20755363
0.327893999
0.443117692
0.551426681
0.651130842
0.740674323
0.81865983
0.883870424
0.935288515
0.972111742
0.99376549
0.99991186
0.99045494
0.965542302
0.925562699
0.87114
0.803123453
0.722574432
0.63074988
0.529082686
0.419159334
0.302695141
0.181507491
0.057487478
-0.067429608
-0.191294478
-0.312174261
-0.428182669
-0.537509431
-0.638448537
-0.729424867
-0.809018766
-0.875988198
-0.929288127
-0.968086826
-0.991778853
-0.999994504
-0.992605574
-0.969727367
-0.931716888
-0.879167279
-0.812898558
-0.733944828
-0.643538133
-0.543089242
-0.434165624
-0.318466997
-0.1977988
-0.074044018
