0
9881
-18842
26048
-30830
32741
-31604
27524
-20882
12296
-2565
-7405
16685
-24412
29866
-32540
32184
-28831
22795
-14636
5114
4884
-14427
22626
-28720
32139
-32566
29962
-24567
16886
-7632
-2332
12079
-20702
27397
-31541
32749
-30908
26189
-19032
10103
-233
-9658
18650
-25906
30750
-32731
31665
-27650
21062
-12512
2798
7177
-16484
24256
-29770
32512
-32227
28942
-22962
14844
-5345
-4653
14217
-22457
28607
-32093
32591
-30055
24721
-17085
7859
2099
-11862
20520
-27268
31477
-32756
30985
-26329
19222
-10325
467
9435
-18458
25762
-30668
32719
-31724
27775
-21240
12727
-3030
-6949
16282
-24098
29671
-32482
32268
-29050
23128
-15052
5575
4421
-14006
22287
-28492
32045
-32615
30148
-24874
17284
-8085
-1866
11644
-20338
27138
-31412
32761
-31060
26467
-19410
10546
-700
-9211
18264
-25617
30586
-32706
31781
-27898
21417
-12942
3262
6721
-16079
23940
-29572
32450
-32308
29158
-23293
15259
-5805
-4190
13795
-22115
28376
-31996
32636
-30238
25025
-17482
8311
1633
-11426
20154
-27007
31345
-32764
31133
-26604
19598
-10767
934
8987
-18070
25471
-30501
32691
-31837
28020
-21593
13156
-3495
-6492
15875
-23780
29470
-32417
32346
-29263
23456
-15465
6034
3958
-13583
21942
-28259
31944
-32656
30327
-25175
17679
-8537
-1400
11207
-19970
26874
-31276
32766
-31205
26740
-19784
10987
-1167
-8762
17875
-25324
30415
-32674
31892
-28140
21768
-13370
3727
6264
-15670
23618
-29368
32382
-32382
29368
-23618
15670
-6264
-3727
13370
-21768
28140
-31892
32674
-30415
25324
-17875
8762
1167
-10987
19784
-26740
31205
-32766
31276
-26874
19970
-11207
1400
8537
-17679
25175
-30327
32656
-31944
28259
-21942
13583
-3958
-6034
15465
-23456
29263
-32346
32417
-29470
23780
-15875
6492
3495
-13156
21593
-28020
31837
-32691
30501
-25471
18070
-8987
-934
10767
-19598
26604
-31133
32764
-31345
27007
-20154
11426
-1633
-8311
17482
-25025
30238
-32636
31996
-28376
22115
-13795
4190
5805
-15259
23293
-29158
32308
-32450
29572
-23940
16079
-6721
-3262
12942
-21417
27898
-31781
32706
-30586
25617
-18264
9211
700
-10546
19410
-26467
31060
-32761
31412
-27138
20338
-11644
1866
8085
-17284
24874
-30148
32615
-32045
28492
-22287
14006
-4421
-5575
15052
-23128
29050
-32268
32482
-29671
24098
-16282
6949
3030
-12727
21240
-27775
31724
-32719
30668
-25762
18458
-9435
-467
10325
-19222
26329
-30985
32756
-31477
27268
-20520
11862
-2099
-7859
17085
-24721
30055
-32591
32093
-28607
22457
-14217
4653
5345
-14844
22962
-28942
32227
-32512
29770
-24256
16484
-7177
-2798
12512
-21062
27650
-31665
32731
-30750
25906
-18650
9658
233
-10103
19032
-26189
30908
-32749
31541
-27397
20702
-12079
2332
7632
-16886
24567
-29962
32566
-32139
28720
-22626
14427
-4884
-5114
14636
-22795
28831
-32184
32540
-29866
24412
-16685
7405
2565
-12296
20882
-27524
31604
-32741
30830
-26048
18842
-9881
0
9881
-18842
26048
-30830
32741
-31604
27524
-20882
12296
-2565
-7405
16685
-24412
29866
-32540
32184
-28831
22795
-14636
5114
4884
-14427
22626
-28720
32139
-32566
29962
-24567
16886
-7632
-2332
12079
-20702
27397
-31541
32749
-30908
26189
-19032
10103
-233
-9658
18650
-25906
30750
-32731
31665
-27650
21062
-12512
2798
7177
-16484
24256
-29770
32512
-32227
28942
-22962
14844
-5345
-4653
14217
-22457
28607
-32093
32591
-30055
24721
-17085
7859
2099
-11862
20520
-27268
31477
-32756
30985
-26329
19222
-10325
467
9435
-18458
25762
-30668
32719
-31724
27775
-21240
12727
-3030
-6949
16282
-24098
29671
-32482
32268
-29050
23128
-15052
5575
4421
-14006
22287
-28492
32045
-32615
30148
-24874
17284
-8085
-1866
11644
-20338
27138
-31412
32761
-31060
26467
-19410
10546
-700
-9211
18264
-25617
30586
-32706
31781
-27898
21417
-12942
3262
6721
-16079
23940
-29572
32450
-32308
29158
-23293
15259
-5805
-4190
13795
-22115
28376
-31996
32636
-30238
25025
-17482
8311
1633
-11426
20154
-27007
31345
-32764
31133
-26604
19598
-10767
934
8987
-18070
25471
-30501
32691
-31837
28020
-21593
13156
-3495
-6492
15875
-23780
29470
-32417
32346
-29263
23456
-15465
6034
3958
-13583
21942
-28259
31944
-32656
30327
-25175
17679
-8537
-1400
11207
-19970
26874
-31276
32766
-31205
26740
-19784
10987
-1167
-8762
17875
-25324
30415
-32674
31892
-28140
21768
-13370
3727
6264
-15670
23618
-29368
32382
-32382
29368
-23618
15670
-6264
-3727
13370
-21768
28140
-31892
32674
-30415
25324
-17875
8762
1167
-10987
19784
-26740
31205
-32766
31276
-26874
19970
-11207
1400
8537
-17679
25175
-30327
32656
-31944
28259
-21942
13583
-3958
-6034
15465
-23456
29263
-32346
32417
-29470
23780
-15875
6492
3495
-13156
21593
-28020
31837
-32691
30501
-25471
18070
-8987
-934
10767
-19598
26604
-31133
32764
-31345
27007
-20154
11426
-1633
-8311
17482
-25025
30238
-32636
31996
-28376
22115
-13795
4190
5805
-15259
23293
-29158
32308
-32450
29572
-23940
16079
-6721
-3262
12942
-21417
27898
-31781
32706
-30586
25617
-18264
9211
700
-10546
19410
-26467
31060
-32761
31412
-27138
20338
-11644
1866
8085
-17284
24874
-30148
32615
-32045
28492
-22287
14006
-4421
-5575
15052
-23128
29050
-32268
32482
-29671
24098
-16282
6949
3030
-12727
21240
-27775
31724
-32719
30668
-25762
18458
-9435
-467
10325
-19222
26329
-30985
32756
-31477
27268
-20520
11862
-2099
-7859
17085
-24721
30055
-32591
32093
-28607
22457
-14217
4653
5345
-14844
22962
-28942
32227
-32512
29770
-24256
16484
-7177
-2798
12512
-21062
27650
-31665
32731
-30750
25906
-18650
9658
233
-10103
19032
-26189
30908
-32749
31541
-27397
20702
-12079
2332
7632
-16886
24567
-29962
32566
-32139
28720
-22626
14427
-4884
-5114
14636
-22795
28831
-32184
32540
-29866
24412
-16685
7405
2565
-12296
20882
-27524
31604
-32741
30830
-26048
18842
-9881
0
9881
-18842
26048
-30830
32741
-31604
27524
-20882
12296
-2565
-7405
16685
-24412
29866
-32540
32184
-28831
22795
-14636
5114
4884
-14427
22626
-28720
32139
-32566
29962
-24567
16886
-7632
-2332
12079
-20702
27397
-31541
32749
-30908
26189
-19032
10103
-233
-9658
18650
-25906
30750
-32731
31665
-27650
21062
-12512
2798
7177
-16484
24256
-29770
32512
-32227
28942
-22962
14844
-5345
-4653
14217
-22457
28607
-32093
32591
-30055
24721
-17085
7859
2099
-11862
20520
-27268
31477
-32756
30985
-26329
19222
-10325
467
9435
-18458
25762
-30668
32719
-31724
27775
-21240
12727
-3030
-6949
16282
-24098
29671
-32482
32268
-29050
23128
-15052
5575
4421
-14006
22287
-28492
32045
-32615
30148
-24874
17284
-8085
-1866
11644
-20338
27138
-31412
32761
-31060
26467
-19410
10546
-700
-9211
18264
-25617
30586
-32706
31781
-27898
21417
-12942
3262
6721
-16079
23940
-29572
32450
-32308
29158
-23293
15259
-5805
-4190
13795
-22115
28376
-31996
32636
-30238
25025
-17482
8311
1633
-11426
20154
-27007
31345
-32764
31133
-26604
19598
-10767
934
8987
-18070
25471
-30501
32691
-31837
28020
-21593
13156
-3495
-6492
15875
-23780
29470
-32417
32346
-29263
23456
-15465
6034
3958
-13583
21942
-28259
31944
-32656
30327
-25175
17679
-8537
-1400
11207
-19970
26874
-31276
32766
-31205
26740
-19784
10987
-1167
-8762
17875
-25324
30415
-32674
31892
-28140
21768
-13370
3727
6264
-15670
23618
-29368
32382
-32382
29368
-23618
15670
-6264
-3727
13370
-21768
28140
-31892
32674
-30415
25324
-17875
8762
1167
-10987
19784
-26740
31205
-32766
31276
-26874
19970
-11207
1400
8537
-17679
25175
-30327
32656
-31944
28259
-21942
13583
-3958
-6034
15465
-23456
29263
-32346
32417
-29470
23780
-15875
6492
3495
-13156
21593
-28020
31837
-32691
30501
-25471
18070
-8987
-934
10767
-19598
26604
-31133
32764
-31345
27007
-20154
11426
-1633
-8311
17482
-25025
30238
-32636
31996
-28376
22115
-13795
4190
5805
-15259
23293
-29158
32308
-32450
29572
-23940
16079
-6721
-3262
12942
-21417
27898
-31781
32706
-30586
25617
-18264
9211
700
-10546
19410
-26467
31060
-32761
31412
-27138
20338
-11644
1866
8085
-17284
24874
-30148
32615
-32045
28492
-22287
14006
-4421
-5575
15052
-23128
29050
-32268
32482
-29671
24098
-16282
6949
3030
-12727
21240
-27775
31724
-32719
30668
-25762
18458
-9435
-467
10325
-19222
26329
-30985
32756
-31477
27268
-20520
11862
-2099
-7859
17085
-24721
30055
-32591
32093
-28607
22457
-14217
4653
5345
-14844
22962
-28942
32227
-32512
29770
-24256
16484
-7177
-2798
12512
-21062
27650
-31665
32731
-30750
25906
-18650
9658
233
-10103
19032
-26189
30908
-32749
31541
-27397
20702
-12079
2332
7632
-16886
24567
-29962
32566
-32139
28720
-22626
14427
-4884
-5114
14636
-22795
28831
-32184
32540
-29866
24412
-16685
7405
2565
-12296
20882
-27524
31604
-32741
30830
-26048
18842
-9881
0
9881
-18842
26048
-30830
32741
-31604
27524
-20882
12296
-2565
-7405
16685
-24412
29866
-32540
32184
-28831
22795
-14636
5114
4884
-14427
22626
-28720
32139
-32566
29962
-24567
16886
-7632
-2332
12079
-20702
27397
-31541
32749
-30908
26189
-19032
10103
-233
-9658
18650
-25906
30750
-32731
31665
-27650
21062
-12512
2798
7177
-16484
24256
-29770
32512
-32227
28942
-22962
14844
-5345
-4653
14217
-22457
28607
-32093
32591
-30055
24721
-17085
7859
2099
-11862
20520
-27268
31477
-32756
30985
-26329
19222
-10325
467
9435
-18458
25762
-30668
32719
-31724
27775
-21240
12727
-3030
-6949
16282
-24098
29671
-32482
32268
-29050
23128
-15052
5575
4421
-14006
22287
-28492
32045
-32615
30148
-24874
17284
-8085
-1866
11644
-20338
27138
-31412
32761
-31060
26467
-19410
10546
-700
-9211
18264
-25617
30586
-32706
31781
-27898
21417
-12942
3262
6721
-16079
23940
-29572
32450
-32308
29158
-23293
15259
-5805
-4190
13795
-22115
28376
-31996
32636
-30238
25025
-17482
8311
1633
-11426
20154
-27007
31345
-32764
31133
-26604
19598
-10767
934
8987
-18070
25471
-30501
32691
-31837
28020
-21593
13156
-3495
-6492
15875
-23780
29470
-32417
32346
-29263
23456
-15465
6034
3958
-13583
21942
-28259
31944
-32656
30327
-25175
17679
-8537
-1400
11207
-19970
26874
-31276
32766
-31205
26740
-19784
10987
-1167
-8762
17875
-25324
30415
-32674
31892
-28140
21768
-13370
3727
6264
-15670
23618
-29368
32382
-32382
29368
-23618
15670
-6264
-3727
13370
-21768
28140
-31892
32674
-30415
25324
-17875
8762
1167
-10987
19784
-26740
31205
-32766
31276
-26874
19970
-11207
1400
8537
-17679
25175
-30327
32656
-31944
28259
-21942
13583
-3958
-6034
15465
-23456
29263
-32346
32417
-29470
23780
-15875
6492
3495
-13156
21593
-28020
31837
-32691
30501
-25471
18070
-8987
-934
10767
-19598
26604
-31133
32764
-31345
27007
-20154
11426
-1633
-8311
17482
-25025
30238
-32636
31996
-28376
22115
-13795
4190
5805
-15259
23293
-29158
32308
-32450
29572
-23940
16079
-6721
-3262
12942
-21417
27898
-31781
32706
-30586
25617
-18264
9211
700
-10546
19410
-26467
31060
-32761
31412
-27138
20338
-11644
1866
8085
-17284
24874
-30148
32615
-32045
28492
-22287
14006
-4421
-5575
15052
-23128
29050
-32268
32482
-29671
24098
-16282
6949
3030
-12727
21240
-27775
31724
-32719
30668
-25762
18458
-9435
-467
10325
-19222
26329
-30985
32756
-31477
27268
-20520
11862
-2099
-7859
17085
-24721
30055
-32591
32093
-28607
22457
-14217
4653
5345
-14844
22962
-28942
32227
-32512
29770
-24256
16484
-7177
-2798
12512
-21062
27650
-31665
32731
-30750
25906
-18650
9658
233
-10103
19032
-26189
30908
-32749
31541
-27397
20702
-12079
2332
7632
-16886
24567
-29962
32566
-32139
28720
-22626
14427
-4884
-5114
14636
-22795
28831
-32184
32540
-29866
24412
-16685
7405
2565
-12296
20882
-27524
31604
-32741
30830
-26048
18842
-9881
0
9881
-18842
26048
-30830
32741
-31604
27524
-20882
12296
-2565
-7405
16685
-24412
29866
-32540
32184
-28831
22795
-14636
5114
4884
-14427
22626
-28720
32139
-32566
29962
-24567
16886
-7632
-2332
12079
-20702
27397
-31541
32749
-30908
26189
-19032
10103
-233
-9658
18650
-25906
30750
-32731
31665
-27650
21062
-12512
2798
7177
-16484
24256
-29770
32512
-32227
28942
-22962
14844
-5345
-4653
14217
-22457
28607
-32093
32591
-30055
24721
-17085
7859
2099
-11862
20520
-27268
31477
-32756
30985
-26329
19222
-10325
467
9435
-18458
25762
-30668
32719
-31724
27775
-21240
12727
-3030
-6949
16282
-24098
29671
-32482
32268
-29050
23128
-15052
5575
4421
-14006
22287
-28492
32045
-32615
30148
-24874
17284
-8085
-1866
11644
-20338
27138
-31412
32761
-31060
26467
-19410
10546
-700
-9211
18264
-25617
30586
-32706
31781
-27898
21417
-12942
3262
6721
-16079
23940
-29572
32450
-32308
29158
-23293
15259
-5805
-4190
13795
-22115
28376
-31996
32636
-30238
25025
-17482
8311
1633
-11426
20154
-27007
31345
-32764
31133
-26604
19598
-10767
934
8987
-18070
25471
-30501
32691
-31837
28020
-21593
13156
-3495
-6492
15875
-23780
29470
-32417
32346
-29263
23456
-15465
6034
3958
-13583
21942
-28259
31944
-32656
30327
-25175
17679
-8537
-1400
11207
-19970
26874
-31276
32766
-31205
26740
-19784
10987
-1167
-8762
17875
-25324
30415
-32674
31892
-28140
21768
-13370
3727
6264
-15670
23618
-29368
32382
-32382
29368
-23618
15670
-6264
-3727
13370
-21768
28140
-31892
32674
-30415
25324
-17875
8762
1167
-10987
19784
-26740
31205
-32766
31276
-26874
19970
-11207
1400
8537
-17679
25175
-30327
32656
-31944
28259
-21942
13583
-3958
-6034
15465
-23456
29263
-32346
32417
-29470
23780
-15875
6492
3495
-13156
21593
-28020
31837
-32691
30501
-25471
18070
-8987
-934
10767
-19598
26604
-31133
32764
-31345
27007
-20154
11426
-1633
-8311
17482
-25025
30238
-32636
31996
-28376
22115
-13795
4190
5805
-15259
23293
-29158
32308
-32450
29572
-23940
16079
-6721
-3262
12942
-21417
27898
-31781
32706
-30586
25617
-18264
9211
700
-10546
19410
-26467
31060
-32761
31412
-27138
20338
-11644
1866
8085
-17284
24874
-30148
32615
-32045
28492
-22287
14006
-4421
-5575
15052
-23128
29050
-32268
32482
-29671
24098
-16282
6949
3030
-12727
21240
-27775
31724
-32719
30668
-25762
18458
-9435
-467
10325
-19222
26329
-30985
32756
-31477
27268
-20520
11862
-2099
-7859
17085
-24721
30055
-32591
32093
-28607
22457
-14217
4653
5345
-14844
22962
-28942
32227
-32512
29770
-24256
16484
-7177
-2798
12512
-21062
27650
-31665
32731
-30750
25906
-18650
9658
233
-10103
19032
-26189
30908
-32749
31541
-27397
20702
-12079
2332
7632
-16886
24567
-29962
32566
-32139
28720
-22626
14427
-4884
-5114
14636
-22795
28831
-32184
32540
-29866
24412
-16685
7405
2565
-12296
20882
-27524
31604
-32741
30830
-26048
18842
-9881
0
9881
-18842
26048
-30830
32741
-31604
27524
-20882
12296
-2565
-7405
16685
-24412
29866
-32540
32184
-28831
22795
-14636
5114
4884
-14427
22626
-28720
32139
-32566
29962
-24567
16886
-7632
-2332
12079
-20702
27397
-31541
32749
-30908
26189
-19032
10103
-233
-9658
18650
-25906
30750
-32731
31665
-27650
21062
-12512
2798
7177
-16484
24256
-29770
32512
-32227
28942
-22962
14844
-5345
-4653
14217
-22457
28607
-32093
32591
-30055
24721
-17085
7859
2099
-11862
20520
-27268
31477
-32756
30985
-26329
19222
-10325
467
9435
-18458
25762
-30668
32719
-31724
27775
-21240
12727
-3030
-6949
16282
-24098
29671
-32482
32268
-29050
23128
-15052
5575
4421
-14006
22287
-28492
32045
-32615
30148
-24874
17284
-8085
-1866
11644
-20338
27138
-31412
32761
-31060
26467
-19410
10546
-700
-9211
18264
-25617
30586
-32706
31781
-27898
21417
-12942
3262
6721
-16079
23940
-29572
32450
-32308
29158
-23293
15259
-5805
-4190
13795
-22115
28376
-31996
32636
-30238
25025
-17482
8311
1633
-11426
20154
-27007
31345
-32764
31133
-26604
19598
-10767
934
8987
-18070
25471
-30501
32691
-31837
28020
-21593
13156
-3495
-6492
15875
-23780
29470
-32417
32346
-29263
23456
-15465
6034
3958
-13583
21942
-28259
31944
-32656
30327
-25175
17679
-8537
-1400
11207
-19970
26874
-31276
32766
-31205
26740
-19784
10987
-1167
-8762
17875
-25324
30415
-32674
31892
-28140
21768
-13370
3727
6264
-15670
23618
-29368
32382
-32382
29368
-23618
15670
-6264
-3727
13370
-21768
28140
-31892
32674
-30415
25324
-17875
8762
1167
-10987
19784
-26740
31205
-32766
31276
-26874
19970
-11207
1400
8537
-17679
25175
-30327
32656
-31944
28259
-21942
13583
-3958
-6034
15465
-23456
29263
-32346
32417
-29470
23780
-15875
6492
3495
-13156
21593
-28020
31837
-32691
30501
-25471
18070
-8987
-934
10767
-19598
26604
-31133
32764
-31345
27007
-20154
11426
-1633
-8311
17482
-25025
30238
-32636
31996
-28376
22115
-13795
4190
5805
-15259
23293
-29158
32308
-32450
29572
-23940
16079
-6721
-3262
12942
-21417
27898
-31781
32706
-30586
25617
-18264
9211
700
-10546
19410
-26467
31060
-32761
31412
-27138
20338
-11644
1866
8085
-17284
24874
-30148
32615
-32045
28492
-22287
14006
-4421
-5575
15052
-23128
29050
-32268
32482
-29671
24098
-16282
6949
3030
-12727
21240
-27775
31724
-32719
30668
-25762
18458
-9435
-467
10325
-19222
26329
-30985
32756
-31477
27268
-20520
11862
-2099
-7859
17085
-24721
30055
-32591
32093
-28607
22457
-14217
4653
5345
-14844
22962
-28942
32227
-32512
29770
-24256
16484
-7177
-2798
12512
-21062
27650
-31665
32731
-30750
25906
-18650
9658
233
-10103
19032
-26189
30908
-32749
31541
-27397
20702
-12079
2332
7632
-16886
24567
-29962
32566
-32139
28720
-22626
14427
-4884
-5114
14636
-22795
28831
-32184
32540
-29866
24412
-16685
7405
2565
-12296
20882
-27524
31604
-32741
30830
-26048
18842
-9881
0
9881
-18842
26048
-30830
32741
-31604
27524
-20882
12296
-2565
-7405
16685
-24412
29866
-32540
32184
-28831
22795
-14636
5114
4884
-14427
22626
-28720
32139
-32566
29962
-24567
16886
-7632
-2332
12079
-20702
27397
-31541
32749
-30908
26189
-19032
10103
-233
-9658
18650
-25906
30750
-32731
31665
-27650
21062
-12512
2798
7177
-16484
24256
-29770
32512
-32227
28942
-22962
14844
-5345
-4653
14217
-22457
28607
-32093
32591
-30055
24721
-17085
7859
2099
-11862
20520
-27268
31477
-32756
30985
-26329
19222
-10325
467
9435
-18458
25762
-30668
32719
-31724
27775
-21240
12727
-3030
-6949
16282
-24098
29671
-32482
32268
-29050
23128
-15052
5575
4421
-14006
22287
-28492
32045
-32615
30148
-24874
17284
-8085
-1866
11644
-20338
27138
-31412
32761
-31060
26467
-19410
10546
-700
-9211
18264
-25617
30586
-32706
31781
-27898
21417
-12942
3262
6721
-16079
23940
-29572
32450
-32308
29158
-23293
15259
-5805
-4190
13795
-22115
28376
-31996
32636
-30238
25025
-17482
8311
1633
-11426
20154
-27007
31345
-32764
31133
-26604
19598
-10767
934
8987
-18070
25471
-30501
32691
-31837
28020
-21593
13156
-3495
-6492
15875
-23780
29470
-32417
32346
-29263
23456
-15465
6034
3958
-13583
21942
-28259
31944
-32656
30327
-25175
17679
-8537
-1400
11207
-19970
26874
-31276
32766
-31205
26740
-19784
10987
-1167
-8762
17875
-25324
30415
-32674
31892
-28140
21768
-13370
3727
6264
-15670
23618
-29368
32382
-32382
29368
-23618
15670
-6264
-3727
13370
-21768
28140
-31892
32674
-30415
25324
-17875
8762
1167
-10987
19784
-26740
31205
-32766
31276
-26874
19970
-11207
1400
8537
-17679
25175
-30327
32656
-31944
28259
-21942
13583
-3958
-6034
15465
-23456
29263
-32346
32417
-29470
23780
-15875
6492
3495
-13156
21593
-28020
31837
-32691
30501
-25471
18070
-8987
-934
10767
-19598
26604
-31133
32764
-31345
27007
-20154
11426
-1633
-8311
17482
-25025
30238
-32636
31996
-28376
22115
-13795
4190
5805
-15259
23293
-29158
32308
-32450
29572
-23940
16079
-6721
-3262
12942
-21417
27898
-31781
32706
-30586
25617
-18264
9211
700
-10546
19410
-26467
31060
-32761
31412
-27138
20338
-11644
1866
8085
-17284
24874
-30148
32615
-32045
28492
-22287
14006
-4421
-5575
15052
-23128
29050
-32268
32482
-29671
24098
-16282
6949
3030
-12727
21240
-27775
31724
-32719
30668
-25762
18458
-9435
-467
10325
-19222
26329
-30985
32756
-31477
27268
-20520
11862
-2099
-7859
17085
-24721
30055
-32591
32093
-28607
22457
-14217
4653
5345
-14844
22962
-28942
32227
-32512
29770
-24256
16484
-7177
-2798
12512
-21062
27650
-31665
32731
-30750
25906
-18650
9658
233
-10103
19032
-26189
30908
-32749
31541
-27397
20702
-12079
2332
7632
-16886
24567
-29962
32566
-32139
28720
-22626
14427
-4884
-5114
14636
-22795
28831
-32184
32540
-29866
24412
-16685
7405
2565
-12296
20882
-27524
31604
-32741
30830
-26048
18842
-9881
0
9881
-18842
26048
-30830
32741
-31604
27524
-20882
12296
-2565
-7405
16685
-24412
29866
-32540
32184
-28831
22795
-14636
5114
4884
-14427
22626
-28720
32139
-32566
29962
-24567
16886
-7632
-2332
12079
-20702
27397
-31541
32749
-30908
26189
-19032
10103
-233
-9658
18650
-25906
30750
-32731
31665
-27650
21062
-12512
2798
7177
-16484
24256
-29770
32512
-32227
28942
-22962
14844
-5345
-4653
14217
-22457
28607
-32093
32591
-30055
24721
-17085
7859
2099
-11862
20520
-27268
31477
-32756
30985
-26329
19222
-10325
467
9435
-18458
25762
-30668
32719
-31724
27775
-21240
12727
-3030
-6949
16282
-24098
29671
-32482
32268
-29050
23128
-15052
5575
4421
-14006
22287
-28492
32045
-32615
30148
-24874
17284
-8085
-1866
11644
-20338
27138
-31412
32761
-31060
26467
-19410
10546
-700
-9211
18264
-25617
30586
-32706
31781
-27898
21417
-12942
3262
6721
-16079
23940
-29572
32450
-32308
29158
-23293
15259
-5805
-4190
13795
-22115
28376
-31996
32636
-30238
25025
-17482
8311
1633
-11426
20154
-27007
31345
-32764
31133
-26604
19598
-10767
934
8987
-18070
25471
-30501
32691
-31837
28020
-21593
13156
-3495
-6492
15875
-23780
29470
-32417
32346
-29263
23456
-15465
6034
3958
-13583
21942
-28259
31944
-32656
30327
-25175
17679
-8537
-1400
11207
-19970
26874
-31276
32766
-31205
26740
-19784
10987
-1167
-8762
17875
-25324
30415
-32674
31892
-28140
21768
-13370
3727
6264
-15670
23618
-29368
32382
-32382
29368
-23618
15670
-6264
-3727
13370
-21768
28140
-31892
32674
-30415
25324
-17875
8762
1167
-10987
19784
-26740
31205
-32766
31276
-26874
19970
-11207
1400
8537
-17679
25175
-30327
32656
-31944
28259
-21942
13583
-3958
-6034
15465
-23456
29263
-32346
32417
-29470
23780
-15875
6492
3495
-13156
21593
-28020
31837
-32691
30501
-25471
18070
-8987
-934
10767
-19598
26604
-31133
32764
-31345
27007
-20154
11426
-1633
-8311
17482
-25025
30238
-32636
31996
-28376
22115
-13795
4190
5805
-15259
23293
-29158
32308
-32450
29572
-23940
16079
-6721
-3262
12942
-21417
27898
-31781
32706
-30586
25617
-18264
9211
700
-10546
19410
-26467
31060
-32761
31412
-27138
20338
-11644
1866
8085
-17284
24874
-30148
32615
-32045
28492
-22287
14006
-4421
-5575
15052
-23128
29050
-32268
32482
-29671
24098
-16282
6949
3030
-12727
21240
-27775
31724
-32719
30668
-25762
18458
-9435
-467
10325
-19222
26329
-30985
32756
-31477
27268
-20520
11862
-2099
-7859
17085
-24721
30055
-32591
32093
-28607
22457
-14217
4653
5345
-14844
22962
-28942
32227
-32512
29770
-24256
16484
-7177
-2798
12512
-21062
27650
-31665
32731
-30750
25906
-18650
9658
233
-10103
19032
-26189
30908
-32749
31541
-27397
20702
-12079
2332
7632
-16886
24567
-29962
32566
-32139
28720
-22626
14427
-4884
-5114
14636
-22795
28831
-32184
32540
-29866
24412
-16685
7405
2565
-12296
20882
-27524
31604
-32741
30830
-26048
18842
-9881
0
9881
-18842
26048
-30830
32741
-31604
27524
-20882
12296
-2565
-7405
16685
-24412
29866
-32540
32184
-28831
22795
-14636
5114
4884
-14427
22626
-28720
32139
-32566
29962
-24567
16886
-7632
-2332
12079
-20702
27397
-31541
32749
-30908
26189
-19032
10103
-233
-9658
18650
-25906
30750
-32731
31665
-27650
21062
-12512
2798
7177
-16484
24256
-29770
32512
-32227
28942
-22962
14844
-5345
-4653
14217
-22457
28607
-32093
32591
-30055
24721
-17085
7859
2099
-11862
20520
-27268
31477
-32756
30985
-26329
19222
-10325
467
9435
-18458
25762
-30668
32719
-31724
27775
-21240
12727
-3030
-6949
16282
-24098
29671
-32482
32268
-29050
23128
-15052
5575
4421
-14006
22287
-28492
32045
-32615
30148
-24874
17284
-8085
-1866
11644
-20338
27138
-31412
32761
-31060
26467
-19410
10546
-700
-9211
18264
-25617
30586
-32706
31781
-27898
21417
-12942
3262
6721
-16079
23940
-29572
32450
-32308
29158
-23293
15259
-5805
-4190
13795
-22115
28376
-31996
32636
-30238
25025
-17482
8311
1633
-11426
20154
-27007
31345
-32764
31133
-26604
19598
-10767
934
8987
-18070
25471
-30501
32691
-31837
28020
-21593
13156
-3495
-6492
15875
-23780
29470
-32417
32346
-29263
23456
-15465
6034
3958
-13583
21942
-28259
31944
-32656
30327
-25175
17679
-8537
-1400
11207
-19970
26874
-31276
32766
-31205
26740
-19784
10987
-1167
-8762
17875
-25324
30415
-32674
31892
-28140
21768
-13370
3727
6264
-15670
23618
-29368
32382
-32382
29368
-23618
15670
-6264
-3727
13370
-21768
28140
-31892
32674
-30415
25324
-17875
8762
1167
-10987
19784
-26740
31205
-32766
31276
-26874
19970
-11207
1400
8537
-17679
25175
-30327
32656
-31944
28259
-21942
13583
-3958
-6034
15465
-23456
29263
-32346
32417
-29470
23780
-15875
6492
3495
-13156
21593
-28020
31837
-32691
30501
-25471
18070
-8987
-934
10767
-19598
26604
-31133
32764
-31345
27007
-20154
11426
-1633
-8311
17482
-25025
30238
-32636
31996
-28376
22115
-13795
4190
5805
-15259
23293
-29158
32308
-32450
29572
-23940
16079
-6721
-3262
12942
-21417
27898
-31781
32706
-30586
25617
-18264
9211
700
-10546
19410
-26467
31060
-32761
31412
-27138
20338
-11644
1866
8085
-17284
24874
-30148
32615
-32045
28492
-22287
14006
-4421
-5575
15052
-23128
29050
-32268
32482
-29671
24098
-16282
6949
3030
-12727
21240
-27775
31724
-32719
30668
-25762
18458
-9435
-467
10325
-19222
26329
-30985
32756
-31477
27268
-20520
11862
-2099
-7859
17085
-24721
30055
-32591
32093
-28607
22457
-14217
4653
5345
-14844
22962
-28942
32227
-32512
29770
-24256
16484
-7177
-2798
12512
-21062
27650
-31665
32731
-30750
25906
-18650
9658
233
-10103
19032
-26189
30908
-32749
31541
-27397
20702
-12079
2332
7632
-16886
24567
-29962
32566
-32139
28720
-22626
14427
-4884
-5114
14636
-22795
28831
-32184
32540
-29866
24412
-16685
7405
2565
-12296
20882
-27524
31604
-32741
30830
-26048
18842
-9881
0
9881
-18842
26048
-30830
32741
-31604
27524
-20882
12296
-2565
-7405
16685
-24412
29866
-32540
32184
-28831
22795
-14636
5114
4884
-14427
22626
-28720
32139
-32566
29962
-24567
16886
-7632
-2332
12079
-20702
27397
-31541
32749
-30908
26189
-19032
10103
-233
-9658
18650
-25906
30750
-32731
31665
-27650
21062
-12512
2798
7177
-16484
24256
-29770
32512
-32227
28942
-22962
14844
-5345
-4653
14217
-22457
28607
-32093
32591
-30055
24721
-17085
7859
2099
-11862
20520
-27268
31477
-32756
30985
-26329
19222
-10325
467
9435
-18458
25762
-30668
32719
-31724
27775
-21240
12727
-3030
-6949
16282
-24098
29671
-32482
32268
-29050
23128
-15052
5575
4421
-14006
22287
-28492
32045
-32615
30148
-24874
17284
-8085
-1866
11644
-20338
27138
-31412
32761
-31060
26467
-19410
10546
-700
-9211
18264
-25617
30586
-32706
31781
-27898
21417
-12942
3262
6721
-16079
23940
-29572
32450
-32308
29158
-23293
15259
-5805
-4190
13795
-22115
28376
-31996
32636
-30238
25025
-17482
8311
1633
-11426
20154
-27007
31345
-32764
31133
-26604
19598
-10767
934
8987
-18070
25471
-30501
32691
-31837
28020
-21593
13156
-3495
-6492
15875
-23780
29470
-32417
32346
-29263
23456
-15465
6034
3958
-13583
21942
-28259
31944
-32656
30327
-25175
17679
-8537
-1400
11207
-19970
26874
-31276
32766
-31205
26740
-19784
10987
-1167
-8762
17875
-25324
30415
-32674
31892
-28140
21768
-13370
3727
6264
-15670
23618
-29368
32382
-32382
29368
-23618
15670
-6264
-3727
13370
-21768
28140
-31892
32674
-30415
25324
-17875
8762
1167
-10987
19784
-26740
31205
-32766
31276
-26874
19970
-11207
1400
8537
-17679
25175
-30327
32656
-31944
28259
-21942
13583
-3958
-6034
15465
-23456
29263
-32346
32417
-29470
23780
-15875
6492
3495
-13156
21593
-28020
31837
-32691
30501
-25471
18070
-8987
-934
10767
-19598
26604
-31133
32764
-31345
27007
-20154
11426
-1633
-8311
17482
-25025
30238
-32636
31996
-28376
22115
-13795
4190
5805
-15259
23293
-29158
32308
-32450
29572
-23940
16079
-6721
-3262
12942
-21417
27898
-31781
32706
-30586
25617
-18264
9211
700
-10546
19410
-26467
31060
-32761
31412
-27138
20338
-11644
1866
8085
-17284
24874
-30148
32615
-32045
28492
-22287
14006
-4421
-5575
15052
-23128
29050
-32268
32482
-29671
24098
-16282
6949
3030
-12727
21240
-27775
31724
-32719
30668
-25762
18458
-9435
-467
10325
-19222
26329
-30985
32756
-31477
27268
-20520
11862
-2099
-7859
17085
-24721
30055
-32591
32093
-28607
22457
-14217
4653
5345
-14844
22962
-28942
32227
-32512
29770
-24256
16484
-7177
-2798
12512
-21062
27650
-31665
32731
-30750
25906
-18650
9658
233
-10103
19032
-26189
30908
-32749
31541
-27397
20702
-12079
2332
7632
-16886
24567
-29962
32566
-32139
28720
-22626
14427
-4884
-5114
14636
-22795
28831
-32184
32540
-29866
24412
-16685
7405
2565
-12296
20882
-27524
31604
-32741
30830
-26048
18842
-9881
