0
14636
-26189
32227
-31477
24098
-11644
-3262
17482
-28020
32656
-30415
21768
-8537
-6492
20154
-29572
32761
-29050
19222
-5345
-9658
22626
-30830
32540
-27397
16484
-2099
-12727
24874
-31781
31996
-25471
13583
1167
-15670
26874
-32417
31133
-23293
10546
4421
-18458
28607
-32731
29962
-20882
7405
7632
-21062
30055
-32719
28492
-18264
4190
10767
-23456
31205
-32382
26740
-15465
934
13795
-25617
32045
-31724
24721
-12512
-2332
16685
-27524
32566
-30750
22457
-9435
-5575
19410
-29158
32764
-29470
19970
-6264
-8762
21942
-30501
32636
-27898
17284
-3030
-11862
24256
-31541
32184
-26048
14427
233
-14844
26329
-32268
31412
-23940
11426
3495
-17679
28140
-32674
30327
-21593
8311
6721
-20338
29671
-32756
28942
-19032
5114
9881
-22795
30908
-32512
27268
-16282
1866
12942
-25025
31837
-31944
25324
-13370
-1400
15875
-27007
32450
-31060
23128
-10325
-4653
18650
-28720
32741
-29866
20702
-7177
-7859
21240
-30148
32706
-28376
18070
-3958
-10987
23618
-31276
32346
-26604
15259
-700
-14006
25762
-32093
31665
-24567
12296
2565
-16886
27650
-32591
30668
-22287
9211
5805
-19598
29263
-32766
29368
-19784
6034
8987
-22115
30586
-32615
27775
-17085
2798
12079
-24412
31604
-32139
25906
-14217
-467
15052
-26467
32308
-31345
23780
-11207
-3727
17875
-28259
32691
-30238
21417
-8085
-6949
20520
-29770
32749
-28831
18842
-4884
-10103
22962
-30985
32482
-27138
16079
-1633
-13156
25175
-31892
31892
-25175
13156
1633
-16079
27138
-32482
30985
-22962
10103
4884
-18842
28831
-32749
29770
-20520
6949
8085
-21417
30238
-32691
28259
-17875
3727
11207
-23780
31345
-32308
26467
-15052
467
14217
-25906
32139
-31604
24412
-12079
-2798
17085
-27775
32615
-30586
22115
-8987
-6034
19784
-29368
32766
-29263
19598
-5805
-9211
22287
-30668
32591
-27650
16886
-2565
-12296
24567
-31665
32093
-25762
14006
700
-15259
26604
-32346
31276
-23618
10987
3958
-18070
28376
-32706
30148
-21240
7859
7177
-20702
29866
-32741
28720
-18650
4653
10325
-23128
31060
-32450
27007
-15875
1400
13370
-25324
31944
-31837
25025
-12942
-1866
16282
-27268
32512
-30908
22795
-9881
-5114
19032
-28942
32756
-29671
20338
-6721
-8311
21593
-30327
32674
-28140
17679
-3495
-11426
23940
-31412
32268
-26329
14844
-233
-14427
26048
-32184
31541
-24256
11862
3030
-17284
27898
-32636
30501
-21942
8762
6264
-19970
29470
-32764
29158
-19410
5575
9435
-22457
30750
-32566
27524
-16685
2332
12512
-24721
31724
-32045
25617
-13795
-934
15465
-26740
32382
-31205
23456
-10767
-4190
18264
-28492
32719
-30055
21062
-7632
-7405
20882
-29962
32731
-28607
18458
-4421
-10546
23293
-31133
32417
-26874
15670
-1167
-13583
25471
-31996
31781
-24874
12727
2099
-16484
27397
-32540
30830
-22626
9658
5345
-19222
29050
-32761
29572
-20154
6492
8537
-21768
30415
-32656
28020
-17482
3262
11644
-24098
31477
-32227
26189
-14636
0
14636
-26189
32227
-31477
24098
-11644
-3262
17482
-28020
32656
-30415
21768
-8537
-6492
20154
-29572
32761
-29050
19222
-5345
-9658
22626
-30830
32540
-27397
16484
-2099
-12727
24874
-31781
31996
-25471
13583
1167
-15670
26874
-32417
31133
-23293
10546
4421
-18458
28607
-32731
29962
-20882
7405
7632
-21062
30055
-32719
28492
-18264
4190
10767
-23456
31205
-32382
26740
-15465
934
13795
-25617
32045
-31724
24721
-12512
-2332
16685
-27524
32566
-30750
22457
-9435
-5575
19410
-29158
32764
-29470
19970
-6264
-8762
21942
-30501
32636
-27898
17284
-3030
-11862
24256
-31541
32184
-26048
14427
233
-14844
26329
-32268
31412
-23940
11426
3495
-17679
28140
-32674
30327
-21593
8311
6721
-20338
29671
-32756
28942
-19032
5114
9881
-22795
30908
-32512
27268
-16282
1866
12942
-25025
31837
-31944
25324
-13370
-1400
15875
-27007
32450
-31060
23128
-10325
-4653
18650
-28720
32741
-29866
20702
-7177
-7859
21240
-30148
32706
-28376
18070
-3958
-10987
23618
-31276
32346
-26604
15259
-700
-14006
25762
-32093
31665
-24567
12296
2565
-16886
27650
-32591
30668
-22287
9211
5805
-19598
29263
-32766
29368
-19784
6034
8987
-22115
30586
-32615
27775
-17085
2798
12079
-24412
31604
-32139
25906
-14217
-467
15052
-26467
32308
-31345
23780
-11207
-3727
17875
-28259
32691
-30238
21417
-8085
-6949
20520
-29770
32749
-28831
18842
-4884
-10103
22962
-30985
32482
-27138
16079
-1633
-13156
25175
-31892
31892
-25175
13156
1633
-16079
27138
-32482
30985
-22962
10103
4884
-18842
28831
-32749
29770
-20520
6949
8085
-21417
30238
-32691
28259
-17875
3727
11207
-23780
31345
-32308
26467
-15052
467
14217
-25906
32139
-31604
24412
-12079
-2798
17085
-27775
32615
-30586
22115
-8987
-6034
19784
-29368
32766
-29263
19598
-5805
-9211
22287
-30668
32591
-27650
16886
-2565
-12296
24567
-31665
32093
-25762
14006
700
-15259
26604
-32346
31276
-23618
10987
3958
-18070
28376
-32706
30148
-21240
7859
7177
-20702
29866
-32741
28720
-18650
4653
10325
-23128
31060
-32450
27007
-15875
1400
13370
-25324
31944
-31837
25025
-12942
-1866
16282
-27268
32512
-30908
22795
-9881
-5114
19032
-28942
32756
-29671
20338
-6721
-8311
21593
-30327
32674
-28140
17679
-3495
-11426
23940
-31412
32268
-26329
14844
-233
-14427
26048
-32184
31541
-24256
11862
3030
-17284
27898
-32636
30501
-21942
8762
6264
-19970
29470
-32764
29158
-19410
5575
9435
-22457
30750
-32566
27524
-16685
2332
12512
-24721
31724
-32045
25617
-13795
-934
15465
-26740
32382
-31205
23456
-10767
-4190
18264
-28492
32719
-30055
21062
-7632
-7405
20882
-29962
32731
-28607
18458
-4421
-10546
23293
-31133
32417
-26874
15670
-1167
-13583
25471
-31996
31781
-24874
12727
2099
-16484
27397
-32540
30830
-22626
9658
5345
-19222
29050
-32761
29572
-20154
6492
8537
-21768
30415
-32656
28020
-17482
3262
11644
-24098
31477
-32227
26189
-14636
0
14636
-26189
32227
-31477
24098
-11644
-3262
17482
-28020
32656
-30415
21768
-8537
-6492
20154
-29572
32761
-29050
19222
-5345
-9658
22626
-30830
32540
-27397
16484
-2099
-12727
24874
-31781
31996
-25471
13583
1167
-15670
26874
-32417
31133
-23293
10546
4421
-18458
28607
-32731
29962
-20882
7405
7632
-21062
30055
-32719
28492
-18264
4190
10767
-23456
31205
-32382
26740
-15465
934
13795
-25617
32045
-31724
24721
-12512
-2332
16685
-27524
32566
-30750
22457
-9435
-5575
19410
-29158
32764
-29470
19970
-6264
-8762
21942
-30501
32636
-27898
17284
-3030
-11862
24256
-31541
32184
-26048
14427
233
-14844
26329
-32268
31412
-23940
11426
3495
-17679
28140
-32674
30327
-21593
8311
6721
-20338
29671
-32756
28942
-19032
5114
9881
-22795
30908
-32512
27268
-16282
1866
12942
-25025
31837
-31944
25324
-13370
-1400
15875
-27007
32450
-31060
23128
-10325
-4653
18650
-28720
32741
-29866
20702
-7177
-7859
21240
-30148
32706
-28376
18070
-3958
-10987
23618
-31276
32346
-26604
15259
-700
-14006
25762
-32093
31665
-24567
12296
2565
-16886
27650
-32591
30668
-22287
9211
5805
-19598
29263
-32766
29368
-19784
6034
8987
-22115
30586
-32615
27775
-17085
2798
12079
-24412
31604
-32139
25906
-14217
-467
15052
-26467
32308
-31345
23780
-11207
-3727
17875
-28259
32691
-30238
21417
-8085
-6949
20520
-29770
32749
-28831
18842
-4884
-10103
22962
-30985
32482
-27138
16079
-1633
-13156
25175
-31892
31892
-25175
13156
1633
-16079
27138
-32482
30985
-22962
10103
4884
-18842
28831
-32749
29770
-20520
6949
8085
-21417
30238
-32691
28259
-17875
3727
11207
-23780
31345
-32308
26467
-15052
467
14217
-25906
32139
-31604
24412
-12079
-2798
17085
-27775
32615
-30586
22115
-8987
-6034
19784
-29368
32766
-29263
19598
-5805
-9211
22287
-30668
32591
-27650
16886
-2565
-12296
24567
-31665
32093
-25762
14006
700
-15259
26604
-32346
31276
-23618
10987
3958
-18070
28376
-32706
30148
-21240
7859
7177
-20702
29866
-32741
28720
-18650
4653
10325
-23128
31060
-32450
27007
-15875
1400
13370
-25324
31944
-31837
25025
-12942
-1866
16282
-27268
32512
-30908
22795
-9881
-5114
19032
-28942
32756
-29671
20338
-6721
-8311
21593
-30327
32674
-28140
17679
-3495
-11426
23940
-31412
32268
-26329
14844
-233
-14427
26048
-32184
31541
-24256
11862
3030
-17284
27898
-32636
30501
-21942
8762
6264
-19970
29470
-32764
29158
-19410
5575
9435
-22457
30750
-32566
27524
-16685
2332
12512
-24721
31724
-32045
25617
-13795
-934
15465
-26740
32382
-31205
23456
-10767
-4190
18264
-28492
32719
-30055
21062
-7632
-7405
20882
-29962
32731
-28607
18458
-4421
-10546
23293
-31133
32417
-26874
15670
-1167
-13583
25471
-31996
31781
-24874
12727
2099
-16484
27397
-32540
30830
-22626
9658
5345
-19222
29050
-32761
29572
-20154
6492
8537
-21768
30415
-32656
28020
-17482
3262
11644
-24098
31477
-32227
26189
-14636
0
14636
-26189
32227
-31477
24098
-11644
-3262
17482
-28020
32656
-30415
21768
-8537
-6492
20154
-29572
32761
-29050
19222
-5345
-9658
22626
-30830
32540
-27397
16484
-2099
-12727
24874
-31781
31996
-25471
13583
1167
-15670
26874
-32417
31133
-23293
10546
4421
-18458
28607
-32731
29962
-20882
7405
7632
-21062
30055
-32719
28492
-18264
4190
10767
-23456
31205
-32382
26740
-15465
934
13795
-25617
32045
-31724
24721
-12512
-2332
16685
-27524
32566
-30750
22457
-9435
-5575
19410
-29158
32764
-29470
19970
-6264
-8762
21942
-30501
32636
-27898
17284
-3030
-11862
24256
-31541
32184
-26048
14427
233
-14844
26329
-32268
31412
-23940
11426
3495
-17679
28140
-32674
30327
-21593
8311
6721
-20338
29671
-32756
28942
-19032
5114
9881
-22795
30908
-32512
27268
-16282
1866
12942
-25025
31837
-31944
25324
-13370
-1400
15875
-27007
32450
-31060
23128
-10325
-4653
18650
-28720
32741
-29866
20702
-7177
-7859
21240
-30148
32706
-28376
18070
-3958
-10987
23618
-31276
32346
-26604
15259
-700
-14006
25762
-32093
31665
-24567
12296
2565
-16886
27650
-32591
30668
-22287
9211
5805
-19598
29263
-32766
29368
-19784
6034
8987
-22115
30586
-32615
27775
-17085
2798
12079
-24412
31604
-32139
25906
-14217
-467
15052
-26467
32308
-31345
23780
-11207
-3727
17875
-28259
32691
-30238
21417
-8085
-6949
20520
-29770
32749
-28831
18842
-4884
-10103
22962
-30985
32482
-27138
16079
-1633
-13156
25175
-31892
31892
-25175
13156
1633
-16079
27138
-32482
30985
-22962
10103
4884
-18842
28831
-32749
29770
-20520
6949
8085
-21417
30238
-32691
28259
-17875
3727
11207
-23780
31345
-32308
26467
-15052
467
14217
-25906
32139
-31604
24412
-12079
-2798
17085
-27775
32615
-30586
22115
-8987
-6034
19784
-29368
32766
-29263
19598
-5805
-9211
22287
-30668
32591
-27650
16886
-2565
-12296
24567
-31665
32093
-25762
14006
700
-15259
26604
-32346
31276
-23618
10987
3958
-18070
28376
-32706
30148
-21240
7859
7177
-20702
29866
-32741
28720
-18650
4653
10325
-23128
31060
-32450
27007
-15875
1400
13370
-25324
31944
-31837
25025
-12942
-1866
16282
-27268
32512
-30908
22795
-9881
-5114
19032
-28942
32756
-29671
20338
-6721
-8311
21593
-30327
32674
-28140
17679
-3495
-11426
23940
-31412
32268
-26329
14844
-233
-14427
26048
-32184
31541
-24256
11862
3030
-17284
27898
-32636
30501
-21942
8762
6264
-19970
29470
-32764
29158
-19410
5575
9435
-22457
30750
-32566
27524
-16685
2332
12512
-24721
31724
-32045
25617
-13795
-934
15465
-26740
32382
-31205
23456
-10767
-4190
18264
-28492
32719
-30055
21062
-7632
-7405
20882
-29962
32731
-28607
18458
-4421
-10546
23293
-31133
32417
-26874
15670
-1167
-13583
25471
-31996
31781
-24874
12727
2099
-16484
27397
-32540
30830
-22626
9658
5345
-19222
29050
-32761
29572
-20154
6492
8537
-21768
30415
-32656
28020
-17482
3262
11644
-24098
31477
-32227
26189
-14636
0
14636
-26189
32227
-31477
24098
-11644
-3262
17482
-28020
32656
-30415
21768
-8537
-6492
20154
-29572
32761
-29050
19222
-5345
-9658
22626
-30830
32540
-27397
16484
-2099
-12727
24874
-31781
31996
-25471
13583
1167
-15670
26874
-32417
31133
-23293
10546
4421
-18458
28607
-32731
29962
-20882
7405
7632
-21062
30055
-32719
28492
-18264
4190
10767
-23456
31205
-32382
26740
-15465
934
13795
-25617
32045
-31724
24721
-12512
-2332
16685
-27524
32566
-30750
22457
-9435
-5575
19410
-29158
32764
-29470
19970
-6264
-8762
21942
-30501
32636
-27898
17284
-3030
-11862
24256
-31541
32184
-26048
14427
233
-14844
26329
-32268
31412
-23940
11426
3495
-17679
28140
-32674
30327
-21593
8311
6721
-20338
29671
-32756
28942
-19032
5114
9881
-22795
30908
-32512
27268
-16282
1866
12942
-25025
31837
-31944
25324
-13370
-1400
15875
-27007
32450
-31060
23128
-10325
-4653
18650
-28720
32741
-29866
20702
-7177
-7859
21240
-30148
32706
-28376
18070
-3958
-10987
23618
-31276
32346
-26604
15259
-700
-14006
25762
-32093
31665
-24567
12296
2565
-16886
27650
-32591
30668
-22287
9211
5805
-19598
29263
-32766
29368
-19784
6034
8987
-22115
30586
-32615
27775
-17085
2798
12079
-24412
31604
-32139
25906
-14217
-467
15052
-26467
32308
-31345
23780
-11207
-3727
17875
-28259
32691
-30238
21417
-8085
-6949
20520
-29770
32749
-28831
18842
-4884
-10103
22962
-30985
32482
-27138
16079
-1633
-13156
25175
-31892
31892
-25175
13156
1633
-16079
27138
-32482
30985
-22962
10103
4884
-18842
28831
-32749
29770
-20520
6949
8085
-21417
30238
-32691
28259
-17875
3727
11207
-23780
31345
-32308
26467
-15052
467
14217
-25906
32139
-31604
24412
-12079
-2798
17085
-27775
32615
-30586
22115
-8987
-6034
19784
-29368
32766
-29263
19598
-5805
-9211
22287
-30668
32591
-27650
16886
-2565
-12296
24567
-31665
32093
-25762
14006
700
-15259
26604
-32346
31276
-23618
10987
3958
-18070
28376
-32706
30148
-21240
7859
7177
-20702
29866
-32741
28720
-18650
4653
10325
-23128
31060
-32450
27007
-15875
1400
13370
-25324
31944
-31837
25025
-12942
-1866
16282
-27268
32512
-30908
22795
-9881
-5114
19032
-28942
32756
-29671
20338
-6721
-8311
21593
-30327
32674
-28140
17679
-3495
-11426
23940
-31412
32268
-26329
14844
-233
-14427
26048
-32184
31541
-24256
11862
3030
-17284
27898
-32636
30501
-21942
8762
6264
-19970
29470
-32764
29158
-19410
5575
9435
-22457
30750
-32566
27524
-16685
2332
12512
-24721
31724
-32045
25617
-13795
-934
15465
-26740
32382
-31205
23456
-10767
-4190
18264
-28492
32719
-30055
21062
-7632
-7405
20882
-29962
32731
-28607
18458
-4421
-10546
23293
-31133
32417
-26874
15670
-1167
-13583
25471
-31996
31781
-24874
12727
2099
-16484
27397
-32540
30830
-22626
9658
5345
-19222
29050
-32761
29572
-20154
6492
8537
-21768
30415
-32656
28020
-17482
3262
11644
-24098
31477
-32227
26189
-14636
0
14636
-26189
32227
-31477
24098
-11644
-3262
17482
-28020
32656
-30415
21768
-8537
-6492
20154
-29572
32761
-29050
19222
-5345
-9658
22626
-30830
32540
-27397
16484
-2099
-12727
24874
-31781
31996
-25471
13583
1167
-15670
26874
-32417
31133
-23293
10546
4421
-18458
28607
-32731
29962
-20882
7405
7632
-21062
30055
-32719
28492
-18264
4190
10767
-23456
31205
-32382
26740
-15465
934
13795
-25617
32045
-31724
24721
-12512
-2332
16685
-27524
32566
-30750
22457
-9435
-5575
19410
-29158
32764
-29470
19970
-6264
-8762
21942
-30501
32636
-27898
17284
-3030
-11862
24256
-31541
32184
-26048
14427
233
-14844
26329
-32268
31412
-23940
11426
3495
-17679
28140
-32674
30327
-21593
8311
6721
-20338
29671
-32756
28942
-19032
5114
9881
-22795
30908
-32512
27268
-16282
1866
12942
-25025
31837
-31944
25324
-13370
-1400
15875
-27007
32450
-31060
23128
-10325
-4653
18650
-28720
32741
-29866
20702
-7177
-7859
21240
-30148
32706
-28376
18070
-3958
-10987
23618
-31276
32346
-26604
15259
-700
-14006
25762
-32093
31665
-24567
12296
2565
-16886
27650
-32591
30668
-22287
9211
5805
-19598
29263
-32766
29368
-19784
6034
8987
-22115
30586
-32615
27775
-17085
2798
12079
-24412
31604
-32139
25906
-14217
-467
15052
-26467
32308
-31345
23780
-11207
-3727
17875
-28259
32691
-30238
21417
-8085
-6949
20520
-29770
32749
-28831
18842
-4884
-10103
22962
-30985
32482
-27138
16079
-1633
-13156
25175
-31892
31892
-25175
13156
1633
-16079
27138
-32482
30985
-22962
10103
4884
-18842
28831
-32749
29770
-20520
6949
8085
-21417
30238
-32691
28259
-17875
3727
11207
-23780
31345
-32308
26467
-15052
467
14217
-25906
32139
-31604
24412
-12079
-2798
17085
-27775
32615
-30586
22115
-8987
-6034
19784
-29368
32766
-29263
19598
-5805
-9211
22287
-30668
32591
-27650
16886
-2565
-12296
24567
-31665
32093
-25762
14006
700
-15259
26604
-32346
31276
-23618
10987
3958
-18070
28376
-32706
30148
-21240
7859
7177
-20702
29866
-32741
28720
-18650
4653
10325
-23128
31060
-32450
27007
-15875
1400
13370
-25324
31944
-31837
25025
-12942
-1866
16282
-27268
32512
-30908
22795
-9881
-5114
19032
-28942
32756
-29671
20338
-6721
-8311
21593
-30327
32674
-28140
17679
-3495
-11426
23940
-31412
32268
-26329
14844
-233
-14427
26048
-32184
31541
-24256
11862
3030
-17284
27898
-32636
30501
-21942
8762
6264
-19970
29470
-32764
29158
-19410
5575
9435
-22457
30750
-32566
27524
-16685
2332
12512
-24721
31724
-32045
25617
-13795
-934
15465
-26740
32382
-31205
23456
-10767
-4190
18264
-28492
32719
-30055
21062
-7632
-7405
20882
-29962
32731
-28607
18458
-4421
-10546
23293
-31133
32417
-26874
15670
-1167
-13583
25471
-31996
31781
-24874
12727
2099
-16484
27397
-32540
30830
-22626
9658
5345
-19222
29050
-32761
29572
-20154
6492
8537
-21768
30415
-32656
28020
-17482
3262
11644
-24098
31477
-32227
26189
-14636
0
14636
-26189
32227
-31477
24098
-11644
-3262
17482
-28020
32656
-30415
21768
-8537
-6492
20154
-29572
32761
-29050
19222
-5345
-9658
22626
-30830
32540
-27397
16484
-2099
-12727
24874
-31781
31996
-25471
13583
1167
-15670
26874
-32417
31133
-23293
10546
4421
-18458
28607
-32731
29962
-20882
7405
7632
-21062
30055
-32719
28492
-18264
4190
10767
-23456
31205
-32382
26740
-15465
934
13795
-25617
32045
-31724
24721
-12512
-2332
16685
-27524
32566
-30750
22457
-9435
-5575
19410
-29158
32764
-29470
19970
-6264
-8762
21942
-30501
32636
-27898
17284
-3030
-11862
24256
-31541
32184
-26048
14427
233
-14844
26329
-32268
31412
-23940
11426
3495
-17679
28140
-32674
30327
-21593
8311
6721
-20338
29671
-32756
28942
-19032
5114
9881
-22795
30908
-32512
27268
-16282
1866
12942
-25025
31837
-31944
25324
-13370
-1400
15875
-27007
32450
-31060
23128
-10325
-4653
18650
-28720
32741
-29866
20702
-7177
-7859
21240
-30148
32706
-28376
18070
-3958
-10987
23618
-31276
32346
-26604
15259
-700
-14006
25762
-32093
31665
-24567
12296
2565
-16886
27650
-32591
30668
-22287
9211
5805
-19598
29263
-32766
29368
-19784
6034
8987
-22115
30586
-32615
27775
-17085
2798
12079
-24412
31604
-32139
25906
-14217
-467
15052
-26467
32308
-31345
23780
-11207
-3727
17875
-28259
32691
-30238
21417
-8085
-6949
20520
-29770
32749
-28831
18842
-4884
-10103
22962
-30985
32482
-27138
16079
-1633
-13156
25175
-31892
31892
-25175
13156
1633
-16079
27138
-32482
30985
-22962
10103
4884
-18842
28831
-32749
29770
-20520
6949
8085
-21417
30238
-32691
28259
-17875
3727
11207
-23780
31345
-32308
26467
-15052
467
14217
-25906
32139
-31604
24412
-12079
-2798
17085
-27775
32615
-30586
22115
-8987
-6034
19784
-29368
32766
-29263
19598
-5805
-9211
22287
-30668
32591
-27650
16886
-2565
-12296
24567
-31665
32093
-25762
14006
700
-15259
26604
-32346
31276
-23618
10987
3958
-18070
28376
-32706
30148
-21240
7859
7177
-20702
29866
-32741
28720
-18650
4653
10325
-23128
31060
-32450
27007
-15875
1400
13370
-25324
31944
-31837
25025
-12942
-1866
16282
-27268
32512
-30908
22795
-9881
-5114
19032
-28942
32756
-29671
20338
-6721
-8311
21593
-30327
32674
-28140
17679
-3495
-11426
23940
-31412
32268
-26329
14844
-233
-14427
26048
-32184
31541
-24256
11862
3030
-17284
27898
-32636
30501
-21942
8762
6264
-19970
29470
-32764
29158
-19410
5575
9435
-22457
30750
-32566
27524
-16685
2332
12512
-24721
31724
-32045
25617
-13795
-934
15465
-26740
32382
-31205
23456
-10767
-4190
18264
-28492
32719
-30055
21062
-7632
-7405
20882
-29962
32731
-28607
18458
-4421
-10546
23293
-31133
32417
-26874
15670
-1167
-13583
25471
-31996
31781
-24874
12727
2099
-16484
27397
-32540
30830
-22626
9658
5345
-19222
29050
-32761
29572
-20154
6492
8537
-21768
30415
-32656
28020
-17482
3262
11644
-24098
31477
-32227
26189
-14636
0
14636
-26189
32227
-31477
24098
-11644
-3262
17482
-28020
32656
-30415
21768
-8537
-6492
20154
-29572
32761
-29050
19222
-5345
-9658
22626
-30830
32540
-27397
16484
-2099
-12727
24874
-31781
31996
-25471
13583
1167
-15670
26874
-32417
31133
-23293
10546
4421
-18458
28607
-32731
29962
-20882
7405
7632
-21062
30055
-32719
28492
-18264
4190
10767
-23456
31205
-32382
26740
-15465
934
13795
-25617
32045
-31724
24721
-12512
-2332
16685
-27524
32566
-30750
22457
-9435
-5575
19410
-29158
32764
-29470
19970
-6264
-8762
21942
-30501
32636
-27898
17284
-3030
-11862
24256
-31541
32184
-26048
14427
233
-14844
26329
-32268
31412
-23940
11426
3495
-17679
28140
-32674
30327
-21593
8311
6721
-20338
29671
-32756
28942
-19032
5114
9881
-22795
30908
-32512
27268
-16282
1866
12942
-25025
31837
-31944
25324
-13370
-1400
15875
-27007
32450
-31060
23128
-10325
-4653
18650
-28720
32741
-29866
20702
-7177
-7859
21240
-30148
32706
-28376
18070
-3958
-10987
23618
-31276
32346
-26604
15259
-700
-14006
25762
-32093
31665
-24567
12296
2565
-16886
27650
-32591
30668
-22287
9211
5805
-19598
29263
-32766
29368
-19784
6034
8987
-22115
30586
-32615
27775
-17085
2798
12079
-24412
31604
-32139
25906
-14217
-467
15052
-26467
32308
-31345
23780
-11207
-3727
17875
-28259
32691
-30238
21417
-8085
-6949
20520
-29770
32749
-28831
18842
-4884
-10103
22962
-30985
32482
-27138
16079
-1633
-13156
25175
-31892
31892
-25175
13156
1633
-16079
27138
-32482
30985
-22962
10103
4884
-18842
28831
-32749
29770
-20520
6949
8085
-21417
30238
-32691
28259
-17875
3727
11207
-23780
31345
-32308
26467
-15052
467
14217
-25906
32139
-31604
24412
-12079
-2798
17085
-27775
32615
-30586
22115
-8987
-6034
19784
-29368
32766
-29263
19598
-5805
-9211
22287
-30668
32591
-27650
16886
-2565
-12296
24567
-31665
32093
-25762
14006
700
-15259
26604
-32346
31276
-23618
10987
3958
-18070
28376
-32706
30148
-21240
7859
7177
-20702
29866
-32741
28720
-18650
4653
10325
-23128
31060
-32450
27007
-15875
1400
13370
-25324
31944
-31837
25025
-12942
-1866
16282
-27268
32512
-30908
22795
-9881
-5114
19032
-28942
32756
-29671
20338
-6721
-8311
21593
-30327
32674
-28140
17679
-3495
-11426
23940
-31412
32268
-26329
14844
-233
-14427
26048
-32184
31541
-24256
11862
3030
-17284
27898
-32636
30501
-21942
8762
6264
-19970
29470
-32764
29158
-19410
5575
9435
-22457
30750
-32566
27524
-16685
2332
12512
-24721
31724
-32045
25617
-13795
-934
15465
-26740
32382
-31205
23456
-10767
-4190
18264
-28492
32719
-30055
21062
-7632
-7405
20882
-29962
32731
-28607
18458
-4421
-10546
23293
-31133
32417
-26874
15670
-1167
-13583
25471
-31996
31781
-24874
12727
2099
-16484
27397
-32540
30830
-22626
9658
5345
-19222
29050
-32761
29572
-20154
6492
8537
-21768
30415
-32656
28020
-17482
3262
11644
-24098
31477
-32227
26189
-14636
0
14636
-26189
32227
-31477
24098
-11644
-3262
17482
-28020
32656
-30415
21768
-8537
-6492
20154
-29572
32761
-29050
19222
-5345
-9658
22626
-30830
32540
-27397
16484
-2099
-12727
24874
-31781
31996
-25471
13583
1167
-15670
26874
-32417
31133
-23293
10546
4421
-18458
28607
-32731
29962
-20882
7405
7632
-21062
30055
-32719
28492
-18264
4190
10767
-23456
31205
-32382
26740
-15465
934
13795
-25617
32045
-31724
24721
-12512
-2332
16685
-27524
32566
-30750
22457
-9435
-5575
19410
-29158
32764
-29470
19970
-6264
-8762
21942
-30501
32636
-27898
17284
-3030
-11862
24256
-31541
32184
-26048
14427
233
-14844
26329
-32268
31412
-23940
11426
3495
-17679
28140
-32674
30327
-21593
8311
6721
-20338
29671
-32756
28942
-19032
5114
9881
-22795
30908
-32512
27268
-16282
1866
12942
-25025
31837
-31944
25324
-13370
-1400
15875
-27007
32450
-31060
23128
-10325
-4653
18650
-28720
32741
-29866
20702
-7177
-7859
21240
-30148
32706
-28376
18070
-3958
-10987
23618
-31276
32346
-26604
15259
-700
-14006
25762
-32093
31665
-24567
12296
2565
-16886
27650
-32591
30668
-22287
9211
5805
-19598
29263
-32766
29368
-19784
6034
8987
-22115
30586
-32615
27775
-17085
2798
12079
-24412
31604
-32139
25906
-14217
-467
15052
-26467
32308
-31345
23780
-11207
-3727
17875
-28259
32691
-30238
21417
-8085
-6949
20520
-29770
32749
-28831
18842
-4884
-10103
22962
-30985
32482
-27138
16079
-1633
-13156
25175
-31892
31892
-25175
13156
1633
-16079
27138
-32482
30985
-22962
10103
4884
-18842
28831
-32749
29770
-20520
6949
8085
-21417
30238
-32691
28259
-17875
3727
11207
-23780
31345
-32308
26467
-15052
467
14217
-25906
32139
-31604
24412
-12079
-2798
17085
-27775
32615
-30586
22115
-8987
-6034
19784
-29368
32766
-29263
19598
-5805
-9211
22287
-30668
32591
-27650
16886
-2565
-12296
24567
-31665
32093
-25762
14006
700
-15259
26604
-32346
31276
-23618
10987
3958
-18070
28376
-32706
30148
-21240
7859
7177
-20702
29866
-32741
28720
-18650
4653
10325
-23128
31060
-32450
27007
-15875
1400
13370
-25324
31944
-31837
25025
-12942
-1866
16282
-27268
32512
-30908
22795
-9881
-5114
19032
-28942
32756
-29671
20338
-6721
-8311
21593
-30327
32674
-28140
17679
-3495
-11426
23940
-31412
32268
-26329
14844
-233
-14427
26048
-32184
31541
-24256
11862
3030
-17284
27898
-32636
30501
-21942
8762
6264
-19970
29470
-32764
29158
-19410
5575
9435
-22457
30750
-32566
27524
-16685
2332
12512
-24721
31724
-32045
25617
-13795
-934
15465
-26740
32382
-31205
23456
-10767
-4190
18264
-28492
32719
-30055
21062
-7632
-7405
20882
-29962
32731
-28607
18458
-4421
-10546
23293
-31133
32417
-26874
15670
-1167
-13583
25471
-31996
31781
-24874
12727
2099
-16484
27397
-32540
30830
-22626
9658
5345
-19222
29050
-32761
29572
-20154
6492
8537
-21768
30415
-32656
28020
-17482
3262
11644
-24098
31477
-32227
26189
-14636
0
14636
-26189
32227
-31477
24098
-11644
-3262
17482
-28020
32656
-30415
21768
-8537
-6492
20154
-29572
32761
-29050
19222
-5345
-9658
22626
-30830
32540
-27397
16484
-2099
-12727
24874
-31781
31996
-25471
13583
1167
-15670
26874
-32417
31133
-23293
10546
4421
-18458
28607
-32731
29962
-20882
7405
7632
-21062
30055
-32719
28492
-18264
4190
10767
-23456
31205
-32382
26740
-15465
934
13795
-25617
32045
-31724
24721
-12512
-2332
16685
-27524
32566
-30750
22457
-9435
-5575
19410
-29158
32764
-29470
19970
-6264
-8762
21942
-30501
32636
-27898
17284
-3030
-11862
24256
-31541
32184
-26048
14427
233
-14844
26329
-32268
31412
-23940
11426
3495
-17679
28140
-32674
30327
-21593
8311
6721
-20338
29671
-32756
28942
-19032
5114
9881
-22795
30908
-32512
27268
-16282
1866
12942
-25025
31837
-31944
25324
-13370
-1400
15875
-27007
32450
-31060
23128
-10325
-4653
18650
-28720
32741
-29866
20702
-7177
-7859
21240
-30148
32706
-28376
18070
-3958
-10987
23618
-31276
32346
-26604
15259
-700
-14006
25762
-32093
31665
-24567
12296
2565
-16886
27650
-32591
30668
-22287
9211
5805
-19598
29263
-32766
29368
-19784
6034
8987
-22115
30586
-32615
27775
-17085
2798
12079
-24412
31604
-32139
25906
-14217
-467
15052
-26467
32308
-31345
23780
-11207
-3727
17875
-28259
32691
-30238
21417
-8085
-6949
20520
-29770
32749
-28831
18842
-4884
-10103
22962
-30985
32482
-27138
16079
-1633
-13156
25175
-31892
31892
-25175
13156
1633
-16079
27138
-32482
30985
-22962
10103
4884
-18842
28831
-32749
29770
-20520
6949
8085
-21417
30238
-32691
28259
-17875
3727
11207
-23780
31345
-32308
26467
-15052
467
14217
-25906
32139
-31604
24412
-12079
-2798
17085
-27775
32615
-30586
22115
-8987
-6034
19784
-29368
32766
-29263
19598
-5805
-9211
22287
-30668
32591
-27650
16886
-2565
-12296
24567
-31665
32093
-25762
14006
700
-15259
26604
-32346
31276
-23618
10987
3958
-18070
28376
-32706
30148
-21240
7859
7177
-20702
29866
-32741
28720
-18650
4653
10325
-23128
31060
-32450
27007
-15875
1400
13370
-25324
31944
-31837
25025
-12942
-1866
16282
-27268
32512
-30908
22795
-9881
-5114
19032
-28942
32756
-29671
20338
-6721
-8311
21593
-30327
32674
-28140
17679
-3495
-11426
23940
-31412
32268
-26329
14844
-233
-14427
26048
-32184
31541
-24256
11862
3030
-17284
27898
-32636
30501
-21942
8762
6264
-19970
29470
-32764
29158
-19410
5575
9435
-22457
30750
-32566
27524
-16685
2332
12512
-24721
31724
-32045
25617
-13795
-934
15465
-26740
32382
-31205
23456
-10767
-4190
18264
-28492
32719
-30055
21062
-7632
-7405
20882
-29962
32731
-28607
18458
-4421
-10546
23293
-31133
32417
-26874
15670
-1167
-13583
25471
-31996
31781
-24874
12727
2099
-16484
27397
-32540
30830
-22626
9658
5345
-19222
29050
-32761
29572
-20154
6492
8537
-21768
30415
-32656
28020
-17482
3262
11644
-24098
31477
-32227
26189
-14636
