0
61492
114135
150708
166903
162033
138992
103525
62975
24754
-5080
-22890
-27953
-22293
-9954
4104
15231
20113
17426
7952
-5804
-20376
-32293
-38944
-39204
-33610
-24146
-13640
-4988
-417
-913
-6038
-14082
-22587
-29000
-31368
-28853
-21906
-12145
-1893
6454
11062
11147
7168
699
-6009
-10638
-11445
-7717
0
10054
20111
27781
31262
29841
24111
15833
7484
1606
105
3696
11675
22032
31944
38507
39514
34103
23074
8770
-5438
-16013
-20186
-16779
-6693
7120
20206
27572
24893
9670
-17959
-54922
-95576
-132671
-158729
-167570
-155654
-122922
-72993
-12592
49632
104696
144934
165383
164602
144809
111273
71124
31889
0
-20368
-27898
-24109
-12722
1392
13424
19731
18560
10288
-2871
-17572
-30265
-38114
-39661
-35118
-26219
-15678
-6449
-937
-409
-4709
-12353
-20976
-27990
-31277
-29744
-23586
-14217
-3864
5037
10495
11487
8227
2090
-4764
-9975
-11640
-8818
-1796
7963
18220
26539
30953
30508
25532
17578
9032
2480
0
2583
9808
19899
30142
37584
39822
35685
25635
11741
-2780
-14341
-19949
-18055
-9130
4260
17888
26783
26388
13755
-11547
-47023
-87486
-125906
-154729
-167397
-159754
-131010
-84067
-25111
37481
94656
138359
162999
166399
150073
118752
79315
39330
5550
-17322
-27383
-25617
-15380
-1409
11382
19043
19404
12427
0
-14683
-28040
-37025
-39868
-36450
-28226
-17773
-8061
-1660
-102
-3518
-10662
-19300
-26831
-30990
-30446
-25136
-16247
-5895
3480
9747
11653
9167
3451
-3451
-9167
-11653
-9747
-3480
5895
16247
25136
30446
30990
26831
19300
10662
3518
102
1660
8061
17773
28226
36450
39868
37025
28040
14683
0
-12427
-19404
-19043
-11382
1409
15380
25617
27383
17322
-5550
-39330
-79315
-118752
-150073
-166399
-162999
-138359
-94656
-37481
25111
84067
131010
159754
167397
154729
125906
87486
47023
11547
-13755
-26388
-26783
-17888
-4260
9130
18055
19949
14341
2780
-11741
-25635
-35685
-39822
-37584
-30142
-19899
-9808
-2583
0
-2480
-9032
-17578
-25532
-30508
-30953
-26539
-18220
-7963
1796
8818
11640
9975
4764
-2090
-8227
-11487
-10495
-5037
3864
14217
23586
29744
31277
27990
20976
12353
4709
409
937
6449
15678
26219
35118
39661
38114
30265
17572
2871
-10288
-18560
-19731
-13424
-1392
12722
24109
27898
20368
0
-31889
-71124
-111273
-144809
-164602
-165383
-144934
-104696
-49632
12592
72993
122922
155654
167570
158729
132671
95576
54922
17959
-9670
-24893
-27572
-20206
-7120
6693
16779
20186
16013
5438
-8770
-23074
-34103
-39514
-38507
-31944
-22032
-11675
-3696
-105
-1606
-7484
-15833
-24111
-29841
-31262
-27781
-20111
-10054
0
7717
11445
10638
6009
-699
-7168
-11147
-11062
-6454
1893
12145
21906
28853
31368
29000
22587
14082
6038
913
417
4988
13640
24146
33610
39204
38944
32293
20376
5804
-7952
-17426
-20113
-15231
-4104
9954
22293
27953
22890
5080
-24754
-62975
-103525
-138992
-162033
-166903
-150708
-114135
-61492
