0
-8987
17284
-24256
29368
-32227
32615
-30501
26048
-19598
11644
-2798
-6264
14844
-22287
28020
-31604
32764
-31412
27650
-21768
14217
-5575
-3495
12296
-20154
26467
-30750
32674
-32093
29050
-23780
16685
-8311
-700
9658
-17875
24721
-29671
32346
-32540
30238
-25617
19032
-10987
2099
6949
-15465
22795
-28376
31781
-32749
31205
-27268
21240
-13583
4884
4190
-12942
20702
-26874
30985
-32719
31944
-28720
23293
-16079
7632
1400
-10325
18458
-25175
29962
-32450
32450
-29962
25175
-18458
10325
-1400
-7632
16079
-23293
28720
-31944
32719
-30985
26874
-20702
12942
-4190
-4884
13583
-21240
27268
-31205
32749
-31781
28376
-22795
15465
-6949
-2099
10987
-19032
25617
-30238
32540
-32346
29671
-24721
17875
-9658
700
8311
-16685
23780
-29050
32093
-32674
30750
-26467
20154
-12296
3495
5575
-14217
21768
-27650
31412
-32764
31604
-28020
22287
-14844
6264
2798
-11644
19598
-26048
30501
-32615
32227
-29368
24256
-17284
8987
0
-8987
17284
-24256
29368
-32227
32615
-30501
26048
-19598
11644
-2798
-6264
14844
-22287
28020
-31604
32764
-31412
27650
-21768
14217
-5575
-3495
12296
-20154
26467
-30750
32674
-32093
29050
-23780
16685
-8311
-700
9658
-17875
24721
-29671
32346
-32540
30238
-25617
19032
-10987
2099
6949
-15465
22795
-28376
31781
-32749
31205
-27268
21240
-13583
4884
4190
-12942
20702
-26874
30985
-32719
31944
-28720
23293
-16079
7632
1400
-10325
18458
-25175
29962
-32450
32450
-29962
25175
-18458
10325
-1400
-7632
16079
-23293
28720
-31944
32719
-30985
26874
-20702
12942
-4190
-4884
13583
-21240
27268
-31205
32749
-31781
28376
-22795
15465
-6949
-2099
10987
-19032
25617
-30238
32540
-32346
29671
-24721
17875
-9658
700
8311
-16685
23780
-29050
32093
-32674
30750
-26467
20154
-12296
3495
5575
-14217
21768
-27650
31412
-32764
31604
-28020
22287
-14844
6264
2798
-11644
19598
-26048
30501
-32615
32227
-29368
24256
-17284
8987
0
-8987
17284
-24256
29368
-32227
32615
-30501
26048
-19598
11644
-2798
-6264
14844
-22287
28020
-31604
32764
-31412
27650
-21768
14217
-5575
-3495
12296
-20154
26467
-30750
32674
-32093
29050
-23780
16685
-8311
-700
9658
-17875
24721
-29671
32346
-32540
30238
-25617
19032
-10987
2099
6949
-15465
22795
-28376
31781
-32749
31205
-27268
21240
-13583
4884
4190
-12942
20702
-26874
30985
-32719
31944
-28720
23293
-16079
7632
1400
-10325
18458
-25175
29962
-32450
32450
-29962
25175
-18458
10325
-1400
-7632
16079
-23293
28720
-31944
32719
-30985
26874
-20702
12942
-4190
-4884
13583
-21240
27268
-31205
32749
-31781
28376
-22795
15465
-6949
-2099
10987
-19032
25617
-30238
32540
-32346
29671
-24721
17875
-9658
700
8311
-16685
23780
-29050
32093
-32674
30750
-26467
20154
-12296
3495
5575
-14217
21768
-27650
31412
-32764
31604
-28020
22287
-14844
6264
2798
-11644
19598
-26048
30501
-32615
32227
-29368
24256
-17284
8987
0
-8987
17284
-24256
29368
-32227
32615
-30501
26048
-19598
11644
-2798
-6264
14844
-22287
28020
-31604
32764
-31412
27650
-21768
14217
-5575
-3495
12296
-20154
26467
-30750
32674
-32093
29050
-23780
16685
-8311
-700
9658
-17875
24721
-29671
32346
-32540
30238
-25617
19032
-10987
2099
6949
-15465
22795
-28376
31781
-32749
31205
-27268
21240
-13583
4884
4190
-12942
20702
-26874
30985
-32719
31944
-28720
23293
-16079
7632
1400
-10325
18458
-25175
29962
-32450
32450
-29962
25175
-18458
10325
-1400
-7632
16079
-23293
28720
-31944
32719
-30985
26874
-20702
12942
-4190
-4884
13583
-21240
27268
-31205
32749
-31781
28376
-22795
15465
-6949
-2099
10987
-19032
25617
-30238
32540
-32346
29671
-24721
17875
-9658
700
8311
-16685
23780
-29050
32093
-32674
30750
-26467
20154
-12296
3495
5575
-14217
21768
-27650
31412
-32764
31604
-28020
22287
-14844
6264
2798
-11644
19598
-26048
30501
-32615
32227
-29368
24256
-17284
8987
0
-8987
17284
-24256
29368
-32227
32615
-30501
26048
-19598
11644
-2798
-6264
14844
-22287
28020
-31604
32764
-31412
27650
-21768
14217
-5575
-3495
12296
-20154
26467
-30750
32674
-32093
29050
-23780
16685
-8311
-700
9658
-17875
24721
-29671
32346
-32540
30238
-25617
19032
-10987
2099
6949
-15465
22795
-28376
31781
-32749
31205
-27268
21240
-13583
4884
4190
-12942
20702
-26874
30985
-32719
31944
-28720
23293
-16079
7632
1400
-10325
18458
-25175
29962
-32450
32450
-29962
25175
-18458
10325
-1400
-7632
16079
-23293
28720
-31944
32719
-30985
26874
-20702
12942
-4190
-4884
13583
-21240
27268
-31205
32749
-31781
28376
-22795
15465
-6949
-2099
10987
-19032
25617
-30238
32540
-32346
29671
-24721
17875
-9658
700
8311
-16685
23780
-29050
32093
-32674
30750
-26467
20154
-12296
3495
5575
-14217
21768
-27650
31412
-32764
31604
-28020
22287
-14844
6264
2798
-11644
19598
-26048
30501
-32615
32227
-29368
24256
-17284
8987
0
-8987
17284
-24256
29368
-32227
32615
-30501
26048
-19598
11644
-2798
-6264
14844
-22287
28020
-31604
32764
-31412
27650
-21768
14217
-5575
-3495
12296
-20154
26467
-30750
32674
-32093
29050
-23780
16685
-8311
-700
9658
-17875
24721
-29671
32346
-32540
30238
-25617
19032
-10987
2099
6949
-15465
22795
-28376
31781
-32749
31205
-27268
21240
-13583
4884
4190
-12942
20702
-26874
30985
-32719
31944
-28720
23293
-16079
7632
1400
-10325
18458
-25175
29962
-32450
32450
-29962
25175
-18458
10325
-1400
-7632
16079
-23293
28720
-31944
32719
-30985
26874
-20702
12942
-4190
-4884
13583
-21240
27268
-31205
32749
-31781
28376
-22795
15465
-6949
-2099
10987
-19032
25617
-30238
32540
-32346
29671
-24721
17875
-9658
700
8311
-16685
23780
-29050
32093
-32674
30750
-26467
20154
-12296
3495
5575
-14217
21768
-27650
31412
-32764
31604
-28020
22287
-14844
6264
2798
-11644
19598
-26048
30501
-32615
32227
-29368
24256
-17284
8987
0
-8987
17284
-24256
29368
-32227
32615
-30501
26048
-19598
11644
-2798
-6264
14844
-22287
28020
-31604
32764
-31412
27650
-21768
14217
-5575
-3495
12296
-20154
26467
-30750
32674
-32093
29050
-23780
16685
-8311
-700
9658
-17875
24721
-29671
32346
-32540
30238
-25617
19032
-10987
2099
6949
-15465
22795
-28376
31781
-32749
31205
-27268
21240
-13583
4884
4190
-12942
20702
-26874
30985
-32719
31944
-28720
23293
-16079
7632
1400
-10325
18458
-25175
29962
-32450
32450
-29962
25175
-18458
10325
-1400
-7632
16079
-23293
28720
-31944
32719
-30985
26874
-20702
12942
-4190
-4884
13583
-21240
27268
-31205
32749
-31781
28376
-22795
15465
-6949
-2099
10987
-19032
25617
-30238
32540
-32346
29671
-24721
17875
-9658
700
8311
-16685
23780
-29050
32093
-32674
30750
-26467
20154
-12296
3495
5575
-14217
21768
-27650
31412
-32764
31604
-28020
22287
-14844
6264
2798
-11644
19598
-26048
30501
-32615
32227
-29368
24256
-17284
8987
0
-8987
17284
-24256
29368
-32227
32615
-30501
26048
-19598
11644
-2798
-6264
14844
-22287
28020
-31604
32764
-31412
27650
-21768
14217
-5575
-3495
12296
-20154
26467
-30750
32674
-32093
29050
-23780
16685
-8311
-700
9658
-17875
24721
-29671
32346
-32540
30238
-25617
19032
-10987
2099
6949
-15465
22795
-28376
31781
-32749
31205
-27268
21240
-13583
4884
4190
-12942
20702
-26874
30985
-32719
31944
-28720
23293
-16079
7632
1400
-10325
18458
-25175
29962
-32450
32450
-29962
25175
-18458
10325
-1400
-7632
16079
-23293
28720
-31944
32719
-30985
26874
-20702
12942
-4190
-4884
13583
-21240
27268
-31205
32749
-31781
28376
-22795
15465
-6949
-2099
10987
-19032
25617
-30238
32540
-32346
29671
-24721
17875
-9658
700
8311
-16685
23780
-29050
32093
-32674
30750
-26467
20154
-12296
3495
5575
-14217
21768
-27650
31412
-32764
31604
-28020
22287
-14844
6264
2798
-11644
19598
-26048
30501
-32615
32227
-29368
24256
-17284
8987
0
-8987
17284
-24256
29368
-32227
32615
-30501
26048
-19598
11644
-2798
-6264
14844
-22287
28020
-31604
32764
-31412
27650
-21768
14217
-5575
-3495
12296
-20154
26467
-30750
32674
-32093
29050
-23780
16685
-8311
-700
9658
-17875
24721
-29671
32346
-32540
30238
-25617
19032
-10987
2099
6949
-15465
22795
-28376
31781
-32749
31205
-27268
21240
-13583
4884
4190
-12942
20702
-26874
30985
-32719
31944
-28720
23293
-16079
7632
1400
-10325
18458
-25175
29962
-32450
32450
-29962
25175
-18458
10325
-1400
-7632
16079
-23293
28720
-31944
32719
-30985
26874
-20702
12942
-4190
-4884
13583
-21240
27268
-31205
32749
-31781
28376
-22795
15465
-6949
-2099
10987
-19032
25617
-30238
32540
-32346
29671
-24721
17875
-9658
700
8311
-16685
23780
-29050
32093
-32674
30750
-26467
20154
-12296
3495
5575
-14217
21768
-27650
31412
-32764
31604
-28020
22287
-14844
6264
2798
-11644
19598
-26048
30501
-32615
32227
-29368
24256
-17284
8987
0
-8987
17284
-24256
29368
-32227
32615
-30501
26048
-19598
11644
-2798
-6264
14844
-22287
28020
-31604
32764
-31412
27650
-21768
14217
-5575
-3495
12296
-20154
26467
-30750
32674
-32093
29050
-23780
16685
-8311
-700
9658
-17875
24721
-29671
32346
-32540
30238
-25617
19032
-10987
2099
6949
-15465
22795
-28376
31781
-32749
31205
-27268
21240
-13583
4884
4190
-12942
20702
-26874
30985
-32719
31944
-28720
23293
-16079
7632
1400
-10325
18458
-25175
29962
-32450
32450
-29962
25175
-18458
10325
-1400
-7632
16079
-23293
28720
-31944
32719
-30985
26874
-20702
12942
-4190
-4884
13583
-21240
27268
-31205
32749
-31781
28376
-22795
15465
-6949
-2099
10987
-19032
25617
-30238
32540
-32346
29671
-24721
17875
-9658
700
8311
-16685
23780
-29050
32093
-32674
30750
-26467
20154
-12296
3495
5575
-14217
21768
-27650
31412
-32764
31604
-28020
22287
-14844
6264
2798
-11644
19598
-26048
30501
-32615
32227
-29368
24256
-17284
8987
0
-8987
17284
-24256
29368
-32227
32615
-30501
26048
-19598
11644
-2798
-6264
14844
-22287
28020
-31604
32764
-31412
27650
-21768
14217
-5575
-3495
12296
-20154
26467
-30750
32674
-32093
29050
-23780
16685
-8311
-700
9658
-17875
24721
-29671
32346
-32540
30238
-25617
19032
-10987
2099
6949
-15465
22795
-28376
31781
-32749
31205
-27268
21240
-13583
4884
4190
-12942
20702
-26874
30985
-32719
31944
-28720
23293
-16079
7632
1400
-10325
18458
-25175
29962
-32450
32450
-29962
25175
-18458
10325
-1400
-7632
16079
-23293
28720
-31944
32719
-30985
26874
-20702
12942
-4190
-4884
13583
-21240
27268
-31205
32749
-31781
28376
-22795
15465
-6949
-2099
10987
-19032
25617
-30238
32540
-32346
29671
-24721
17875
-9658
700
8311
-16685
23780
-29050
32093
-32674
30750
-26467
20154
-12296
3495
5575
-14217
21768
-27650
31412
-32764
31604
-28020
22287
-14844
6264
2798
-11644
19598
-26048
30501
-32615
32227
-29368
24256
-17284
8987
0
-8987
17284
-24256
29368
-32227
32615
-30501
26048
-19598
11644
-2798
-6264
14844
-22287
28020
-31604
32764
-31412
27650
-21768
14217
-5575
-3495
12296
-20154
26467
-30750
32674
-32093
29050
-23780
16685
-8311
-700
9658
-17875
24721
-29671
32346
-32540
30238
-25617
19032
-10987
2099
6949
-15465
22795
-28376
31781
-32749
31205
-27268
21240
-13583
4884
4190
-12942
20702
-26874
30985
-32719
31944
-28720
23293
-16079
7632
1400
-10325
18458
-25175
29962
-32450
32450
-29962
25175
-18458
10325
-1400
-7632
16079
-23293
28720
-31944
32719
-30985
26874
-20702
12942
-4190
-4884
13583
-21240
27268
-31205
32749
-31781
28376
-22795
15465
-6949
-2099
10987
-19032
25617
-30238
32540
-32346
29671
-24721
17875
-9658
700
8311
-16685
23780
-29050
32093
-32674
30750
-26467
20154
-12296
3495
5575
-14217
21768
-27650
31412
-32764
31604
-28020
22287
-14844
6264
2798
-11644
19598
-26048
30501
-32615
32227
-29368
24256
-17284
8987
0
-8987
17284
-24256
29368
-32227
32615
-30501
26048
-19598
11644
-2798
-6264
14844
-22287
28020
-31604
32764
-31412
27650
-21768
14217
-5575
-3495
12296
-20154
26467
-30750
32674
-32093
29050
-23780
16685
-8311
-700
9658
-17875
24721
-29671
32346
-32540
30238
-25617
19032
-10987
2099
6949
-15465
22795
-28376
31781
-32749
31205
-27268
21240
-13583
4884
4190
-12942
20702
-26874
30985
-32719
31944
-28720
23293
-16079
7632
1400
-10325
18458
-25175
29962
-32450
32450
-29962
25175
-18458
10325
-1400
-7632
16079
-23293
28720
-31944
32719
-30985
26874
-20702
12942
-4190
-4884
13583
-21240
27268
-31205
32749
-31781
28376
-22795
15465
-6949
-2099
10987
-19032
25617
-30238
32540
-32346
29671
-24721
17875
-9658
700
8311
-16685
23780
-29050
32093
-32674
30750
-26467
20154
-12296
3495
5575
-14217
21768
-27650
31412
-32764
31604
-28020
22287
-14844
6264
2798
-11644
19598
-26048
30501
-32615
32227
-29368
24256
-17284
8987
0
-8987
17284
-24256
29368
-32227
32615
-30501
26048
-19598
11644
-2798
-6264
14844
-22287
28020
-31604
32764
-31412
27650
-21768
14217
-5575
-3495
12296
-20154
26467
-30750
32674
-32093
29050
-23780
16685
-8311
-700
9658
-17875
24721
-29671
32346
-32540
30238
-25617
19032
-10987
2099
6949
-15465
22795
-28376
31781
-32749
31205
-27268
21240
-13583
4884
4190
-12942
20702
-26874
30985
-32719
31944
-28720
23293
-16079
7632
1400
-10325
18458
-25175
29962
-32450
32450
-29962
25175
-18458
10325
-1400
-7632
16079
-23293
28720
-31944
32719
-30985
26874
-20702
12942
-4190
-4884
13583
-21240
27268
-31205
32749
-31781
28376
-22795
15465
-6949
-2099
10987
-19032
25617
-30238
32540
-32346
29671
-24721
17875
-9658
700
8311
-16685
23780
-29050
32093
-32674
30750
-26467
20154
-12296
3495
5575
-14217
21768
-27650
31412
-32764
31604
-28020
22287
-14844
6264
2798
-11644
19598
-26048
30501
-32615
32227
-29368
24256
-17284
8987
0
-8987
17284
-24256
29368
-32227
32615
-30501
26048
-19598
11644
-2798
-6264
14844
-22287
28020
-31604
32764
-31412
27650
-21768
14217
-5575
-3495
12296
-20154
26467
-30750
32674
-32093
29050
-23780
16685
-8311
-700
9658
-17875
24721
-29671
32346
-32540
30238
-25617
19032
-10987
2099
6949
-15465
22795
-28376
31781
-32749
31205
-27268
21240
-13583
4884
4190
-12942
20702
-26874
30985
-32719
31944
-28720
23293
-16079
7632
1400
-10325
18458
-25175
29962
-32450
32450
-29962
25175
-18458
10325
-1400
-7632
16079
-23293
28720
-31944
32719
-30985
26874
-20702
12942
-4190
-4884
13583
-21240
27268
-31205
32749
-31781
28376
-22795
15465
-6949
-2099
10987
-19032
25617
-30238
32540
-32346
29671
-24721
17875
-9658
700
8311
-16685
23780
-29050
32093
-32674
30750
-26467
20154
-12296
3495
5575
-14217
21768
-27650
31412
-32764
31604
-28020
22287
-14844
6264
2798
-11644
19598
-26048
30501
-32615
32227
-29368
24256
-17284
8987
0
-8987
17284
-24256
29368
-32227
32615
-30501
26048
-19598
11644
-2798
-6264
14844
-22287
28020
-31604
32764
-31412
27650
-21768
14217
-5575
-3495
12296
-20154
26467
-30750
32674
-32093
29050
-23780
16685
-8311
-700
9658
-17875
24721
-29671
32346
-32540
30238
-25617
19032
-10987
2099
6949
-15465
22795
-28376
31781
-32749
31205
-27268
21240
-13583
4884
4190
-12942
20702
-26874
30985
-32719
31944
-28720
23293
-16079
7632
1400
-10325
18458
-25175
29962
-32450
32450
-29962
25175
-18458
10325
-1400
-7632
16079
-23293
28720
-31944
32719
-30985
26874
-20702
12942
-4190
-4884
13583
-21240
27268
-31205
32749
-31781
28376
-22795
15465
-6949
-2099
10987
-19032
25617
-30238
32540
-32346
29671
-24721
17875
-9658
700
8311
-16685
23780
-29050
32093
-32674
30750
-26467
20154
-12296
3495
5575
-14217
21768
-27650
31412
-32764
31604
-28020
22287
-14844
6264
2798
-11644
19598
-26048
30501
-32615
32227
-29368
24256
-17284
8987
0
-8987
17284
-24256
29368
-32227
32615
-30501
26048
-19598
11644
-2798
-6264
14844
-22287
28020
-31604
32764
-31412
27650
-21768
14217
-5575
-3495
12296
-20154
26467
-30750
32674
-32093
29050
-23780
16685
-8311
-700
9658
-17875
24721
-29671
32346
-32540
30238
-25617
19032
-10987
2099
6949
-15465
22795
-28376
31781
-32749
31205
-27268
21240
-13583
4884
4190
-12942
20702
-26874
30985
-32719
31944
-28720
23293
-16079
7632
1400
-10325
18458
-25175
29962
-32450
32450
-29962
25175
-18458
10325
-1400
-7632
16079
-23293
28720
-31944
32719
-30985
26874
-20702
12942
-4190
-4884
13583
-21240
27268
-31205
32749
-31781
28376
-22795
15465
-6949
-2099
10987
-19032
25617
-30238
32540
-32346
29671
-24721
17875
-9658
700
8311
-16685
23780
-29050
32093
-32674
30750
-26467
20154
-12296
3495
5575
-14217
21768
-27650
31412
-32764
31604
-28020
22287
-14844
6264
2798
-11644
19598
-26048
30501
-32615
32227
-29368
24256
-17284
8987
0
-8987
17284
-24256
29368
-32227
32615
-30501
26048
-19598
11644
-2798
-6264
14844
-22287
28020
-31604
32764
-31412
27650
-21768
14217
-5575
-3495
12296
-20154
26467
-30750
32674
-32093
29050
-23780
16685
-8311
-700
9658
-17875
24721
-29671
32346
-32540
30238
-25617
19032
-10987
2099
6949
-15465
22795
-28376
31781
-32749
31205
-27268
21240
-13583
4884
4190
-12942
20702
-26874
30985
-32719
31944
-28720
23293
-16079
7632
1400
-10325
18458
-25175
29962
-32450
32450
-29962
25175
-18458
10325
-1400
-7632
16079
-23293
28720
-31944
32719
-30985
26874
-20702
12942
-4190
-4884
13583
-21240
27268
-31205
32749
-31781
28376
-22795
15465
-6949
-2099
10987
-19032
25617
-30238
32540
-32346
29671
-24721
17875
-9658
700
8311
-16685
23780
-29050
32093
-32674
30750
-26467
20154
-12296
3495
5575
-14217
21768
-27650
31412
-32764
31604
-28020
22287
-14844
6264
2798
-11644
19598
-26048
30501
-32615
32227
-29368
24256
-17284
8987
0
-8987
17284
-24256
29368
-32227
32615
-30501
26048
-19598
11644
-2798
-6264
14844
-22287
28020
-31604
32764
-31412
27650
-21768
14217
-5575
-3495
12296
-20154
26467
-30750
32674
-32093
29050
-23780
16685
-8311
-700
9658
-17875
24721
-29671
32346
-32540
30238
-25617
19032
-10987
2099
6949
-15465
22795
-28376
31781
-32749
31205
-27268
21240
-13583
4884
4190
-12942
20702
-26874
30985
-32719
31944
-28720
23293
-16079
7632
1400
-10325
18458
-25175
29962
-32450
32450
-29962
25175
-18458
10325
-1400
-7632
16079
-23293
28720
-31944
32719
-30985
26874
-20702
12942
-4190
-4884
13583
-21240
27268
-31205
32749
-31781
28376
-22795
15465
-6949
-2099
10987
-19032
25617
-30238
32540
-32346
29671
-24721
17875
-9658
700
8311
-16685
23780
-29050
32093
-32674
30750
-26467
20154
-12296
3495
5575
-14217
21768
-27650
31412
-32764
31604
-28020
22287
-14844
6264
2798
-11644
19598
-26048
30501
-32615
32227
-29368
24256
-17284
8987
0
-8987
17284
-24256
29368
-32227
32615
-30501
26048
-19598
11644
-2798
-6264
14844
-22287
28020
-31604
32764
-31412
27650
-21768
14217
-5575
-3495
12296
-20154
26467
-30750
32674
-32093
29050
-23780
16685
-8311
-700
9658
-17875
24721
-29671
32346
-32540
30238
-25617
19032
-10987
2099
6949
-15465
22795
-28376
31781
-32749
31205
-27268
21240
-13583
4884
4190
-12942
20702
-26874
30985
-32719
31944
-28720
23293
-16079
7632
1400
-10325
18458
-25175
29962
-32450
32450
-29962
25175
-18458
10325
-1400
-7632
16079
-23293
28720
-31944
32719
-30985
26874
-20702
12942
-4190
-4884
13583
-21240
27268
-31205
32749
-31781
28376
-22795
15465
-6949
-2099
10987
-19032
25617
-30238
32540
-32346
29671
-24721
17875
-9658
700
8311
-16685
23780
-29050
32093
-32674
30750
-26467
20154
-12296
3495
5575
-14217
21768
-27650
31412
-32764
31604
-28020
22287
-14844
6264
2798
-11644
19598
-26048
30501
-32615
32227
-29368
24256
-17284
8987
0
-8987
17284
-24256
29368
-32227
32615
-30501
26048
-19598
11644
-2798
-6264
14844
-22287
28020
-31604
32764
-31412
27650
-21768
14217
-5575
-3495
12296
-20154
26467
-30750
32674
-32093
29050
-23780
16685
-8311
-700
9658
-17875
24721
-29671
32346
-32540
30238
-25617
19032
-10987
2099
6949
-15465
22795
-28376
31781
-32749
31205
-27268
21240
-13583
4884
4190
-12942
20702
-26874
30985
-32719
31944
-28720
23293
-16079
7632
1400
-10325
18458
-25175
29962
-32450
32450
-29962
25175
-18458
10325
-1400
-7632
16079
-23293
28720
-31944
32719
-30985
26874
-20702
12942
-4190
-4884
13583
-21240
27268
-31205
32749
-31781
28376
-22795
15465
-6949
-2099
10987
-19032
25617
-30238
32540
-32346
29671
-24721
17875
-9658
700
8311
-16685
23780
-29050
32093
-32674
30750
-26467
20154
-12296
3495
5575
-14217
21768
-27650
31412
-32764
31604
-28020
22287
-14844
6264
2798
-11644
19598
-26048
30501
-32615
32227
-29368
24256
-17284
8987
0
-8987
17284
-24256
29368
-32227
32615
-30501
26048
-19598
11644
-2798
-6264
14844
-22287
28020
-31604
32764
-31412
27650
-21768
14217
-5575
-3495
12296
-20154
26467
-30750
32674
-32093
29050
-23780
16685
-8311
-700
9658
-17875
24721
-29671
32346
-32540
30238
-25617
19032
-10987
2099
6949
-15465
22795
-28376
31781
-32749
31205
-27268
21240
-13583
4884
4190
-12942
20702
-26874
30985
-32719
31944
-28720
23293
-16079
7632
1400
-10325
18458
-25175
29962
-32450
32450
-29962
25175
-18458
10325
-1400
-7632
16079
-23293
28720
-31944
32719
-30985
26874
-20702
12942
-4190
-4884
13583
-21240
27268
-31205
32749
-31781
28376
-22795
15465
-6949
-2099
10987
-19032
25617
-30238
32540
-32346
29671
-24721
17875
-9658
700
8311
-16685
23780
-29050
32093
-32674
30750
-26467
20154
-12296
3495
5575
-14217
21768
-27650
31412
-32764
31604
-28020
22287
-14844
6264
2798
-11644
19598
-26048
30501
-32615
32227
-29368
24256
-17284
8987
0
-8987
17284
-24256
29368
-32227
32615
-30501
26048
-19598
11644
-2798
-6264
14844
-22287
28020
-31604
32764
-31412
27650
-21768
14217
-5575
-3495
12296
-20154
26467
-30750
32674
-32093
29050
-23780
16685
-8311
-700
9658
-17875
24721
-29671
32346
-32540
30238
-25617
19032
-10987
2099
6949
-15465
22795
-28376
31781
-32749
31205
-27268
21240
-13583
4884
4190
-12942
20702
-26874
30985
-32719
31944
-28720
23293
-16079
7632
1400
-10325
18458
-25175
29962
-32450
32450
-29962
25175
-18458
10325
-1400
-7632
16079
-23293
28720
-31944
32719
-30985
26874
-20702
12942
-4190
-4884
13583
-21240
27268
-31205
32749
-31781
28376
-22795
15465
-6949
-2099
10987
-19032
25617
-30238
32540
-32346
29671
-24721
17875
-9658
700
8311
-16685
23780
-29050
32093
-32674
30750
-26467
20154
-12296
3495
5575
-14217
21768
-27650
31412
-32764
31604
-28020
22287
-14844
6264
2798
-11644
19598
-26048
30501
-32615
32227
-29368
24256
-17284
8987
0
-8987
17284
-24256
29368
-32227
32615
-30501
26048
-19598
11644
-2798
-6264
14844
-22287
28020
-31604
32764
-31412
27650
-21768
14217
-5575
-3495
12296
-20154
26467
-30750
32674
-32093
29050
-23780
16685
-8311
-700
9658
-17875
24721
-29671
32346
-32540
30238
-25617
19032
-10987
2099
6949
-15465
22795
-28376
31781
-32749
31205
-27268
21240
-13583
4884
4190
-12942
20702
-26874
30985
-32719
31944
-28720
23293
-16079
7632
1400
-10325
18458
-25175
29962
-32450
32450
-29962
25175
-18458
10325
-1400
-7632
16079
-23293
28720
-31944
32719
-30985
26874
-20702
12942
-4190
-4884
13583
-21240
27268
-31205
32749
-31781
28376
-22795
15465
-6949
-2099
10987
-19032
25617
-30238
32540
-32346
29671
-24721
17875
-9658
700
8311
-16685
23780
-29050
32093
-32674
30750
-26467
20154
-12296
3495
5575
-14217
21768
-27650
31412
-32764
31604
-28020
22287
-14844
6264
2798
-11644
19598
-26048
30501
-32615
32227
-29368
24256
-17284
8987
0
-8987
17284
-24256
29368
-32227
32615
-30501
26048
-19598
11644
-2798
-6264
14844
-22287
28020
-31604
32764
-31412
27650
-21768
14217
-5575
-3495
12296
-20154
26467
-30750
32674
-32093
29050
-23780
16685
-8311
-700
9658
-17875
24721
-29671
32346
-32540
30238
-25617
19032
-10987
2099
6949
-15465
22795
-28376
31781
-32749
31205
-27268
21240
-13583
4884
4190
-12942
20702
-26874
30985
-32719
31944
-28720
23293
-16079
7632
1400
-10325
18458
-25175
29962
-32450
32450
-29962
25175
-18458
10325
-1400
-7632
16079
-23293
28720
-31944
32719
-30985
26874
-20702
12942
-4190
-4884
13583
-21240
27268
-31205
32749
-31781
28376
-22795
15465
-6949
-2099
10987
-19032
25617
-30238
32540
-32346
29671
-24721
17875
-9658
700
8311
-16685
23780
-29050
32093
-32674
30750
-26467
20154
-12296
3495
5575
-14217
21768
-27650
31412
-32764
31604
-28020
22287
-14844
6264
2798
-11644
19598
-26048
30501
-32615
32227
-29368
24256
-17284
8987
0
-8987
17284
-24256
29368
-32227
32615
-30501
26048
-19598
11644
-2798
-6264
14844
-22287
28020
-31604
32764
-31412
27650
-21768
14217
-5575
-3495
12296
-20154
26467
-30750
32674
-32093
29050
-23780
16685
-8311
-700
9658
-17875
24721
-29671
32346
-32540
30238
-25617
19032
-10987
2099
6949
-15465
22795
-28376
31781
-32749
31205
-27268
21240
-13583
4884
4190
-12942
20702
-26874
30985
-32719
31944
-28720
23293
-16079
7632
1400
-10325
18458
-25175
29962
-32450
32450
-29962
25175
-18458
10325
-1400
-7632
16079
-23293
28720
-31944
32719
-30985
26874
-20702
12942
-4190
-4884
13583
-21240
27268
-31205
32749
-31781
28376
-22795
15465
-6949
-2099
10987
-19032
25617
-30238
32540
-32346
29671
-24721
17875
-9658
700
8311
-16685
23780
-29050
32093
-32674
30750
-26467
20154
-12296
3495
5575
-14217
21768
-27650
31412
-32764
31604
-28020
22287
-14844
6264
2798
-11644
19598
-26048
30501
-32615
32227
-29368
24256
-17284
8987
0
-8987
17284
-24256
29368
-32227
32615
-30501
26048
-19598
11644
-2798
-6264
14844
-22287
28020
-31604
32764
-31412
27650
-21768
14217
-5575
-3495
12296
-20154
26467
-30750
32674
-32093
29050
-23780
16685
-8311
-700
9658
-17875
24721
-29671
32346
-32540
30238
-25617
19032
-10987
2099
6949
-15465
22795
-28376
31781
-32749
31205
-27268
21240
-13583
4884
4190
-12942
20702
-26874
30985
-32719
31944
-28720
23293
-16079
7632
1400
-10325
18458
-25175
29962
-32450
32450
-29962
25175
-18458
10325
-1400
-7632
16079
-23293
28720
-31944
32719
-30985
26874
-20702
12942
-4190
-4884
13583
-21240
27268
-31205
32749
-31781
28376
-22795
15465
-6949
-2099
10987
-19032
25617
-30238
32540
-32346
29671
-24721
17875
-9658
700
8311
-16685
23780
-29050
32093
-32674
30750
-26467
20154
-12296
3495
5575
-14217
21768
-27650
31412
-32764
31604
-28020
22287
-14844
6264
2798
-11644
19598
-26048
30501
-32615
32227
-29368
24256
-17284
8987
0
-8987
17284
-24256
29368
-32227
32615
-30501
26048
-19598
11644
-2798
-6264
14844
-22287
28020
-31604
32764
-31412
27650
-21768
14217
-5575
-3495
12296
-20154
26467
-30750
32674
-32093
29050
-23780
16685
-8311
-700
9658
-17875
24721
-29671
32346
-32540
30238
-25617
19032
-10987
2099
6949
-15465
22795
-28376
31781
-32749
31205
-27268
21240
-13583
4884
4190
-12942
20702
-26874
30985
-32719
31944
-28720
23293
-16079
7632
1400
-10325
18458
-25175
29962
-32450
32450
-29962
25175
-18458
10325
-1400
-7632
16079
-23293
28720
-31944
32719
-30985
26874
-20702
12942
-4190
-4884
13583
-21240
27268
-31205
32749
-31781
28376
-22795
15465
-6949
-2099
10987
-19032
25617
-30238
32540
-32346
29671
-24721
17875
-9658
700
8311
-16685
23780
-29050
32093
-32674
30750
-26467
20154
-12296
3495
5575
-14217
21768
-27650
31412
-32764
31604
-28020
22287
-14844
6264
2798
-11644
19598
-26048
30501
-32615
32227
-29368
24256
-17284
8987
0
-8987
17284
-24256
29368
-32227
32615
-30501
26048
-19598
11644
-2798
-6264
14844
-22287
28020
-31604
32764
-31412
27650
-21768
14217
-5575
-3495
12296
-20154
26467
-30750
32674
-32093
29050
-23780
16685
-8311
-700
9658
-17875
24721
-29671
32346
-32540
30238
-25617
19032
-10987
2099
6949
-15465
22795
-28376
31781
-32749
31205
-27268
21240
-13583
4884
4190
-12942
20702
-26874
30985
-32719
31944
-28720
23293
-16079
7632
1400
-10325
18458
-25175
29962
-32450
32450
-29962
25175
-18458
10325
-1400
-7632
16079
-23293
28720
-31944
32719
-30985
26874
-20702
12942
-4190
-4884
13583
-21240
27268
-31205
32749
-31781
28376
-22795
15465
-6949
-2099
10987
-19032
25617
-30238
32540
-32346
29671
-24721
17875
-9658
700
8311
-16685
23780
-29050
32093
-32674
30750
-26467
20154
-12296
3495
5575
-14217
21768
-27650
31412
-32764
31604
-28020
22287
-14844
6264
2798
-11644
19598
-26048
30501
-32615
32227
-29368
24256
-17284
8987
0
-8987
17284
-24256
29368
-32227
32615
-30501
26048
-19598
11644
-2798
-6264
14844
-22287
28020
-31604
32764
-31412
27650
-21768
14217
-5575
-3495
12296
-20154
26467
-30750
32674
-32093
29050
-23780
16685
-8311
-700
9658
-17875
24721
-29671
32346
-32540
30238
-25617
19032
-10987
2099
6949
-15465
22795
-28376
31781
-32749
31205
-27268
21240
-13583
4884
4190
-12942
20702
-26874
30985
-32719
31944
-28720
23293
-16079
7632
1400
-10325
18458
-25175
29962
-32450
32450
-29962
25175
-18458
10325
-1400
-7632
16079
-23293
28720
-31944
32719
-30985
26874
-20702
12942
-4190
-4884
13583
-21240
27268
-31205
32749
-31781
28376
-22795
15465
-6949
-2099
10987
-19032
25617
-30238
32540
-32346
29671
-24721
17875
-9658
700
8311
-16685
23780
-29050
32093
-32674
30750
-26467
20154
-12296
3495
5575
-14217
21768
-27650
31412
-32764
31604
-28020
22287
-14844
6264
2798
-11644
19598
-26048
30501
-32615
32227
-29368
24256
-17284
8987
