0
-4421
8762
-12942
16886
-20520
23780
-26604
28942
-30750
31996
-32656
32719
-32184
31060
-29368
27138
-24412
21240
-17679
13795
-9658
5345
-934
-3495
7859
-12079
16079
-19784
23128
-26048
28492
-30415
31781
-32566
32756
-32346
31345
-29770
27650
-25025
21942
-18458
14636
-10546
6264
-1866
-2565
6949
-11207
15259
-19032
22457
-25471
28020
-30055
31541
-32450
32766
-32482
31604
-30148
28140
-25617
22626
-19222
15465
-11426
7177
-2798
-1633
6034
-10325
14427
-18264
21768
-24874
27524
-29671
31276
-32308
32749
-32591
31837
-30501
28607
-26189
23293
-19970
16282
-12296
8085
-3727
-700
5114
-9435
13583
-17482
21062
-24256
27007
-29263
30985
-32139
32706
-32674
32045
-30830
29050
-26740
23940
-20702
17085
-13156
8987
-4653
233
4190
-8537
12727
-16685
20338
-23618
26467
-28831
30668
-31944
32636
-32731
32227
-31133
29470
-27268
24567
-21417
17875
-14006
9881
-5575
1167
3262
-7632
11862
-15875
19598
-22962
25906
-28376
30327
-31724
32540
-32761
32382
-31412
29866
-27775
25175
-22115
18650
-14844
10767
-6492
2099
2332
-6721
10987
-15052
18842
-22287
25324
-27898
29962
-31477
32417
-32764
32512
-31665
30238
-28259
25762
-22795
19410
-15670
11644
-7405
3030
1400
-5805
10103
-14217
18070
-21593
24721
-27397
29572
-31205
32268
-32741
32615
-31892
30586
-28720
26329
-23456
20154
-16484
12512
-8311
3958
467
-4884
9211
-13370
17284
-20882
24098
-26874
29158
-30908
32093
-32691
32691
-32093
30908
-29158
26874
-24098
20882
-17284
13370
-9211
4884
-467
-3958
8311
-12512
16484
-20154
23456
-26329
28720
-30586
31892
-32615
32741
-32268
31205
-29572
27397
-24721
21593
-18070
14217
-10103
5805
-1400
-3030
7405
-11644
15670
-19410
22795
-25762
28259
-30238
31665
-32512
32764
-32417
31477
-29962
27898
-25324
22287
-18842
15052
-10987
6721
-2332
-2099
6492
-10767
14844
-18650
22115
-25175
27775
-29866
31412
-32382
32761
-32540
31724
-30327
28376
-25906
22962
-19598
15875
-11862
7632
-3262
-1167
5575
-9881
14006
-17875
21417
-24567
27268
-29470
31133
-32227
32731
-32636
31944
-30668
28831
-26467
23618
-20338
16685
-12727
8537
-4190
-233
4653
-8987
13156
-17085
20702
-23940
26740
-29050
30830
-32045
32674
-32706
32139
-30985
29263
-27007
24256
-21062
17482
-13583
9435
-5114
700
3727
-8085
12296
-16282
19970
-23293
26189
-28607
30501
-31837
32591
-32749
32308
-31276
29671
-27524
24874
-21768
18264
-14427
10325
-6034
1633
2798
-7177
11426
-15465
19222
-22626
25617
-28140
30148
-31604
32482
-32766
32450
-31541
30055
-28020
25471
-22457
19032
-15259
11207
-6949
2565
1866
-6264
10546
-14636
18458
-21942
25025
-27650
29770
-31345
32346
-32756
32566
-31781
30415
-28492
26048
-23128
19784
-16079
12079
-7859
3495
934
-5345
9658
-13795
17679
-21240
24412
-27138
29368
-31060
32184
-32719
32656
-31996
30750
-28942
26604
-23780
20520
-16886
12942
-8762
4421
0
-4421
8762
-12942
16886
-20520
23780
-26604
28942
-30750
31996
-32656
32719
-32184
31060
-29368
27138
-24412
21240
-17679
13795
-9658
5345
-934
-3495
7859
-12079
16079
-19784
23128
-26048
28492
-30415
31781
-32566
32756
-32346
31345
-29770
27650
-25025
21942
-18458
14636
-10546
6264
-1866
-2565
6949
-11207
15259
-19032
22457
-25471
28020
-30055
31541
-32450
32766
-32482
31604
-30148
28140
-25617
22626
-19222
15465
-11426
7177
-2798
-1633
6034
-10325
14427
-18264
21768
-24874
27524
-29671
31276
-32308
32749
-32591
31837
-30501
28607
-26189
23293
-19970
16282
-12296
8085
-3727
-700
5114
-9435
13583
-17482
21062
-24256
27007
-29263
30985
-32139
32706
-32674
32045
-30830
29050
-26740
23940
-20702
17085
-13156
8987
-4653
233
4190
-8537
12727
-16685
20338
-23618
26467
-28831
30668
-31944
32636
-32731
32227
-31133
29470
-27268
24567
-21417
17875
-14006
9881
-5575
1167
3262
-7632
11862
-15875
19598
-22962
25906
-28376
30327
-31724
32540
-32761
32382
-31412
29866
-27775
25175
-22115
18650
-14844
10767
-6492
2099
2332
-6721
10987
-15052
18842
-22287
25324
-27898
29962
-31477
32417
-32764
32512
-31665
30238
-28259
25762
-22795
19410
-15670
11644
-7405
3030
1400
-5805
10103
-14217
18070
-21593
24721
-27397
29572
-31205
32268
-32741
32615
-31892
30586
-28720
26329
-23456
20154
-16484
12512
-8311
3958
467
-4884
9211
-13370
17284
-20882
24098
-26874
29158
-30908
32093
-32691
32691
-32093
30908
-29158
26874
-24098
20882
-17284
13370
-9211
4884
-467
-3958
8311
-12512
16484
-20154
23456
-26329
28720
-30586
31892
-32615
32741
-32268
31205
-29572
27397
-24721
21593
-18070
14217
-10103
5805
-1400
-3030
7405
-11644
15670
-19410
22795
-25762
28259
-30238
31665
-32512
32764
-32417
31477
-29962
27898
-25324
22287
-18842
15052
-10987
6721
-2332
-2099
6492
-10767
14844
-18650
22115
-25175
27775
-29866
31412
-32382
32761
-32540
31724
-30327
28376
-25906
22962
-19598
15875
-11862
7632
-3262
-1167
5575
-9881
14006
-17875
21417
-24567
27268
-29470
31133
-32227
32731
-32636
31944
-30668
28831
-26467
23618
-20338
16685
-12727
8537
-4190
-233
4653
-8987
13156
-17085
20702
-23940
26740
-29050
30830
-32045
32674
-32706
32139
-30985
29263
-27007
24256
-21062
17482
-13583
9435
-5114
700
3727
-8085
12296
-16282
19970
-23293
26189
-28607
30501
-31837
32591
-32749
32308
-31276
29671
-27524
24874
-21768
18264
-14427
10325
-6034
1633
2798
-7177
11426
-15465
19222
-22626
25617
-28140
30148
-31604
32482
-32766
32450
-31541
30055
-28020
25471
-22457
19032
-15259
11207
-6949
2565
1866
-6264
10546
-14636
18458
-21942
25025
-27650
29770
-31345
32346
-32756
32566
-31781
30415
-28492
26048
-23128
19784
-16079
12079
-7859
3495
934
-5345
9658
-13795
17679
-21240
24412
-27138
29368
-31060
32184
-32719
32656
-31996
30750
-28942
26604
-23780
20520
-16886
12942
-8762
4421
0
-4421
8762
-12942
16886
-20520
23780
-26604
28942
-30750
31996
-32656
32719
-32184
31060
-29368
27138
-24412
21240
-17679
13795
-9658
5345
-934
-3495
7859
-12079
16079
-19784
23128
-26048
28492
-30415
31781
-32566
32756
-32346
31345
-29770
27650
-25025
21942
-18458
14636
-10546
6264
-1866
-2565
6949
-11207
15259
-19032
22457
-25471
28020
-30055
31541
-32450
32766
-32482
31604
-30148
28140
-25617
22626
-19222
15465
-11426
7177
-2798
-1633
6034
-10325
14427
-18264
21768
-24874
27524
-29671
31276
-32308
32749
-32591
31837
-30501
28607
-26189
23293
-19970
16282
-12296
8085
-3727
-700
5114
-9435
13583
-17482
21062
-24256
27007
-29263
30985
-32139
32706
-32674
32045
-30830
29050
-26740
23940
-20702
17085
-13156
8987
-4653
233
4190
-8537
12727
-16685
20338
-23618
26467
-28831
30668
-31944
32636
-32731
32227
-31133
29470
-27268
24567
-21417
17875
-14006
9881
-5575
1167
3262
-7632
11862
-15875
19598
-22962
25906
-28376
30327
-31724
32540
-32761
32382
-31412
29866
-27775
25175
-22115
18650
-14844
10767
-6492
2099
2332
-6721
10987
-15052
18842
-22287
25324
-27898
29962
-31477
32417
-32764
32512
-31665
30238
-28259
25762
-22795
19410
-15670
11644
-7405
3030
1400
-5805
10103
-14217
18070
-21593
24721
-27397
29572
-31205
32268
-32741
32615
-31892
30586
-28720
26329
-23456
20154
-16484
12512
-8311
3958
467
-4884
9211
-13370
17284
-20882
24098
-26874
29158
-30908
32093
-32691
32691
-32093
30908
-29158
26874
-24098
20882
-17284
13370
-9211
4884
-467
-3958
8311
-12512
16484
-20154
23456
-26329
28720
-30586
31892
-32615
32741
-32268
31205
-29572
27397
-24721
21593
-18070
14217
-10103
5805
-1400
-3030
7405
-11644
15670
-19410
22795
-25762
28259
-30238
31665
-32512
32764
-32417
31477
-29962
27898
-25324
22287
-18842
15052
-10987
6721
-2332
-2099
6492
-10767
14844
-18650
22115
-25175
27775
-29866
31412
-32382
32761
-32540
31724
-30327
28376
-25906
22962
-19598
15875
-11862
7632
-3262
-1167
5575
-9881
14006
-17875
21417
-24567
27268
-29470
31133
-32227
32731
-32636
31944
-30668
28831
-26467
23618
-20338
16685
-12727
8537
-4190
-233
4653
-8987
13156
-17085
20702
-23940
26740
-29050
30830
-32045
32674
-32706
32139
-30985
29263
-27007
24256
-21062
17482
-13583
9435
-5114
700
3727
-8085
12296
-16282
19970
-23293
26189
-28607
30501
-31837
32591
-32749
32308
-31276
29671
-27524
24874
-21768
18264
-14427
10325
-6034
1633
2798
-7177
11426
-15465
19222
-22626
25617
-28140
30148
-31604
32482
-32766
32450
-31541
30055
-28020
25471
-22457
19032
-15259
11207
-6949
2565
1866
-6264
10546
-14636
18458
-21942
25025
-27650
29770
-31345
32346
-32756
32566
-31781
30415
-28492
26048
-23128
19784
-16079
12079
-7859
3495
934
-5345
9658
-13795
17679
-21240
24412
-27138
29368
-31060
32184
-32719
32656
-31996
30750
-28942
26604
-23780
20520
-16886
12942
-8762
4421
0
-4421
8762
-12942
16886
-20520
23780
-26604
28942
-30750
31996
-32656
32719
-32184
31060
-29368
27138
-24412
21240
-17679
13795
-9658
5345
-934
-3495
7859
-12079
16079
-19784
23128
-26048
28492
-30415
31781
-32566
32756
-32346
31345
-29770
27650
-25025
21942
-18458
14636
-10546
6264
-1866
-2565
6949
-11207
15259
-19032
22457
-25471
28020
-30055
31541
-32450
32766
-32482
31604
-30148
28140
-25617
22626
-19222
15465
-11426
7177
-2798
-1633
6034
-10325
14427
-18264
21768
-24874
27524
-29671
31276
-32308
32749
-32591
31837
-30501
28607
-26189
23293
-19970
16282
-12296
8085
-3727
-700
5114
-9435
13583
-17482
21062
-24256
27007
-29263
30985
-32139
32706
-32674
32045
-30830
29050
-26740
23940
-20702
17085
-13156
8987
-4653
233
4190
-8537
12727
-16685
20338
-23618
26467
-28831
30668
-31944
32636
-32731
32227
-31133
29470
-27268
24567
-21417
17875
-14006
9881
-5575
1167
3262
-7632
11862
-15875
19598
-22962
25906
-28376
30327
-31724
32540
-32761
32382
-31412
29866
-27775
25175
-22115
18650
-14844
10767
-6492
2099
2332
-6721
10987
-15052
18842
-22287
25324
-27898
29962
-31477
32417
-32764
32512
-31665
30238
-28259
25762
-22795
19410
-15670
11644
-7405
3030
1400
-5805
10103
-14217
18070
-21593
24721
-27397
29572
-31205
32268
-32741
32615
-31892
30586
-28720
26329
-23456
20154
-16484
12512
-8311
3958
467
-4884
9211
-13370
17284
-20882
24098
-26874
29158
-30908
32093
-32691
32691
-32093
30908
-29158
26874
-24098
20882
-17284
13370
-9211
4884
-467
-3958
8311
-12512
16484
-20154
23456
-26329
28720
-30586
31892
-32615
32741
-32268
31205
-29572
27397
-24721
21593
-18070
14217
-10103
5805
-1400
-3030
7405
-11644
15670
-19410
22795
-25762
28259
-30238
31665
-32512
32764
-32417
31477
-29962
27898
-25324
22287
-18842
15052
-10987
6721
-2332
-2099
6492
-10767
14844
-18650
22115
-25175
27775
-29866
31412
-32382
32761
-32540
31724
-30327
28376
-25906
22962
-19598
15875
-11862
7632
-3262
-1167
5575
-9881
14006
-17875
21417
-24567
27268
-29470
31133
-32227
32731
-32636
31944
-30668
28831
-26467
23618
-20338
16685
-12727
8537
-4190
-233
4653
-8987
13156
-17085
20702
-23940
26740
-29050
30830
-32045
32674
-32706
32139
-30985
29263
-27007
24256
-21062
17482
-13583
9435
-5114
700
3727
-8085
12296
-16282
19970
-23293
26189
-28607
30501
-31837
32591
-32749
32308
-31276
29671
-27524
24874
-21768
18264
-14427
10325
-6034
1633
2798
-7177
11426
-15465
19222
-22626
25617
-28140
30148
-31604
32482
-32766
32450
-31541
30055
-28020
25471
-22457
19032
-15259
11207
-6949
2565
1866
-6264
10546
-14636
18458
-21942
25025
-27650
29770
-31345
32346
-32756
32566
-31781
30415
-28492
26048
-23128
19784
-16079
12079
-7859
3495
934
-5345
9658
-13795
17679
-21240
24412
-27138
29368
-31060
32184
-32719
32656
-31996
30750
-28942
26604
-23780
20520
-16886
12942
-8762
4421
0
-4421
8762
-12942
16886
-20520
23780
-26604
28942
-30750
31996
-32656
32719
-32184
31060
-29368
27138
-24412
21240
-17679
13795
-9658
5345
-934
-3495
7859
-12079
16079
-19784
23128
-26048
28492
-30415
31781
-32566
32756
-32346
31345
-29770
27650
-25025
21942
-18458
14636
-10546
6264
-1866
-2565
6949
-11207
15259
-19032
22457
-25471
28020
-30055
31541
-32450
32766
-32482
31604
-30148
28140
-25617
22626
-19222
15465
-11426
7177
-2798
-1633
6034
-10325
14427
-18264
21768
-24874
27524
-29671
31276
-32308
32749
-32591
31837
-30501
28607
-26189
23293
-19970
16282
-12296
8085
-3727
-700
5114
-9435
13583
-17482
21062
-24256
27007
-29263
30985
-32139
32706
-32674
32045
-30830
29050
-26740
23940
-20702
17085
-13156
8987
-4653
233
4190
-8537
12727
-16685
20338
-23618
26467
-28831
30668
-31944
32636
-32731
32227
-31133
29470
-27268
24567
-21417
17875
-14006
9881
-5575
1167
3262
-7632
11862
-15875
19598
-22962
25906
-28376
30327
-31724
32540
-32761
32382
-31412
29866
-27775
25175
-22115
18650
-14844
10767
-6492
2099
2332
-6721
10987
-15052
18842
-22287
25324
-27898
29962
-31477
32417
-32764
32512
-31665
30238
-28259
25762
-22795
19410
-15670
11644
-7405
3030
1400
-5805
10103
-14217
18070
-21593
24721
-27397
29572
-31205
32268
-32741
32615
-31892
30586
-28720
26329
-23456
20154
-16484
12512
-8311
3958
467
-4884
9211
-13370
17284
-20882
24098
-26874
29158
-30908
32093
-32691
32691
-32093
30908
-29158
26874
-24098
20882
-17284
13370
-9211
4884
-467
-3958
8311
-12512
16484
-20154
23456
-26329
28720
-30586
31892
-32615
32741
-32268
31205
-29572
27397
-24721
21593
-18070
14217
-10103
5805
-1400
-3030
7405
-11644
15670
-19410
22795
-25762
28259
-30238
31665
-32512
32764
-32417
31477
-29962
27898
-25324
22287
-18842
15052
-10987
6721
-2332
-2099
6492
-10767
14844
-18650
22115
-25175
27775
-29866
31412
-32382
32761
-32540
31724
-30327
28376
-25906
22962
-19598
15875
-11862
7632
-3262
-1167
5575
-9881
14006
-17875
21417
-24567
27268
-29470
31133
-32227
32731
-32636
31944
-30668
28831
-26467
23618
-20338
16685
-12727
8537
-4190
-233
4653
-8987
13156
-17085
20702
-23940
26740
-29050
30830
-32045
32674
-32706
32139
-30985
29263
-27007
24256
-21062
17482
-13583
9435
-5114
700
3727
-8085
12296
-16282
19970
-23293
26189
-28607
30501
-31837
32591
-32749
32308
-31276
29671
-27524
24874
-21768
18264
-14427
10325
-6034
1633
2798
-7177
11426
-15465
19222
-22626
25617
-28140
30148
-31604
32482
-32766
32450
-31541
30055
-28020
25471
-22457
19032
-15259
11207
-6949
2565
1866
-6264
10546
-14636
18458
-21942
25025
-27650
29770
-31345
32346
-32756
32566
-31781
30415
-28492
26048
-23128
19784
-16079
12079
-7859
3495
934
-5345
9658
-13795
17679
-21240
24412
-27138
29368
-31060
32184
-32719
32656
-31996
30750
-28942
26604
-23780
20520
-16886
12942
-8762
4421
0
-4421
8762
-12942
16886
-20520
23780
-26604
28942
-30750
31996
-32656
32719
-32184
31060
-29368
27138
-24412
21240
-17679
13795
-9658
5345
-934
-3495
7859
-12079
16079
-19784
23128
-26048
28492
-30415
31781
-32566
32756
-32346
31345
-29770
27650
-25025
21942
-18458
14636
-10546
6264
-1866
-2565
6949
-11207
15259
-19032
22457
-25471
28020
-30055
31541
-32450
32766
-32482
31604
-30148
28140
-25617
22626
-19222
15465
-11426
7177
-2798
-1633
6034
-10325
14427
-18264
21768
-24874
27524
-29671
31276
-32308
32749
-32591
31837
-30501
28607
-26189
23293
-19970
16282
-12296
8085
-3727
-700
5114
-9435
13583
-17482
21062
-24256
27007
-29263
30985
-32139
32706
-32674
32045
-30830
29050
-26740
23940
-20702
17085
-13156
8987
-4653
233
4190
-8537
12727
-16685
20338
-23618
26467
-28831
30668
-31944
32636
-32731
32227
-31133
29470
-27268
24567
-21417
17875
-14006
9881
-5575
1167
3262
-7632
11862
-15875
19598
-22962
25906
-28376
30327
-31724
32540
-32761
32382
-31412
29866
-27775
25175
-22115
18650
-14844
10767
-6492
2099
2332
-6721
10987
-15052
18842
-22287
25324
-27898
29962
-31477
32417
-32764
32512
-31665
30238
-28259
25762
-22795
19410
-15670
11644
-7405
3030
1400
-5805
10103
-14217
18070
-21593
24721
-27397
29572
-31205
32268
-32741
32615
-31892
30586
-28720
26329
-23456
20154
-16484
12512
-8311
3958
467
-4884
9211
-13370
17284
-20882
24098
-26874
29158
-30908
32093
-32691
32691
-32093
30908
-29158
26874
-24098
20882
-17284
13370
-9211
4884
-467
-3958
8311
-12512
16484
-20154
23456
-26329
28720
-30586
31892
-32615
32741
-32268
31205
-29572
27397
-24721
21593
-18070
14217
-10103
5805
-1400
-3030
7405
-11644
15670
-19410
22795
-25762
28259
-30238
31665
-32512
32764
-32417
31477
-29962
27898
-25324
22287
-18842
15052
-10987
6721
-2332
-2099
6492
-10767
14844
-18650
22115
-25175
27775
-29866
31412
-32382
32761
-32540
31724
-30327
28376
-25906
22962
-19598
15875
-11862
7632
-3262
-1167
5575
-9881
14006
-17875
21417
-24567
27268
-29470
31133
-32227
32731
-32636
31944
-30668
28831
-26467
23618
-20338
16685
-12727
8537
-4190
-233
4653
-8987
13156
-17085
20702
-23940
26740
-29050
30830
-32045
32674
-32706
32139
-30985
29263
-27007
24256
-21062
17482
-13583
9435
-5114
700
3727
-8085
12296
-16282
19970
-23293
26189
-28607
30501
-31837
32591
-32749
32308
-31276
29671
-27524
24874
-21768
18264
-14427
10325
-6034
1633
2798
-7177
11426
-15465
19222
-22626
25617
-28140
30148
-31604
32482
-32766
32450
-31541
30055
-28020
25471
-22457
19032
-15259
11207
-6949
2565
1866
-6264
10546
-14636
18458
-21942
25025
-27650
29770
-31345
32346
-32756
32566
-31781
30415
-28492
26048
-23128
19784
-16079
12079
-7859
3495
934
-5345
9658
-13795
17679
-21240
24412
-27138
29368
-31060
32184
-32719
32656
-31996
30750
-28942
26604
-23780
20520
-16886
12942
-8762
4421
0
-4421
8762
-12942
16886
-20520
23780
-26604
28942
-30750
31996
-32656
32719
-32184
31060
-29368
27138
-24412
21240
-17679
13795
-9658
5345
-934
-3495
7859
-12079
16079
-19784
23128
-26048
28492
-30415
31781
-32566
32756
-32346
31345
-29770
27650
-25025
21942
-18458
14636
-10546
6264
-1866
-2565
6949
-11207
15259
-19032
22457
-25471
28020
-30055
31541
-32450
32766
-32482
31604
-30148
28140
-25617
22626
-19222
15465
-11426
7177
-2798
-1633
6034
-10325
14427
-18264
21768
-24874
27524
-29671
31276
-32308
32749
-32591
31837
-30501
28607
-26189
23293
-19970
16282
-12296
8085
-3727
-700
5114
-9435
13583
-17482
21062
-24256
27007
-29263
30985
-32139
32706
-32674
32045
-30830
29050
-26740
23940
-20702
17085
-13156
8987
-4653
233
4190
-8537
12727
-16685
20338
-23618
26467
-28831
30668
-31944
32636
-32731
32227
-31133
29470
-27268
24567
-21417
17875
-14006
9881
-5575
1167
3262
-7632
11862
-15875
19598
-22962
25906
-28376
30327
-31724
32540
-32761
32382
-31412
29866
-27775
25175
-22115
18650
-14844
10767
-6492
2099
2332
-6721
10987
-15052
18842
-22287
25324
-27898
29962
-31477
32417
-32764
32512
-31665
30238
-28259
25762
-22795
19410
-15670
11644
-7405
3030
1400
-5805
10103
-14217
18070
-21593
24721
-27397
29572
-31205
32268
-32741
32615
-31892
30586
-28720
26329
-23456
20154
-16484
12512
-8311
3958
467
-4884
9211
-13370
17284
-20882
24098
-26874
29158
-30908
32093
-32691
32691
-32093
30908
-29158
26874
-24098
20882
-17284
13370
-9211
4884
-467
-3958
8311
-12512
16484
-20154
23456
-26329
28720
-30586
31892
-32615
32741
-32268
31205
-29572
27397
-24721
21593
-18070
14217
-10103
5805
-1400
-3030
7405
-11644
15670
-19410
22795
-25762
28259
-30238
31665
-32512
32764
-32417
31477
-29962
27898
-25324
22287
-18842
15052
-10987
6721
-2332
-2099
6492
-10767
14844
-18650
22115
-25175
27775
-29866
31412
-32382
32761
-32540
31724
-30327
28376
-25906
22962
-19598
15875
-11862
7632
-3262
-1167
5575
-9881
14006
-17875
21417
-24567
27268
-29470
31133
-32227
32731
-32636
31944
-30668
28831
-26467
23618
-20338
16685
-12727
8537
-4190
-233
4653
-8987
13156
-17085
20702
-23940
26740
-29050
30830
-32045
32674
-32706
32139
-30985
29263
-27007
24256
-21062
17482
-13583
9435
-5114
700
3727
-8085
12296
-16282
19970
-23293
26189
-28607
30501
-31837
32591
-32749
32308
-31276
29671
-27524
24874
-21768
18264
-14427
10325
-6034
1633
2798
-7177
11426
-15465
19222
-22626
25617
-28140
30148
-31604
32482
-32766
32450
-31541
30055
-28020
25471
-22457
19032
-15259
11207
-6949
2565
1866
-6264
10546
-14636
18458
-21942
25025
-27650
29770
-31345
32346
-32756
32566
-31781
30415
-28492
26048
-23128
19784
-16079
12079
-7859
3495
934
-5345
9658
-13795
17679
-21240
24412
-27138
29368
-31060
32184
-32719
32656
-31996
30750
-28942
26604
-23780
20520
-16886
12942
-8762
4421
0
-4421
8762
-12942
16886
-20520
23780
-26604
28942
-30750
31996
-32656
32719
-32184
31060
-29368
27138
-24412
21240
-17679
13795
-9658
5345
-934
-3495
7859
-12079
16079
-19784
23128
-26048
28492
-30415
31781
-32566
32756
-32346
31345
-29770
27650
-25025
21942
-18458
14636
-10546
6264
-1866
-2565
6949
-11207
15259
-19032
22457
-25471
28020
-30055
31541
-32450
32766
-32482
31604
-30148
28140
-25617
22626
-19222
15465
-11426
7177
-2798
-1633
6034
-10325
14427
-18264
21768
-24874
27524
-29671
31276
-32308
32749
-32591
31837
-30501
28607
-26189
23293
-19970
16282
-12296
8085
-3727
-700
5114
-9435
13583
-17482
21062
-24256
27007
-29263
30985
-32139
32706
-32674
32045
-30830
29050
-26740
23940
-20702
17085
-13156
8987
-4653
233
4190
-8537
12727
-16685
20338
-23618
26467
-28831
30668
-31944
32636
-32731
32227
-31133
29470
-27268
24567
-21417
17875
-14006
9881
-5575
1167
3262
-7632
11862
-15875
19598
-22962
25906
-28376
30327
-31724
32540
-32761
32382
-31412
29866
-27775
25175
-22115
18650
-14844
10767
-6492
2099
2332
-6721
10987
-15052
18842
-22287
25324
-27898
29962
-31477
32417
-32764
32512
-31665
30238
-28259
25762
-22795
19410
-15670
11644
-7405
3030
1400
-5805
10103
-14217
18070
-21593
24721
-27397
29572
-31205
32268
-32741
32615
-31892
30586
-28720
26329
-23456
20154
-16484
12512
-8311
3958
467
-4884
9211
-13370
17284
-20882
24098
-26874
29158
-30908
32093
-32691
32691
-32093
30908
-29158
26874
-24098
20882
-17284
13370
-9211
4884
-467
-3958
8311
-12512
16484
-20154
23456
-26329
28720
-30586
31892
-32615
32741
-32268
31205
-29572
27397
-24721
21593
-18070
14217
-10103
5805
-1400
-3030
7405
-11644
15670
-19410
22795
-25762
28259
-30238
31665
-32512
32764
-32417
31477
-29962
27898
-25324
22287
-18842
15052
-10987
6721
-2332
-2099
6492
-10767
14844
-18650
22115
-25175
27775
-29866
31412
-32382
32761
-32540
31724
-30327
28376
-25906
22962
-19598
15875
-11862
7632
-3262
-1167
5575
-9881
14006
-17875
21417
-24567
27268
-29470
31133
-32227
32731
-32636
31944
-30668
28831
-26467
23618
-20338
16685
-12727
8537
-4190
-233
4653
-8987
13156
-17085
20702
-23940
26740
-29050
30830
-32045
32674
-32706
32139
-30985
29263
-27007
24256
-21062
17482
-13583
9435
-5114
700
3727
-8085
12296
-16282
19970
-23293
26189
-28607
30501
-31837
32591
-32749
32308
-31276
29671
-27524
24874
-21768
18264
-14427
10325
-6034
1633
2798
-7177
11426
-15465
19222
-22626
25617
-28140
30148
-31604
32482
-32766
32450
-31541
30055
-28020
25471
-22457
19032
-15259
11207
-6949
2565
1866
-6264
10546
-14636
18458
-21942
25025
-27650
29770
-31345
32346
-32756
32566
-31781
30415
-28492
26048
-23128
19784
-16079
12079
-7859
3495
934
-5345
9658
-13795
17679
-21240
24412
-27138
29368
-31060
32184
-32719
32656
-31996
30750
-28942
26604
-23780
20520
-16886
12942
-8762
4421
0
-4421
8762
-12942
16886
-20520
23780
-26604
28942
-30750
31996
-32656
32719
-32184
31060
-29368
27138
-24412
21240
-17679
13795
-9658
5345
-934
-3495
7859
-12079
16079
-19784
23128
-26048
28492
-30415
31781
-32566
32756
-32346
31345
-29770
27650
-25025
21942
-18458
14636
-10546
6264
-1866
-2565
6949
-11207
15259
-19032
22457
-25471
28020
-30055
31541
-32450
32766
-32482
31604
-30148
28140
-25617
22626
-19222
15465
-11426
7177
-2798
-1633
6034
-10325
14427
-18264
21768
-24874
27524
-29671
31276
-32308
32749
-32591
31837
-30501
28607
-26189
23293
-19970
16282
-12296
8085
-3727
-700
5114
-9435
13583
-17482
21062
-24256
27007
-29263
30985
-32139
32706
-32674
32045
-30830
29050
-26740
23940
-20702
17085
-13156
8987
-4653
233
4190
-8537
12727
-16685
20338
-23618
26467
-28831
30668
-31944
32636
-32731
32227
-31133
29470
-27268
24567
-21417
17875
-14006
9881
-5575
1167
3262
-7632
11862
-15875
19598
-22962
25906
-28376
30327
-31724
32540
-32761
32382
-31412
29866
-27775
25175
-22115
18650
-14844
10767
-6492
2099
2332
-6721
10987
-15052
18842
-22287
25324
-27898
29962
-31477
32417
-32764
32512
-31665
30238
-28259
25762
-22795
19410
-15670
11644
-7405
3030
1400
-5805
10103
-14217
18070
-21593
24721
-27397
29572
-31205
32268
-32741
32615
-31892
30586
-28720
26329
-23456
20154
-16484
12512
-8311
3958
467
-4884
9211
-13370
17284
-20882
24098
-26874
29158
-30908
32093
-32691
32691
-32093
30908
-29158
26874
-24098
20882
-17284
13370
-9211
4884
-467
-3958
8311
-12512
16484
-20154
23456
-26329
28720
-30586
31892
-32615
32741
-32268
31205
-29572
27397
-24721
21593
-18070
14217
-10103
5805
-1400
-3030
7405
-11644
15670
-19410
22795
-25762
28259
-30238
31665
-32512
32764
-32417
31477
-29962
27898
-25324
22287
-18842
15052
-10987
6721
-2332
-2099
6492
-10767
14844
-18650
22115
-25175
27775
-29866
31412
-32382
32761
-32540
31724
-30327
28376
-25906
22962
-19598
15875
-11862
7632
-3262
-1167
5575
-9881
14006
-17875
21417
-24567
27268
-29470
31133
-32227
32731
-32636
31944
-30668
28831
-26467
23618
-20338
16685
-12727
8537
-4190
-233
4653
-8987
13156
-17085
20702
-23940
26740
-29050
30830
-32045
32674
-32706
32139
-30985
29263
-27007
24256
-21062
17482
-13583
9435
-5114
700
3727
-8085
12296
-16282
19970
-23293
26189
-28607
30501
-31837
32591
-32749
32308
-31276
29671
-27524
24874
-21768
18264
-14427
10325
-6034
1633
2798
-7177
11426
-15465
19222
-22626
25617
-28140
30148
-31604
32482
-32766
32450
-31541
30055
-28020
25471
-22457
19032
-15259
11207
-6949
2565
1866
-6264
10546
-14636
18458
-21942
25025
-27650
29770
-31345
32346
-32756
32566
-31781
30415
-28492
26048
-23128
19784
-16079
12079
-7859
3495
934
-5345
9658
-13795
17679
-21240
24412
-27138
29368
-31060
32184
-32719
32656
-31996
30750
-28942
26604
-23780
20520
-16886
12942
-8762
4421
0
-4421
8762
-12942
16886
-20520
23780
-26604
28942
-30750
31996
-32656
32719
-32184
31060
-29368
27138
-24412
21240
-17679
13795
-9658
5345
-934
-3495
7859
-12079
16079
-19784
23128
-26048
28492
-30415
31781
-32566
32756
-32346
31345
-29770
27650
-25025
21942
-18458
14636
-10546
6264
-1866
-2565
6949
-11207
15259
-19032
22457
-25471
28020
-30055
31541
-32450
32766
-32482
31604
-30148
28140
-25617
22626
-19222
15465
-11426
7177
-2798
-1633
6034
-10325
14427
-18264
21768
-24874
27524
-29671
31276
-32308
32749
-32591
31837
-30501
28607
-26189
23293
-19970
16282
-12296
8085
-3727
-700
5114
-9435
13583
-17482
21062
-24256
27007
-29263
30985
-32139
32706
-32674
32045
-30830
29050
-26740
23940
-20702
17085
-13156
8987
-4653
233
4190
-8537
12727
-16685
20338
-23618
26467
-28831
30668
-31944
32636
-32731
32227
-31133
29470
-27268
24567
-21417
17875
-14006
9881
-5575
1167
3262
-7632
11862
-15875
19598
-22962
25906
-28376
30327
-31724
32540
-32761
32382
-31412
29866
-27775
25175
-22115
18650
-14844
10767
-6492
2099
2332
-6721
10987
-15052
18842
-22287
25324
-27898
29962
-31477
32417
-32764
32512
-31665
30238
-28259
25762
-22795
19410
-15670
11644
-7405
3030
1400
-5805
10103
-14217
18070
-21593
24721
-27397
29572
-31205
32268
-32741
32615
-31892
30586
-28720
26329
-23456
20154
-16484
12512
-8311
3958
467
-4884
9211
-13370
17284
-20882
24098
-26874
29158
-30908
32093
-32691
32691
-32093
30908
-29158
26874
-24098
20882
-17284
13370
-9211
4884
-467
-3958
8311
-12512
16484
-20154
23456
-26329
28720
-30586
31892
-32615
32741
-32268
31205
-29572
27397
-24721
21593
-18070
14217
-10103
5805
-1400
-3030
7405
-11644
15670
-19410
22795
-25762
28259
-30238
31665
-32512
32764
-32417
31477
-29962
27898
-25324
22287
-18842
15052
-10987
6721
-2332
-2099
6492
-10767
14844
-18650
22115
-25175
27775
-29866
31412
-32382
32761
-32540
31724
-30327
28376
-25906
22962
-19598
15875
-11862
7632
-3262
-1167
5575
-9881
14006
-17875
21417
-24567
27268
-29470
31133
-32227
32731
-32636
31944
-30668
28831
-26467
23618
-20338
16685
-12727
8537
-4190
-233
4653
-8987
13156
-17085
20702
-23940
26740
-29050
30830
-32045
32674
-32706
32139
-30985
29263
-27007
24256
-21062
17482
-13583
9435
-5114
700
3727
-8085
12296
-16282
19970
-23293
26189
-28607
30501
-31837
32591
-32749
32308
-31276
29671
-27524
24874
-21768
18264
-14427
10325
-6034
1633
2798
-7177
11426
-15465
19222
-22626
25617
-28140
30148
-31604
32482
-32766
32450
-31541
30055
-28020
25471
-22457
19032
-15259
11207
-6949
2565
1866
-6264
10546
-14636
18458
-21942
25025
-27650
29770
-31345
32346
-32756
32566
-31781
30415
-28492
26048
-23128
19784
-16079
12079
-7859
3495
934
-5345
9658
-13795
17679
-21240
24412
-27138
29368
-31060
32184
-32719
32656
-31996
30750
-28942
26604
-23780
20520
-16886
12942
-8762
4421
