0
-13370
24412
-31205
32566
-28259
19032
-6492
-7177
19598
-28607
32636
-30985
23940
-12727
-700
14006
-24874
31412
-32482
27898
-18458
5805
7859
-20154
28942
-32691
30750
-23456
12079
1400
-14636
25324
-31604
32382
-27524
17875
-5114
-8537
20702
-29263
32731
-30501
22962
-11426
-2099
15259
-25762
31781
-32268
27138
-17284
4421
9211
-21240
29572
-32756
30238
-22457
10767
2798
-15875
26189
-31944
32139
-26740
16685
-3727
-9881
21768
-29866
32766
-29962
21942
-10103
-3495
16484
-26604
32093
-31996
26329
-16079
3030
10546
-22287
30148
-32761
29671
-21417
9435
4190
-17085
27007
-32227
31837
-25906
15465
-2332
-11207
22795
-30415
32741
-29368
20882
-8762
-4884
17679
-27397
32346
-31665
25471
-14844
1633
11862
-23293
30668
-32706
29050
-20338
8085
5575
-18264
27775
-32450
31477
-25025
14217
-934
-12512
23780
-30908
32656
-28720
19784
-7405
-6264
18842
-28140
32540
-31276
24567
-13583
233
13156
-24256
31133
-32591
28376
-19222
6721
6949
-19410
28492
-32615
31060
-24098
12942
467
-13795
24721
-31345
32512
-28020
18650
-6034
-7632
19970
-28831
32674
-30830
23618
-12296
-1167
14427
-25175
31541
-32417
27650
-18070
5345
8311
-20520
29158
-32719
30586
-23128
11644
1866
-15052
25617
-31724
32308
-27268
17482
-4653
-8987
21062
-29470
32749
-30327
22626
-10987
-2565
15670
-26048
31892
-32184
26874
-16886
3958
9658
-21593
29770
-32764
30055
-22115
10325
3262
-16282
26467
-32045
32045
-26467
16282
-3262
-10325
22115
-30055
32764
-29770
21593
-9658
-3958
16886
-26874
32184
-31892
26048
-15670
2565
10987
-22626
30327
-32749
29470
-21062
8987
4653
-17482
27268
-32308
31724
-25617
15052
-1866
-11644
23128
-30586
32719
-29158
20520
-8311
-5345
18070
-27650
32417
-31541
25175
-14427
1167
12296
-23618
30830
-32674
28831
-19970
7632
6034
-18650
28020
-32512
31345
-24721
13795
-467
-12942
24098
-31060
32615
-28492
19410
-6949
-6721
19222
-28376
32591
-31133
24256
-13156
-233
13583
-24567
31276
-32540
28140
-18842
6264
7405
-19784
28720
-32656
30908
-23780
12512
934
-14217
25025
-31477
32450
-27775
18264
-5575
-8085
20338
-29050
32706
-30668
23293
-11862
-1633
14844
-25471
31665
-32346
27397
-17679
4884
8762
-20882
29368
-32741
30415
-22795
11207
2332
-15465
25906
-31837
32227
-27007
17085
-4190
-9435
21417
-29671
32761
-30148
22287
-10546
-3030
16079
-26329
31996
-32093
26604
-16484
3495
10103
-21942
29962
-32766
29866
-21768
9881
3727
-16685
26740
-32139
31944
-26189
15875
-2798
-10767
22457
-30238
32756
-29572
21240
-9211
-4421
17284
-27138
32268
-31781
25762
-15259
2099
11426
-22962
30501
-32731
29263
-20702
8537
5114
-17875
27524
-32382
31604
-25324
14636
-1400
-12079
23456
-30750
32691
-28942
20154
-7859
-5805
18458
-27898
32482
-31412
24874
-14006
700
12727
-23940
30985
-32636
28607
-19598
7177
6492
-19032
28259
-32566
31205
-24412
13370
0
-13370
24412
-31205
32566
-28259
19032
-6492
-7177
19598
-28607
32636
-30985
23940
-12727
-700
14006
-24874
31412
-32482
27898
-18458
5805
7859
-20154
28942
-32691
30750
-23456
12079
1400
-14636
25324
-31604
32382
-27524
17875
-5114
-8537
20702
-29263
32731
-30501
22962
-11426
-2099
15259
-25762
31781
-32268
27138
-17284
4421
9211
-21240
29572
-32756
30238
-22457
10767
2798
-15875
26189
-31944
32139
-26740
16685
-3727
-9881
21768
-29866
32766
-29962
21942
-10103
-3495
16484
-26604
32093
-31996
26329
-16079
3030
10546
-22287
30148
-32761
29671
-21417
9435
4190
-17085
27007
-32227
31837
-25906
15465
-2332
-11207
22795
-30415
32741
-29368
20882
-8762
-4884
17679
-27397
32346
-31665
25471
-14844
1633
11862
-23293
30668
-32706
29050
-20338
8085
5575
-18264
27775
-32450
31477
-25025
14217
-934
-12512
23780
-30908
32656
-28720
19784
-7405
-6264
18842
-28140
32540
-31276
24567
-13583
233
13156
-24256
31133
-32591
28376
-19222
6721
6949
-19410
28492
-32615
31060
-24098
12942
467
-13795
24721
-31345
32512
-28020
18650
-6034
-7632
19970
-28831
32674
-30830
23618
-12296
-1167
14427
-25175
31541
-32417
27650
-18070
5345
8311
-20520
29158
-32719
30586
-23128
11644
1866
-15052
25617
-31724
32308
-27268
17482
-4653
-8987
21062
-29470
32749
-30327
22626
-10987
-2565
15670
-26048
31892
-32184
26874
-16886
3958
9658
-21593
29770
-32764
30055
-22115
10325
3262
-16282
26467
-32045
32045
-26467
16282
-3262
-10325
22115
-30055
32764
-29770
21593
-9658
-3958
16886
-26874
32184
-31892
26048
-15670
2565
10987
-22626
30327
-32749
29470
-21062
8987
4653
-17482
27268
-32308
31724
-25617
15052
-1866
-11644
23128
-30586
32719
-29158
20520
-8311
-5345
18070
-27650
32417
-31541
25175
-14427
1167
12296
-23618
30830
-32674
28831
-19970
7632
6034
-18650
28020
-32512
31345
-24721
13795
-467
-12942
24098
-31060
32615
-28492
19410
-6949
-6721
19222
-28376
32591
-31133
24256
-13156
-233
13583
-24567
31276
-32540
28140
-18842
6264
7405
-19784
28720
-32656
30908
-23780
12512
934
-14217
25025
-31477
32450
-27775
18264
-5575
-8085
20338
-29050
32706
-30668
23293
-11862
-1633
14844
-25471
31665
-32346
27397
-17679
4884
8762
-20882
29368
-32741
30415
-22795
11207
2332
-15465
25906
-31837
32227
-27007
17085
-4190
-9435
21417
-29671
32761
-30148
22287
-10546
-3030
16079
-26329
31996
-32093
26604
-16484
3495
10103
-21942
29962
-32766
29866
-21768
9881
3727
-16685
26740
-32139
31944
-26189
15875
-2798
-10767
22457
-30238
32756
-29572
21240
-9211
-4421
17284
-27138
32268
-31781
25762
-15259
2099
11426
-22962
30501
-32731
29263
-20702
8537
5114
-17875
27524
-32382
31604
-25324
14636
-1400
-12079
23456
-30750
32691
-28942
20154
-7859
-5805
18458
-27898
32482
-31412
24874
-14006
700
12727
-23940
30985
-32636
28607
-19598
7177
6492
-19032
28259
-32566
31205
-24412
13370
0
-13370
24412
-31205
32566
-28259
19032
-6492
-7177
19598
-28607
32636
-30985
23940
-12727
-700
14006
-24874
31412
-32482
27898
-18458
5805
7859
-20154
28942
-32691
30750
-23456
12079
1400
-14636
25324
-31604
32382
-27524
17875
-5114
-8537
20702
-29263
32731
-30501
22962
-11426
-2099
15259
-25762
31781
-32268
27138
-17284
4421
9211
-21240
29572
-32756
30238
-22457
10767
2798
-15875
26189
-31944
32139
-26740
16685
-3727
-9881
21768
-29866
32766
-29962
21942
-10103
-3495
16484
-26604
32093
-31996
26329
-16079
3030
10546
-22287
30148
-32761
29671
-21417
9435
4190
-17085
27007
-32227
31837
-25906
15465
-2332
-11207
22795
-30415
32741
-29368
20882
-8762
-4884
17679
-27397
32346
-31665
25471
-14844
1633
11862
-23293
30668
-32706
29050
-20338
8085
5575
-18264
27775
-32450
31477
-25025
14217
-934
-12512
23780
-30908
32656
-28720
19784
-7405
-6264
18842
-28140
32540
-31276
24567
-13583
233
13156
-24256
31133
-32591
28376
-19222
6721
6949
-19410
28492
-32615
31060
-24098
12942
467
-13795
24721
-31345
32512
-28020
18650
-6034
-7632
19970
-28831
32674
-30830
23618
-12296
-1167
14427
-25175
31541
-32417
27650
-18070
5345
8311
-20520
29158
-32719
30586
-23128
11644
1866
-15052
25617
-31724
32308
-27268
17482
-4653
-8987
21062
-29470
32749
-30327
22626
-10987
-2565
15670
-26048
31892
-32184
26874
-16886
3958
9658
-21593
29770
-32764
30055
-22115
10325
3262
-16282
26467
-32045
32045
-26467
16282
-3262
-10325
22115
-30055
32764
-29770
21593
-9658
-3958
16886
-26874
32184
-31892
26048
-15670
2565
10987
-22626
30327
-32749
29470
-21062
8987
4653
-17482
27268
-32308
31724
-25617
15052
-1866
-11644
23128
-30586
32719
-29158
20520
-8311
-5345
18070
-27650
32417
-31541
25175
-14427
1167
12296
-23618
30830
-32674
28831
-19970
7632
6034
-18650
28020
-32512
31345
-24721
13795
-467
-12942
24098
-31060
32615
-28492
19410
-6949
-6721
19222
-28376
32591
-31133
24256
-13156
-233
13583
-24567
31276
-32540
28140
-18842
6264
7405
-19784
28720
-32656
30908
-23780
12512
934
-14217
25025
-31477
32450
-27775
18264
-5575
-8085
20338
-29050
32706
-30668
23293
-11862
-1633
14844
-25471
31665
-32346
27397
-17679
4884
8762
-20882
29368
-32741
30415
-22795
11207
2332
-15465
25906
-31837
32227
-27007
17085
-4190
-9435
21417
-29671
32761
-30148
22287
-10546
-3030
16079
-26329
31996
-32093
26604
-16484
3495
10103
-21942
29962
-32766
29866
-21768
9881
3727
-16685
26740
-32139
31944
-26189
15875
-2798
-10767
22457
-30238
32756
-29572
21240
-9211
-4421
17284
-27138
32268
-31781
25762
-15259
2099
11426
-22962
30501
-32731
29263
-20702
8537
5114
-17875
27524
-32382
31604
-25324
14636
-1400
-12079
23456
-30750
32691
-28942
20154
-7859
-5805
18458
-27898
32482
-31412
24874
-14006
700
12727
-23940
30985
-32636
28607
-19598
7177
6492
-19032
28259
-32566
31205
-24412
13370
0
-13370
24412
-31205
32566
-28259
19032
-6492
-7177
19598
-28607
32636
-30985
23940
-12727
-700
14006
-24874
31412
-32482
27898
-18458
5805
7859
-20154
28942
-32691
30750
-23456
12079
1400
-14636
25324
-31604
32382
-27524
17875
-5114
-8537
20702
-29263
32731
-30501
22962
-11426
-2099
15259
-25762
31781
-32268
27138
-17284
4421
9211
-21240
29572
-32756
30238
-22457
10767
2798
-15875
26189
-31944
32139
-26740
16685
-3727
-9881
21768
-29866
32766
-29962
21942
-10103
-3495
16484
-26604
32093
-31996
26329
-16079
3030
10546
-22287
30148
-32761
29671
-21417
9435
4190
-17085
27007
-32227
31837
-25906
15465
-2332
-11207
22795
-30415
32741
-29368
20882
-8762
-4884
17679
-27397
32346
-31665
25471
-14844
1633
11862
-23293
30668
-32706
29050
-20338
8085
5575
-18264
27775
-32450
31477
-25025
14217
-934
-12512
23780
-30908
32656
-28720
19784
-7405
-6264
18842
-28140
32540
-31276
24567
-13583
233
13156
-24256
31133
-32591
28376
-19222
6721
6949
-19410
28492
-32615
31060
-24098
12942
467
-13795
24721
-31345
32512
-28020
18650
-6034
-7632
19970
-28831
32674
-30830
23618
-12296
-1167
14427
-25175
31541
-32417
27650
-18070
5345
8311
-20520
29158
-32719
30586
-23128
11644
1866
-15052
25617
-31724
32308
-27268
17482
-4653
-8987
21062
-29470
32749
-30327
22626
-10987
-2565
15670
-26048
31892
-32184
26874
-16886
3958
9658
-21593
29770
-32764
30055
-22115
10325
3262
-16282
26467
-32045
32045
-26467
16282
-3262
-10325
22115
-30055
32764
-29770
21593
-9658
-3958
16886
-26874
32184
-31892
26048
-15670
2565
10987
-22626
30327
-32749
29470
-21062
8987
4653
-17482
27268
-32308
31724
-25617
15052
-1866
-11644
23128
-30586
32719
-29158
20520
-8311
-5345
18070
-27650
32417
-31541
25175
-14427
1167
12296
-23618
30830
-32674
28831
-19970
7632
6034
-18650
28020
-32512
31345
-24721
13795
-467
-12942
24098
-31060
32615
-28492
19410
-6949
-6721
19222
-28376
32591
-31133
24256
-13156
-233
13583
-24567
31276
-32540
28140
-18842
6264
7405
-19784
28720
-32656
30908
-23780
12512
934
-14217
25025
-31477
32450
-27775
18264
-5575
-8085
20338
-29050
32706
-30668
23293
-11862
-1633
14844
-25471
31665
-32346
27397
-17679
4884
8762
-20882
29368
-32741
30415
-22795
11207
2332
-15465
25906
-31837
32227
-27007
17085
-4190
-9435
21417
-29671
32761
-30148
22287
-10546
-3030
16079
-26329
31996
-32093
26604
-16484
3495
10103
-21942
29962
-32766
29866
-21768
9881
3727
-16685
26740
-32139
31944
-26189
15875
-2798
-10767
22457
-30238
32756
-29572
21240
-9211
-4421
17284
-27138
32268
-31781
25762
-15259
2099
11426
-22962
30501
-32731
29263
-20702
8537
5114
-17875
27524
-32382
31604
-25324
14636
-1400
-12079
23456
-30750
32691
-28942
20154
-7859
-5805
18458
-27898
32482
-31412
24874
-14006
700
12727
-23940
30985
-32636
28607
-19598
7177
6492
-19032
28259
-32566
31205
-24412
13370
0
-13370
24412
-31205
32566
-28259
19032
-6492
-7177
19598
-28607
32636
-30985
23940
-12727
-700
14006
-24874
31412
-32482
27898
-18458
5805
7859
-20154
28942
-32691
30750
-23456
12079
1400
-14636
25324
-31604
32382
-27524
17875
-5114
-8537
20702
-29263
32731
-30501
22962
-11426
-2099
15259
-25762
31781
-32268
27138
-17284
4421
9211
-21240
29572
-32756
30238
-22457
10767
2798
-15875
26189
-31944
32139
-26740
16685
-3727
-9881
21768
-29866
32766
-29962
21942
-10103
-3495
16484
-26604
32093
-31996
26329
-16079
3030
10546
-22287
30148
-32761
29671
-21417
9435
4190
-17085
27007
-32227
31837
-25906
15465
-2332
-11207
22795
-30415
32741
-29368
20882
-8762
-4884
17679
-27397
32346
-31665
25471
-14844
1633
11862
-23293
30668
-32706
29050
-20338
8085
5575
-18264
27775
-32450
31477
-25025
14217
-934
-12512
23780
-30908
32656
-28720
19784
-7405
-6264
18842
-28140
32540
-31276
24567
-13583
233
13156
-24256
31133
-32591
28376
-19222
6721
6949
-19410
28492
-32615
31060
-24098
12942
467
-13795
24721
-31345
32512
-28020
18650
-6034
-7632
19970
-28831
32674
-30830
23618
-12296
-1167
14427
-25175
31541
-32417
27650
-18070
5345
8311
-20520
29158
-32719
30586
-23128
11644
1866
-15052
25617
-31724
32308
-27268
17482
-4653
-8987
21062
-29470
32749
-30327
22626
-10987
-2565
15670
-26048
31892
-32184
26874
-16886
3958
9658
-21593
29770
-32764
30055
-22115
10325
3262
-16282
26467
-32045
32045
-26467
16282
-3262
-10325
22115
-30055
32764
-29770
21593
-9658
-3958
16886
-26874
32184
-31892
26048
-15670
2565
10987
-22626
30327
-32749
29470
-21062
8987
4653
-17482
27268
-32308
31724
-25617
15052
-1866
-11644
23128
-30586
32719
-29158
20520
-8311
-5345
18070
-27650
32417
-31541
25175
-14427
1167
12296
-23618
30830
-32674
28831
-19970
7632
6034
-18650
28020
-32512
31345
-24721
13795
-467
-12942
24098
-31060
32615
-28492
19410
-6949
-6721
19222
-28376
32591
-31133
24256
-13156
-233
13583
-24567
31276
-32540
28140
-18842
6264
7405
-19784
28720
-32656
30908
-23780
12512
934
-14217
25025
-31477
32450
-27775
18264
-5575
-8085
20338
-29050
32706
-30668
23293
-11862
-1633
14844
-25471
31665
-32346
27397
-17679
4884
8762
-20882
29368
-32741
30415
-22795
11207
2332
-15465
25906
-31837
32227
-27007
17085
-4190
-9435
21417
-29671
32761
-30148
22287
-10546
-3030
16079
-26329
31996
-32093
26604
-16484
3495
10103
-21942
29962
-32766
29866
-21768
9881
3727
-16685
26740
-32139
31944
-26189
15875
-2798
-10767
22457
-30238
32756
-29572
21240
-9211
-4421
17284
-27138
32268
-31781
25762
-15259
2099
11426
-22962
30501
-32731
29263
-20702
8537
5114
-17875
27524
-32382
31604
-25324
14636
-1400
-12079
23456
-30750
32691
-28942
20154
-7859
-5805
18458
-27898
32482
-31412
24874
-14006
700
12727
-23940
30985
-32636
28607
-19598
7177
6492
-19032
28259
-32566
31205
-24412
13370
0
-13370
24412
-31205
32566
-28259
19032
-6492
-7177
19598
-28607
32636
-30985
23940
-12727
-700
14006
-24874
31412
-32482
27898
-18458
5805
7859
-20154
28942
-32691
30750
-23456
12079
1400
-14636
25324
-31604
32382
-27524
17875
-5114
-8537
20702
-29263
32731
-30501
22962
-11426
-2099
15259
-25762
31781
-32268
27138
-17284
4421
9211
-21240
29572
-32756
30238
-22457
10767
2798
-15875
26189
-31944
32139
-26740
16685
-3727
-9881
21768
-29866
32766
-29962
21942
-10103
-3495
16484
-26604
32093
-31996
26329
-16079
3030
10546
-22287
30148
-32761
29671
-21417
9435
4190
-17085
27007
-32227
31837
-25906
15465
-2332
-11207
22795
-30415
32741
-29368
20882
-8762
-4884
17679
-27397
32346
-31665
25471
-14844
1633
11862
-23293
30668
-32706
29050
-20338
8085
5575
-18264
27775
-32450
31477
-25025
14217
-934
-12512
23780
-30908
32656
-28720
19784
-7405
-6264
18842
-28140
32540
-31276
24567
-13583
233
13156
-24256
31133
-32591
28376
-19222
6721
6949
-19410
28492
-32615
31060
-24098
12942
467
-13795
24721
-31345
32512
-28020
18650
-6034
-7632
19970
-28831
32674
-30830
23618
-12296
-1167
14427
-25175
31541
-32417
27650
-18070
5345
8311
-20520
29158
-32719
30586
-23128
11644
1866
-15052
25617
-31724
32308
-27268
17482
-4653
-8987
21062
-29470
32749
-30327
22626
-10987
-2565
15670
-26048
31892
-32184
26874
-16886
3958
9658
-21593
29770
-32764
30055
-22115
10325
3262
-16282
26467
-32045
32045
-26467
16282
-3262
-10325
22115
-30055
32764
-29770
21593
-9658
-3958
16886
-26874
32184
-31892
26048
-15670
2565
10987
-22626
30327
-32749
29470
-21062
8987
4653
-17482
27268
-32308
31724
-25617
15052
-1866
-11644
23128
-30586
32719
-29158
20520
-8311
-5345
18070
-27650
32417
-31541
25175
-14427
1167
12296
-23618
30830
-32674
28831
-19970
7632
6034
-18650
28020
-32512
31345
-24721
13795
-467
-12942
24098
-31060
32615
-28492
19410
-6949
-6721
19222
-28376
32591
-31133
24256
-13156
-233
13583
-24567
31276
-32540
28140
-18842
6264
7405
-19784
28720
-32656
30908
-23780
12512
934
-14217
25025
-31477
32450
-27775
18264
-5575
-8085
20338
-29050
32706
-30668
23293
-11862
-1633
14844
-25471
31665
-32346
27397
-17679
4884
8762
-20882
29368
-32741
30415
-22795
11207
2332
-15465
25906
-31837
32227
-27007
17085
-4190
-9435
21417
-29671
32761
-30148
22287
-10546
-3030
16079
-26329
31996
-32093
26604
-16484
3495
10103
-21942
29962
-32766
29866
-21768
9881
3727
-16685
26740
-32139
31944
-26189
15875
-2798
-10767
22457
-30238
32756
-29572
21240
-9211
-4421
17284
-27138
32268
-31781
25762
-15259
2099
11426
-22962
30501
-32731
29263
-20702
8537
5114
-17875
27524
-32382
31604
-25324
14636
-1400
-12079
23456
-30750
32691
-28942
20154
-7859
-5805
18458
-27898
32482
-31412
24874
-14006
700
12727
-23940
30985
-32636
28607
-19598
7177
6492
-19032
28259
-32566
31205
-24412
13370
0
-13370
24412
-31205
32566
-28259
19032
-6492
-7177
19598
-28607
32636
-30985
23940
-12727
-700
14006
-24874
31412
-32482
27898
-18458
5805
7859
-20154
28942
-32691
30750
-23456
12079
1400
-14636
25324
-31604
32382
-27524
17875
-5114
-8537
20702
-29263
32731
-30501
22962
-11426
-2099
15259
-25762
31781
-32268
27138
-17284
4421
9211
-21240
29572
-32756
30238
-22457
10767
2798
-15875
26189
-31944
32139
-26740
16685
-3727
-9881
21768
-29866
32766
-29962
21942
-10103
-3495
16484
-26604
32093
-31996
26329
-16079
3030
10546
-22287
30148
-32761
29671
-21417
9435
4190
-17085
27007
-32227
31837
-25906
15465
-2332
-11207
22795
-30415
32741
-29368
20882
-8762
-4884
17679
-27397
32346
-31665
25471
-14844
1633
11862
-23293
30668
-32706
29050
-20338
8085
5575
-18264
27775
-32450
31477
-25025
14217
-934
-12512
23780
-30908
32656
-28720
19784
-7405
-6264
18842
-28140
32540
-31276
24567
-13583
233
13156
-24256
31133
-32591
28376
-19222
6721
6949
-19410
28492
-32615
31060
-24098
12942
467
-13795
24721
-31345
32512
-28020
18650
-6034
-7632
19970
-28831
32674
-30830
23618
-12296
-1167
14427
-25175
31541
-32417
27650
-18070
5345
8311
-20520
29158
-32719
30586
-23128
11644
1866
-15052
25617
-31724
32308
-27268
17482
-4653
-8987
21062
-29470
32749
-30327
22626
-10987
-2565
15670
-26048
31892
-32184
26874
-16886
3958
9658
-21593
29770
-32764
30055
-22115
10325
3262
-16282
26467
-32045
32045
-26467
16282
-3262
-10325
22115
-30055
32764
-29770
21593
-9658
-3958
16886
-26874
32184
-31892
26048
-15670
2565
10987
-22626
30327
-32749
29470
-21062
8987
4653
-17482
27268
-32308
31724
-25617
15052
-1866
-11644
23128
-30586
32719
-29158
20520
-8311
-5345
18070
-27650
32417
-31541
25175
-14427
1167
12296
-23618
30830
-32674
28831
-19970
7632
6034
-18650
28020
-32512
31345
-24721
13795
-467
-12942
24098
-31060
32615
-28492
19410
-6949
-6721
19222
-28376
32591
-31133
24256
-13156
-233
13583
-24567
31276
-32540
28140
-18842
6264
7405
-19784
28720
-32656
30908
-23780
12512
934
-14217
25025
-31477
32450
-27775
18264
-5575
-8085
20338
-29050
32706
-30668
23293
-11862
-1633
14844
-25471
31665
-32346
27397
-17679
4884
8762
-20882
29368
-32741
30415
-22795
11207
2332
-15465
25906
-31837
32227
-27007
17085
-4190
-9435
21417
-29671
32761
-30148
22287
-10546
-3030
16079
-26329
31996
-32093
26604
-16484
3495
10103
-21942
29962
-32766
29866
-21768
9881
3727
-16685
26740
-32139
31944
-26189
15875
-2798
-10767
22457
-30238
32756
-29572
21240
-9211
-4421
17284
-27138
32268
-31781
25762
-15259
2099
11426
-22962
30501
-32731
29263
-20702
8537
5114
-17875
27524
-32382
31604
-25324
14636
-1400
-12079
23456
-30750
32691
-28942
20154
-7859
-5805
18458
-27898
32482
-31412
24874
-14006
700
12727
-23940
30985
-32636
28607
-19598
7177
6492
-19032
28259
-32566
31205
-24412
13370
0
-13370
24412
-31205
32566
-28259
19032
-6492
-7177
19598
-28607
32636
-30985
23940
-12727
-700
14006
-24874
31412
-32482
27898
-18458
5805
7859
-20154
28942
-32691
30750
-23456
12079
1400
-14636
25324
-31604
32382
-27524
17875
-5114
-8537
20702
-29263
32731
-30501
22962
-11426
-2099
15259
-25762
31781
-32268
27138
-17284
4421
9211
-21240
29572
-32756
30238
-22457
10767
2798
-15875
26189
-31944
32139
-26740
16685
-3727
-9881
21768
-29866
32766
-29962
21942
-10103
-3495
16484
-26604
32093
-31996
26329
-16079
3030
10546
-22287
30148
-32761
29671
-21417
9435
4190
-17085
27007
-32227
31837
-25906
15465
-2332
-11207
22795
-30415
32741
-29368
20882
-8762
-4884
17679
-27397
32346
-31665
25471
-14844
1633
11862
-23293
30668
-32706
29050
-20338
8085
5575
-18264
27775
-32450
31477
-25025
14217
-934
-12512
23780
-30908
32656
-28720
19784
-7405
-6264
18842
-28140
32540
-31276
24567
-13583
233
13156
-24256
31133
-32591
28376
-19222
6721
6949
-19410
28492
-32615
31060
-24098
12942
467
-13795
24721
-31345
32512
-28020
18650
-6034
-7632
19970
-28831
32674
-30830
23618
-12296
-1167
14427
-25175
31541
-32417
27650
-18070
5345
8311
-20520
29158
-32719
30586
-23128
11644
1866
-15052
25617
-31724
32308
-27268
17482
-4653
-8987
21062
-29470
32749
-30327
22626
-10987
-2565
15670
-26048
31892
-32184
26874
-16886
3958
9658
-21593
29770
-32764
30055
-22115
10325
3262
-16282
26467
-32045
32045
-26467
16282
-3262
-10325
22115
-30055
32764
-29770
21593
-9658
-3958
16886
-26874
32184
-31892
26048
-15670
2565
10987
-22626
30327
-32749
29470
-21062
8987
4653
-17482
27268
-32308
31724
-25617
15052
-1866
-11644
23128
-30586
32719
-29158
20520
-8311
-5345
18070
-27650
32417
-31541
25175
-14427
1167
12296
-23618
30830
-32674
28831
-19970
7632
6034
-18650
28020
-32512
31345
-24721
13795
-467
-12942
24098
-31060
32615
-28492
19410
-6949
-6721
19222
-28376
32591
-31133
24256
-13156
-233
13583
-24567
31276
-32540
28140
-18842
6264
7405
-19784
28720
-32656
30908
-23780
12512
934
-14217
25025
-31477
32450
-27775
18264
-5575
-8085
20338
-29050
32706
-30668
23293
-11862
-1633
14844
-25471
31665
-32346
27397
-17679
4884
8762
-20882
29368
-32741
30415
-22795
11207
2332
-15465
25906
-31837
32227
-27007
17085
-4190
-9435
21417
-29671
32761
-30148
22287
-10546
-3030
16079
-26329
31996
-32093
26604
-16484
3495
10103
-21942
29962
-32766
29866
-21768
9881
3727
-16685
26740
-32139
31944
-26189
15875
-2798
-10767
22457
-30238
32756
-29572
21240
-9211
-4421
17284
-27138
32268
-31781
25762
-15259
2099
11426
-22962
30501
-32731
29263
-20702
8537
5114
-17875
27524
-32382
31604
-25324
14636
-1400
-12079
23456
-30750
32691
-28942
20154
-7859
-5805
18458
-27898
32482
-31412
24874
-14006
700
12727
-23940
30985
-32636
28607
-19598
7177
6492
-19032
28259
-32566
31205
-24412
13370
0
-13370
24412
-31205
32566
-28259
19032
-6492
-7177
19598
-28607
32636
-30985
23940
-12727
-700
14006
-24874
31412
-32482
27898
-18458
5805
7859
-20154
28942
-32691
30750
-23456
12079
1400
-14636
25324
-31604
32382
-27524
17875
-5114
-8537
20702
-29263
32731
-30501
22962
-11426
-2099
15259
-25762
31781
-32268
27138
-17284
4421
9211
-21240
29572
-32756
30238
-22457
10767
2798
-15875
26189
-31944
32139
-26740
16685
-3727
-9881
21768
-29866
32766
-29962
21942
-10103
-3495
16484
-26604
32093
-31996
26329
-16079
3030
10546
-22287
30148
-32761
29671
-21417
9435
4190
-17085
27007
-32227
31837
-25906
15465
-2332
-11207
22795
-30415
32741
-29368
20882
-8762
-4884
17679
-27397
32346
-31665
25471
-14844
1633
11862
-23293
30668
-32706
29050
-20338
8085
5575
-18264
27775
-32450
31477
-25025
14217
-934
-12512
23780
-30908
32656
-28720
19784
-7405
-6264
18842
-28140
32540
-31276
24567
-13583
233
13156
-24256
31133
-32591
28376
-19222
6721
6949
-19410
28492
-32615
31060
-24098
12942
467
-13795
24721
-31345
32512
-28020
18650
-6034
-7632
19970
-28831
32674
-30830
23618
-12296
-1167
14427
-25175
31541
-32417
27650
-18070
5345
8311
-20520
29158
-32719
30586
-23128
11644
1866
-15052
25617
-31724
32308
-27268
17482
-4653
-8987
21062
-29470
32749
-30327
22626
-10987
-2565
15670
-26048
31892
-32184
26874
-16886
3958
9658
-21593
29770
-32764
30055
-22115
10325
3262
-16282
26467
-32045
32045
-26467
16282
-3262
-10325
22115
-30055
32764
-29770
21593
-9658
-3958
16886
-26874
32184
-31892
26048
-15670
2565
10987
-22626
30327
-32749
29470
-21062
8987
4653
-17482
27268
-32308
31724
-25617
15052
-1866
-11644
23128
-30586
32719
-29158
20520
-8311
-5345
18070
-27650
32417
-31541
25175
-14427
1167
12296
-23618
30830
-32674
28831
-19970
7632
6034
-18650
28020
-32512
31345
-24721
13795
-467
-12942
24098
-31060
32615
-28492
19410
-6949
-6721
19222
-28376
32591
-31133
24256
-13156
-233
13583
-24567
31276
-32540
28140
-18842
6264
7405
-19784
28720
-32656
30908
-23780
12512
934
-14217
25025
-31477
32450
-27775
18264
-5575
-8085
20338
-29050
32706
-30668
23293
-11862
-1633
14844
-25471
31665
-32346
27397
-17679
4884
8762
-20882
29368
-32741
30415
-22795
11207
2332
-15465
25906
-31837
32227
-27007
17085
-4190
-9435
21417
-29671
32761
-30148
22287
-10546
-3030
16079
-26329
31996
-32093
26604
-16484
3495
10103
-21942
29962
-32766
29866
-21768
9881
3727
-16685
26740
-32139
31944
-26189
15875
-2798
-10767
22457
-30238
32756
-29572
21240
-9211
-4421
17284
-27138
32268
-31781
25762
-15259
2099
11426
-22962
30501
-32731
29263
-20702
8537
5114
-17875
27524
-32382
31604
-25324
14636
-1400
-12079
23456
-30750
32691
-28942
20154
-7859
-5805
18458
-27898
32482
-31412
24874
-14006
700
12727
-23940
30985
-32636
28607
-19598
7177
6492
-19032
28259
-32566
31205
-24412
13370
0
-13370
24412
-31205
32566
-28259
19032
-6492
-7177
19598
-28607
32636
-30985
23940
-12727
-700
14006
-24874
31412
-32482
27898
-18458
5805
7859
-20154
28942
-32691
30750
-23456
12079
1400
-14636
25324
-31604
32382
-27524
17875
-5114
-8537
20702
-29263
32731
-30501
22962
-11426
-2099
15259
-25762
31781
-32268
27138
-17284
4421
9211
-21240
29572
-32756
30238
-22457
10767
2798
-15875
26189
-31944
32139
-26740
16685
-3727
-9881
21768
-29866
32766
-29962
21942
-10103
-3495
16484
-26604
32093
-31996
26329
-16079
3030
10546
-22287
30148
-32761
29671
-21417
9435
4190
-17085
27007
-32227
31837
-25906
15465
-2332
-11207
22795
-30415
32741
-29368
20882
-8762
-4884
17679
-27397
32346
-31665
25471
-14844
1633
11862
-23293
30668
-32706
29050
-20338
8085
5575
-18264
27775
-32450
31477
-25025
14217
-934
-12512
23780
-30908
32656
-28720
19784
-7405
-6264
18842
-28140
32540
-31276
24567
-13583
233
13156
-24256
31133
-32591
28376
-19222
6721
6949
-19410
28492
-32615
31060
-24098
12942
467
-13795
24721
-31345
32512
-28020
18650
-6034
-7632
19970
-28831
32674
-30830
23618
-12296
-1167
14427
-25175
31541
-32417
27650
-18070
5345
8311
-20520
29158
-32719
30586
-23128
11644
1866
-15052
25617
-31724
32308
-27268
17482
-4653
-8987
21062
-29470
32749
-30327
22626
-10987
-2565
15670
-26048
31892
-32184
26874
-16886
3958
9658
-21593
29770
-32764
30055
-22115
10325
3262
-16282
26467
-32045
32045
-26467
16282
-3262
-10325
22115
-30055
32764
-29770
21593
-9658
-3958
16886
-26874
32184
-31892
26048
-15670
2565
10987
-22626
30327
-32749
29470
-21062
8987
4653
-17482
27268
-32308
31724
-25617
15052
-1866
-11644
23128
-30586
32719
-29158
20520
-8311
-5345
18070
-27650
32417
-31541
25175
-14427
1167
12296
-23618
30830
-32674
28831
-19970
7632
6034
-18650
28020
-32512
31345
-24721
13795
-467
-12942
24098
-31060
32615
-28492
19410
-6949
-6721
19222
-28376
32591
-31133
24256
-13156
-233
13583
-24567
31276
-32540
28140
-18842
6264
7405
-19784
28720
-32656
30908
-23780
12512
934
-14217
25025
-31477
32450
-27775
18264
-5575
-8085
20338
-29050
32706
-30668
23293
-11862
-1633
14844
-25471
31665
-32346
27397
-17679
4884
8762
-20882
29368
-32741
30415
-22795
11207
2332
-15465
25906
-31837
32227
-27007
17085
-4190
-9435
21417
-29671
32761
-30148
22287
-10546
-3030
16079
-26329
31996
-32093
26604
-16484
3495
10103
-21942
29962
-32766
29866
-21768
9881
3727
-16685
26740
-32139
31944
-26189
15875
-2798
-10767
22457
-30238
32756
-29572
21240
-9211
-4421
17284
-27138
32268
-31781
25762
-15259
2099
11426
-22962
30501
-32731
29263
-20702
8537
5114
-17875
27524
-32382
31604
-25324
14636
-1400
-12079
23456
-30750
32691
-28942
20154
-7859
-5805
18458
-27898
32482
-31412
24874
-14006
700
12727
-23940
30985
-32636
28607
-19598
7177
6492
-19032
28259
-32566
31205
-24412
13370
