0
-15465
27268
-32615
30238
-20702
6264
9658
-23293
31412
-32093
25175
-12296
-3495
18458
-29050
32764
-28720
17875
-2798
-12942
25617
-32227
31205
-22795
8987
6949
-21240
30501
-32540
26874
-14844
-700
16079
-27650
32674
-29962
20154
-5575
-10325
23780
-31604
31944
-24721
11644
4190
-19032
29368
-32749
28376
-17284
2099
13583
-26048
32346
-30985
22287
-8311
-7632
21768
-30750
32450
-26467
14217
1400
-16685
28020
-32719
29671
-19598
4884
10987
-24256
31781
-31781
24256
-10987
-4884
19598
-29671
32719
-28020
16685
-1400
-14217
26467
-32450
30750
-21768
7632
8311
-22287
30985
-32346
26048
-13583
-2099
17284
-28376
32749
-29368
19032
-4190
-11644
24721
-31944
31604
-23780
10325
5575
-20154
29962
-32674
27650
-16079
700
14844
-26874
32540
-30501
21240
-6949
-8987
22795
-31205
32227
-25617
12942
2798
-17875
28720
-32764
29050
-18458
3495
12296
-25175
32093
-31412
23293
-9658
-6264
20702
-30238
32615
-27268
15465
0
-15465
27268
-32615
30238
-20702
6264
9658
-23293
31412
-32093
25175
-12296
-3495
18458
-29050
32764
-28720
17875
-2798
-12942
25617
-32227
31205
-22795
8987
6949
-21240
30501
-32540
26874
-14844
-700
16079
-27650
32674
-29962
20154
-5575
-10325
23780
-31604
31944
-24721
11644
4190
-19032
29368
-32749
28376
-17284
2099
13583
-26048
32346
-30985
22287
-8311
-7632
21768
-30750
32450
-26467
14217
1400
-16685
28020
-32719
29671
-19598
4884
10987
-24256
31781
-31781
24256
-10987
-4884
19598
-29671
32719
-28020
16685
-1400
-14217
26467
-32450
30750
-21768
7632
8311
-22287
30985
-32346
26048
-13583
-2099
17284
-28376
32749
-29368
19032
-4190
-11644
24721
-31944
31604
-23780
10325
5575
-20154
29962
-32674
27650
-16079
700
14844
-26874
32540
-30501
21240
-6949
-8987
22795
-31205
32227
-25617
12942
2798
-17875
28720
-32764
29050
-18458
3495
12296
-25175
32093
-31412
23293
-9658
-6264
20702
-30238
32615
-27268
15465
0
-15465
27268
-32615
30238
-20702
6264
9658
-23293
31412
-32093
25175
-12296
-3495
18458
-29050
32764
-28720
17875
-2798
-12942
25617
-32227
31205
-22795
8987
6949
-21240
30501
-32540
26874
-14844
-700
16079
-27650
32674
-29962
20154
-5575
-10325
23780
-31604
31944
-24721
11644
4190
-19032
29368
-32749
28376
-17284
2099
13583
-26048
32346
-30985
22287
-8311
-7632
21768
-30750
32450
-26467
14217
1400
-16685
28020
-32719
29671
-19598
4884
10987
-24256
31781
-31781
24256
-10987
-4884
19598
-29671
32719
-28020
16685
-1400
-14217
26467
-32450
30750
-21768
7632
8311
-22287
30985
-32346
26048
-13583
-2099
17284
-28376
32749
-29368
19032
-4190
-11644
24721
-31944
31604
-23780
10325
5575
-20154
29962
-32674
27650
-16079
700
14844
-26874
32540
-30501
21240
-6949
-8987
22795
-31205
32227
-25617
12942
2798
-17875
28720
-32764
29050
-18458
3495
12296
-25175
32093
-31412
23293
-9658
-6264
20702
-30238
32615
-27268
15465
0
-15465
27268
-32615
30238
-20702
6264
9658
-23293
31412
-32093
25175
-12296
-3495
18458
-29050
32764
-28720
17875
-2798
-12942
25617
-32227
31205
-22795
8987
6949
-21240
30501
-32540
26874
-14844
-700
16079
-27650
32674
-29962
20154
-5575
-10325
23780
-31604
31944
-24721
11644
4190
-19032
29368
-32749
28376
-17284
2099
13583
-26048
32346
-30985
22287
-8311
-7632
21768
-30750
32450
-26467
14217
1400
-16685
28020
-32719
29671
-19598
4884
10987
-24256
31781
-31781
24256
-10987
-4884
19598
-29671
32719
-28020
16685
-1400
-14217
26467
-32450
30750
-21768
7632
8311
-22287
30985
-32346
26048
-13583
-2099
17284
-28376
32749
-29368
19032
-4190
-11644
24721
-31944
31604
-23780
10325
5575
-20154
29962
-32674
27650
-16079
700
14844
-26874
32540
-30501
21240
-6949
-8987
22795
-31205
32227
-25617
12942
2798
-17875
28720
-32764
29050
-18458
3495
12296
-25175
32093
-31412
23293
-9658
-6264
20702
-30238
32615
-27268
15465
0
-15465
27268
-32615
30238
-20702
6264
9658
-23293
31412
-32093
25175
-12296
-3495
18458
-29050
32764
-28720
17875
-2798
-12942
25617
-32227
31205
-22795
8987
6949
-21240
30501
-32540
26874
-14844
-700
16079
-27650
32674
-29962
20154
-5575
-10325
23780
-31604
31944
-24721
11644
4190
-19032
29368
-32749
28376
-17284
2099
13583
-26048
32346
-30985
22287
-8311
-7632
21768
-30750
32450
-26467
14217
1400
-16685
28020
-32719
29671
-19598
4884
10987
-24256
31781
-31781
24256
-10987
-4884
19598
-29671
32719
-28020
16685
-1400
-14217
26467
-32450
30750
-21768
7632
8311
-22287
30985
-32346
26048
-13583
-2099
17284
-28376
32749
-29368
19032
-4190
-11644
24721
-31944
31604
-23780
10325
5575
-20154
29962
-32674
27650
-16079
700
14844
-26874
32540
-30501
21240
-6949
-8987
22795
-31205
32227
-25617
12942
2798
-17875
28720
-32764
29050
-18458
3495
12296
-25175
32093
-31412
23293
-9658
-6264
20702
-30238
32615
-27268
15465
0
-15465
27268
-32615
30238
-20702
6264
9658
-23293
31412
-32093
25175
-12296
-3495
18458
-29050
32764
-28720
17875
-2798
-12942
25617
-32227
31205
-22795
8987
6949
-21240
30501
-32540
26874
-14844
-700
16079
-27650
32674
-29962
20154
-5575
-10325
23780
-31604
31944
-24721
11644
4190
-19032
29368
-32749
28376
-17284
2099
13583
-26048
32346
-30985
22287
-8311
-7632
21768
-30750
32450
-26467
14217
1400
-16685
28020
-32719
29671
-19598
4884
10987
-24256
31781
-31781
24256
-10987
-4884
19598
-29671
32719
-28020
16685
-1400
-14217
26467
-32450
30750
-21768
7632
8311
-22287
30985
-32346
26048
-13583
-2099
17284
-28376
32749
-29368
19032
-4190
-11644
24721
-31944
31604
-23780
10325
5575
-20154
29962
-32674
27650
-16079
700
14844
-26874
32540
-30501
21240
-6949
-8987
22795
-31205
32227
-25617
12942
2798
-17875
28720
-32764
29050
-18458
3495
12296
-25175
32093
-31412
23293
-9658
-6264
20702
-30238
32615
-27268
15465
0
-15465
27268
-32615
30238
-20702
6264
9658
-23293
31412
-32093
25175
-12296
-3495
18458
-29050
32764
-28720
17875
-2798
-12942
25617
-32227
31205
-22795
8987
6949
-21240
30501
-32540
26874
-14844
-700
16079
-27650
32674
-29962
20154
-5575
-10325
23780
-31604
31944
-24721
11644
4190
-19032
29368
-32749
28376
-17284
2099
13583
-26048
32346
-30985
22287
-8311
-7632
21768
-30750
32450
-26467
14217
1400
-16685
28020
-32719
29671
-19598
4884
10987
-24256
31781
-31781
24256
-10987
-4884
19598
-29671
32719
-28020
16685
-1400
-14217
26467
-32450
30750
-21768
7632
8311
-22287
30985
-32346
26048
-13583
-2099
17284
-28376
32749
-29368
19032
-4190
-11644
24721
-31944
31604
-23780
10325
5575
-20154
29962
-32674
27650
-16079
700
14844
-26874
32540
-30501
21240
-6949
-8987
22795
-31205
32227
-25617
12942
2798
-17875
28720
-32764
29050
-18458
3495
12296
-25175
32093
-31412
23293
-9658
-6264
20702
-30238
32615
-27268
15465
0
-15465
27268
-32615
30238
-20702
6264
9658
-23293
31412
-32093
25175
-12296
-3495
18458
-29050
32764
-28720
17875
-2798
-12942
25617
-32227
31205
-22795
8987
6949
-21240
30501
-32540
26874
-14844
-700
16079
-27650
32674
-29962
20154
-5575
-10325
23780
-31604
31944
-24721
11644
4190
-19032
29368
-32749
28376
-17284
2099
13583
-26048
32346
-30985
22287
-8311
-7632
21768
-30750
32450
-26467
14217
1400
-16685
28020
-32719
29671
-19598
4884
10987
-24256
31781
-31781
24256
-10987
-4884
19598
-29671
32719
-28020
16685
-1400
-14217
26467
-32450
30750
-21768
7632
8311
-22287
30985
-32346
26048
-13583
-2099
17284
-28376
32749
-29368
19032
-4190
-11644
24721
-31944
31604
-23780
10325
5575
-20154
29962
-32674
27650
-16079
700
14844
-26874
32540
-30501
21240
-6949
-8987
22795
-31205
32227
-25617
12942
2798
-17875
28720
-32764
29050
-18458
3495
12296
-25175
32093
-31412
23293
-9658
-6264
20702
-30238
32615
-27268
15465
0
-15465
27268
-32615
30238
-20702
6264
9658
-23293
31412
-32093
25175
-12296
-3495
18458
-29050
32764
-28720
17875
-2798
-12942
25617
-32227
31205
-22795
8987
6949
-21240
30501
-32540
26874
-14844
-700
16079
-27650
32674
-29962
20154
-5575
-10325
23780
-31604
31944
-24721
11644
4190
-19032
29368
-32749
28376
-17284
2099
13583
-26048
32346
-30985
22287
-8311
-7632
21768
-30750
32450
-26467
14217
1400
-16685
28020
-32719
29671
-19598
4884
10987
-24256
31781
-31781
24256
-10987
-4884
19598
-29671
32719
-28020
16685
-1400
-14217
26467
-32450
30750
-21768
7632
8311
-22287
30985
-32346
26048
-13583
-2099
17284
-28376
32749
-29368
19032
-4190
-11644
24721
-31944
31604
-23780
10325
5575
-20154
29962
-32674
27650
-16079
700
14844
-26874
32540
-30501
21240
-6949
-8987
22795
-31205
32227
-25617
12942
2798
-17875
28720
-32764
29050
-18458
3495
12296
-25175
32093
-31412
23293
-9658
-6264
20702
-30238
32615
-27268
15465
0
-15465
27268
-32615
30238
-20702
6264
9658
-23293
31412
-32093
25175
-12296
-3495
18458
-29050
32764
-28720
17875
-2798
-12942
25617
-32227
31205
-22795
8987
6949
-21240
30501
-32540
26874
-14844
-700
16079
-27650
32674
-29962
20154
-5575
-10325
23780
-31604
31944
-24721
11644
4190
-19032
29368
-32749
28376
-17284
2099
13583
-26048
32346
-30985
22287
-8311
-7632
21768
-30750
32450
-26467
14217
1400
-16685
28020
-32719
29671
-19598
4884
10987
-24256
31781
-31781
24256
-10987
-4884
19598
-29671
32719
-28020
16685
-1400
-14217
26467
-32450
30750
-21768
7632
8311
-22287
30985
-32346
26048
-13583
-2099
17284
-28376
32749
-29368
19032
-4190
-11644
24721
-31944
31604
-23780
10325
5575
-20154
29962
-32674
27650
-16079
700
14844
-26874
32540
-30501
21240
-6949
-8987
22795
-31205
32227
-25617
12942
2798
-17875
28720
-32764
29050
-18458
3495
12296
-25175
32093
-31412
23293
-9658
-6264
20702
-30238
32615
-27268
15465
0
-15465
27268
-32615
30238
-20702
6264
9658
-23293
31412
-32093
25175
-12296
-3495
18458
-29050
32764
-28720
17875
-2798
-12942
25617
-32227
31205
-22795
8987
6949
-21240
30501
-32540
26874
-14844
-700
16079
-27650
32674
-29962
20154
-5575
-10325
23780
-31604
31944
-24721
11644
4190
-19032
29368
-32749
28376
-17284
2099
13583
-26048
32346
-30985
22287
-8311
-7632
21768
-30750
32450
-26467
14217
1400
-16685
28020
-32719
29671
-19598
4884
10987
-24256
31781
-31781
24256
-10987
-4884
19598
-29671
32719
-28020
16685
-1400
-14217
26467
-32450
30750
-21768
7632
8311
-22287
30985
-32346
26048
-13583
-2099
17284
-28376
32749
-29368
19032
-4190
-11644
24721
-31944
31604
-23780
10325
5575
-20154
29962
-32674
27650
-16079
700
14844
-26874
32540
-30501
21240
-6949
-8987
22795
-31205
32227
-25617
12942
2798
-17875
28720
-32764
29050
-18458
3495
12296
-25175
32093
-31412
23293
-9658
-6264
20702
-30238
32615
-27268
15465
0
-15465
27268
-32615
30238
-20702
6264
9658
-23293
31412
-32093
25175
-12296
-3495
18458
-29050
32764
-28720
17875
-2798
-12942
25617
-32227
31205
-22795
8987
6949
-21240
30501
-32540
26874
-14844
-700
16079
-27650
32674
-29962
20154
-5575
-10325
23780
-31604
31944
-24721
11644
4190
-19032
29368
-32749
28376
-17284
2099
13583
-26048
32346
-30985
22287
-8311
-7632
21768
-30750
32450
-26467
14217
1400
-16685
28020
-32719
29671
-19598
4884
10987
-24256
31781
-31781
24256
-10987
-4884
19598
-29671
32719
-28020
16685
-1400
-14217
26467
-32450
30750
-21768
7632
8311
-22287
30985
-32346
26048
-13583
-2099
17284
-28376
32749
-29368
19032
-4190
-11644
24721
-31944
31604
-23780
10325
5575
-20154
29962
-32674
27650
-16079
700
14844
-26874
32540
-30501
21240
-6949
-8987
22795
-31205
32227
-25617
12942
2798
-17875
28720
-32764
29050
-18458
3495
12296
-25175
32093
-31412
23293
-9658
-6264
20702
-30238
32615
-27268
15465
0
-15465
27268
-32615
30238
-20702
6264
9658
-23293
31412
-32093
25175
-12296
-3495
18458
-29050
32764
-28720
17875
-2798
-12942
25617
-32227
31205
-22795
8987
6949
-21240
30501
-32540
26874
-14844
-700
16079
-27650
32674
-29962
20154
-5575
-10325
23780
-31604
31944
-24721
11644
4190
-19032
29368
-32749
28376
-17284
2099
13583
-26048
32346
-30985
22287
-8311
-7632
21768
-30750
32450
-26467
14217
1400
-16685
28020
-32719
29671
-19598
4884
10987
-24256
31781
-31781
24256
-10987
-4884
19598
-29671
32719
-28020
16685
-1400
-14217
26467
-32450
30750
-21768
7632
8311
-22287
30985
-32346
26048
-13583
-2099
17284
-28376
32749
-29368
19032
-4190
-11644
24721
-31944
31604
-23780
10325
5575
-20154
29962
-32674
27650
-16079
700
14844
-26874
32540
-30501
21240
-6949
-8987
22795
-31205
32227
-25617
12942
2798
-17875
28720
-32764
29050
-18458
3495
12296
-25175
32093
-31412
23293
-9658
-6264
20702
-30238
32615
-27268
15465
0
-15465
27268
-32615
30238
-20702
6264
9658
-23293
31412
-32093
25175
-12296
-3495
18458
-29050
32764
-28720
17875
-2798
-12942
25617
-32227
31205
-22795
8987
6949
-21240
30501
-32540
26874
-14844
-700
16079
-27650
32674
-29962
20154
-5575
-10325
23780
-31604
31944
-24721
11644
4190
-19032
29368
-32749
28376
-17284
2099
13583
-26048
32346
-30985
22287
-8311
-7632
21768
-30750
32450
-26467
14217
1400
-16685
28020
-32719
29671
-19598
4884
10987
-24256
31781
-31781
24256
-10987
-4884
19598
-29671
32719
-28020
16685
-1400
-14217
26467
-32450
30750
-21768
7632
8311
-22287
30985
-32346
26048
-13583
-2099
17284
-28376
32749
-29368
19032
-4190
-11644
24721
-31944
31604
-23780
10325
5575
-20154
29962
-32674
27650
-16079
700
14844
-26874
32540
-30501
21240
-6949
-8987
22795
-31205
32227
-25617
12942
2798
-17875
28720
-32764
29050
-18458
3495
12296
-25175
32093
-31412
23293
-9658
-6264
20702
-30238
32615
-27268
15465
0
-15465
27268
-32615
30238
-20702
6264
9658
-23293
31412
-32093
25175
-12296
-3495
18458
-29050
32764
-28720
17875
-2798
-12942
25617
-32227
31205
-22795
8987
6949
-21240
30501
-32540
26874
-14844
-700
16079
-27650
32674
-29962
20154
-5575
-10325
23780
-31604
31944
-24721
11644
4190
-19032
29368
-32749
28376
-17284
2099
13583
-26048
32346
-30985
22287
-8311
-7632
21768
-30750
32450
-26467
14217
1400
-16685
28020
-32719
29671
-19598
4884
10987
-24256
31781
-31781
24256
-10987
-4884
19598
-29671
32719
-28020
16685
-1400
-14217
26467
-32450
30750
-21768
7632
8311
-22287
30985
-32346
26048
-13583
-2099
17284
-28376
32749
-29368
19032
-4190
-11644
24721
-31944
31604
-23780
10325
5575
-20154
29962
-32674
27650
-16079
700
14844
-26874
32540
-30501
21240
-6949
-8987
22795
-31205
32227
-25617
12942
2798
-17875
28720
-32764
29050
-18458
3495
12296
-25175
32093
-31412
23293
-9658
-6264
20702
-30238
32615
-27268
15465
0
-15465
27268
-32615
30238
-20702
6264
9658
-23293
31412
-32093
25175
-12296
-3495
18458
-29050
32764
-28720
17875
-2798
-12942
25617
-32227
31205
-22795
8987
6949
-21240
30501
-32540
26874
-14844
-700
16079
-27650
32674
-29962
20154
-5575
-10325
23780
-31604
31944
-24721
11644
4190
-19032
29368
-32749
28376
-17284
2099
13583
-26048
32346
-30985
22287
-8311
-7632
21768
-30750
32450
-26467
14217
1400
-16685
28020
-32719
29671
-19598
4884
10987
-24256
31781
-31781
24256
-10987
-4884
19598
-29671
32719
-28020
16685
-1400
-14217
26467
-32450
30750
-21768
7632
8311
-22287
30985
-32346
26048
-13583
-2099
17284
-28376
32749
-29368
19032
-4190
-11644
24721
-31944
31604
-23780
10325
5575
-20154
29962
-32674
27650
-16079
700
14844
-26874
32540
-30501
21240
-6949
-8987
22795
-31205
32227
-25617
12942
2798
-17875
28720
-32764
29050
-18458
3495
12296
-25175
32093
-31412
23293
-9658
-6264
20702
-30238
32615
-27268
15465
0
-15465
27268
-32615
30238
-20702
6264
9658
-23293
31412
-32093
25175
-12296
-3495
18458
-29050
32764
-28720
17875
-2798
-12942
25617
-32227
31205
-22795
8987
6949
-21240
30501
-32540
26874
-14844
-700
16079
-27650
32674
-29962
20154
-5575
-10325
23780
-31604
31944
-24721
11644
4190
-19032
29368
-32749
28376
-17284
2099
13583
-26048
32346
-30985
22287
-8311
-7632
21768
-30750
32450
-26467
14217
1400
-16685
28020
-32719
29671
-19598
4884
10987
-24256
31781
-31781
24256
-10987
-4884
19598
-29671
32719
-28020
16685
-1400
-14217
26467
-32450
30750
-21768
7632
8311
-22287
30985
-32346
26048
-13583
-2099
17284
-28376
32749
-29368
19032
-4190
-11644
24721
-31944
31604
-23780
10325
5575
-20154
29962
-32674
27650
-16079
700
14844
-26874
32540
-30501
21240
-6949
-8987
22795
-31205
32227
-25617
12942
2798
-17875
28720
-32764
29050
-18458
3495
12296
-25175
32093
-31412
23293
-9658
-6264
20702
-30238
32615
-27268
15465
0
-15465
27268
-32615
30238
-20702
6264
9658
-23293
31412
-32093
25175
-12296
-3495
18458
-29050
32764
-28720
17875
-2798
-12942
25617
-32227
31205
-22795
8987
6949
-21240
30501
-32540
26874
-14844
-700
16079
-27650
32674
-29962
20154
-5575
-10325
23780
-31604
31944
-24721
11644
4190
-19032
29368
-32749
28376
-17284
2099
13583
-26048
32346
-30985
22287
-8311
-7632
21768
-30750
32450
-26467
14217
1400
-16685
28020
-32719
29671
-19598
4884
10987
-24256
31781
-31781
24256
-10987
-4884
19598
-29671
32719
-28020
16685
-1400
-14217
26467
-32450
30750
-21768
7632
8311
-22287
30985
-32346
26048
-13583
-2099
17284
-28376
32749
-29368
19032
-4190
-11644
24721
-31944
31604
-23780
10325
5575
-20154
29962
-32674
27650
-16079
700
14844
-26874
32540
-30501
21240
-6949
-8987
22795
-31205
32227
-25617
12942
2798
-17875
28720
-32764
29050
-18458
3495
12296
-25175
32093
-31412
23293
-9658
-6264
20702
-30238
32615
-27268
15465
0
-15465
27268
-32615
30238
-20702
6264
9658
-23293
31412
-32093
25175
-12296
-3495
18458
-29050
32764
-28720
17875
-2798
-12942
25617
-32227
31205
-22795
8987
6949
-21240
30501
-32540
26874
-14844
-700
16079
-27650
32674
-29962
20154
-5575
-10325
23780
-31604
31944
-24721
11644
4190
-19032
29368
-32749
28376
-17284
2099
13583
-26048
32346
-30985
22287
-8311
-7632
21768
-30750
32450
-26467
14217
1400
-16685
28020
-32719
29671
-19598
4884
10987
-24256
31781
-31781
24256
-10987
-4884
19598
-29671
32719
-28020
16685
-1400
-14217
26467
-32450
30750
-21768
7632
8311
-22287
30985
-32346
26048
-13583
-2099
17284
-28376
32749
-29368
19032
-4190
-11644
24721
-31944
31604
-23780
10325
5575
-20154
29962
-32674
27650
-16079
700
14844
-26874
32540
-30501
21240
-6949
-8987
22795
-31205
32227
-25617
12942
2798
-17875
28720
-32764
29050
-18458
3495
12296
-25175
32093
-31412
23293
-9658
-6264
20702
-30238
32615
-27268
15465
0
-15465
27268
-32615
30238
-20702
6264
9658
-23293
31412
-32093
25175
-12296
-3495
18458
-29050
32764
-28720
17875
-2798
-12942
25617
-32227
31205
-22795
8987
6949
-21240
30501
-32540
26874
-14844
-700
16079
-27650
32674
-29962
20154
-5575
-10325
23780
-31604
31944
-24721
11644
4190
-19032
29368
-32749
28376
-17284
2099
13583
-26048
32346
-30985
22287
-8311
-7632
21768
-30750
32450
-26467
14217
1400
-16685
28020
-32719
29671
-19598
4884
10987
-24256
31781
-31781
24256
-10987
-4884
19598
-29671
32719
-28020
16685
-1400
-14217
26467
-32450
30750
-21768
7632
8311
-22287
30985
-32346
26048
-13583
-2099
17284
-28376
32749
-29368
19032
-4190
-11644
24721
-31944
31604
-23780
10325
5575
-20154
29962
-32674
27650
-16079
700
14844
-26874
32540
-30501
21240
-6949
-8987
22795
-31205
32227
-25617
12942
2798
-17875
28720
-32764
29050
-18458
3495
12296
-25175
32093
-31412
23293
-9658
-6264
20702
-30238
32615
-27268
15465
0
-15465
27268
-32615
30238
-20702
6264
9658
-23293
31412
-32093
25175
-12296
-3495
18458
-29050
32764
-28720
17875
-2798
-12942
25617
-32227
31205
-22795
8987
6949
-21240
30501
-32540
26874
-14844
-700
16079
-27650
32674
-29962
20154
-5575
-10325
23780
-31604
31944
-24721
11644
4190
-19032
29368
-32749
28376
-17284
2099
13583
-26048
32346
-30985
22287
-8311
-7632
21768
-30750
32450
-26467
14217
1400
-16685
28020
-32719
29671
-19598
4884
10987
-24256
31781
-31781
24256
-10987
-4884
19598
-29671
32719
-28020
16685
-1400
-14217
26467
-32450
30750
-21768
7632
8311
-22287
30985
-32346
26048
-13583
-2099
17284
-28376
32749
-29368
19032
-4190
-11644
24721
-31944
31604
-23780
10325
5575
-20154
29962
-32674
27650
-16079
700
14844
-26874
32540
-30501
21240
-6949
-8987
22795
-31205
32227
-25617
12942
2798
-17875
28720
-32764
29050
-18458
3495
12296
-25175
32093
-31412
23293
-9658
-6264
20702
-30238
32615
-27268
15465
0
-15465
27268
-32615
30238
-20702
6264
9658
-23293
31412
-32093
25175
-12296
-3495
18458
-29050
32764
-28720
17875
-2798
-12942
25617
-32227
31205
-22795
8987
6949
-21240
30501
-32540
26874
-14844
-700
16079
-27650
32674
-29962
20154
-5575
-10325
23780
-31604
31944
-24721
11644
4190
-19032
29368
-32749
28376
-17284
2099
13583
-26048
32346
-30985
22287
-8311
-7632
21768
-30750
32450
-26467
14217
1400
-16685
28020
-32719
29671
-19598
4884
10987
-24256
31781
-31781
24256
-10987
-4884
19598
-29671
32719
-28020
16685
-1400
-14217
26467
-32450
30750
-21768
7632
8311
-22287
30985
-32346
26048
-13583
-2099
17284
-28376
32749
-29368
19032
-4190
-11644
24721
-31944
31604
-23780
10325
5575
-20154
29962
-32674
27650
-16079
700
14844
-26874
32540
-30501
21240
-6949
-8987
22795
-31205
32227
-25617
12942
2798
-17875
28720
-32764
29050
-18458
3495
12296
-25175
32093
-31412
23293
-9658
-6264
20702
-30238
32615
-27268
15465
0
-15465
27268
-32615
30238
-20702
6264
9658
-23293
31412
-32093
25175
-12296
-3495
18458
-29050
32764
-28720
17875
-2798
-12942
25617
-32227
31205
-22795
8987
6949
-21240
30501
-32540
26874
-14844
-700
16079
-27650
32674
-29962
20154
-5575
-10325
23780
-31604
31944
-24721
11644
4190
-19032
29368
-32749
28376
-17284
2099
13583
-26048
32346
-30985
22287
-8311
-7632
21768
-30750
32450
-26467
14217
1400
-16685
28020
-32719
29671
-19598
4884
10987
-24256
31781
-31781
24256
-10987
-4884
19598
-29671
32719
-28020
16685
-1400
-14217
26467
-32450
30750
-21768
7632
8311
-22287
30985
-32346
26048
-13583
-2099
17284
-28376
32749
-29368
19032
-4190
-11644
24721
-31944
31604
-23780
10325
5575
-20154
29962
-32674
27650
-16079
700
14844
-26874
32540
-30501
21240
-6949
-8987
22795
-31205
32227
-25617
12942
2798
-17875
28720
-32764
29050
-18458
3495
12296
-25175
32093
-31412
23293
-9658
-6264
20702
-30238
32615
-27268
15465
0
-15465
27268
-32615
30238
-20702
6264
9658
-23293
31412
-32093
25175
-12296
-3495
18458
-29050
32764
-28720
17875
-2798
-12942
25617
-32227
31205
-22795
8987
6949
-21240
30501
-32540
26874
-14844
-700
16079
-27650
32674
-29962
20154
-5575
-10325
23780
-31604
31944
-24721
11644
4190
-19032
29368
-32749
28376
-17284
2099
13583
-26048
32346
-30985
22287
-8311
-7632
21768
-30750
32450
-26467
14217
1400
-16685
28020
-32719
29671
-19598
4884
10987
-24256
31781
-31781
24256
-10987
-4884
19598
-29671
32719
-28020
16685
-1400
-14217
26467
-32450
30750
-21768
7632
8311
-22287
30985
-32346
26048
-13583
-2099
17284
-28376
32749
-29368
19032
-4190
-11644
24721
-31944
31604
-23780
10325
5575
-20154
29962
-32674
27650
-16079
700
14844
-26874
32540
-30501
21240
-6949
-8987
22795
-31205
32227
-25617
12942
2798
-17875
28720
-32764
29050
-18458
3495
12296
-25175
32093
-31412
23293
-9658
-6264
20702
-30238
32615
-27268
15465
0
-15465
27268
-32615
30238
-20702
6264
9658
-23293
31412
-32093
25175
-12296
-3495
18458
-29050
32764
-28720
17875
-2798
-12942
25617
-32227
31205
-22795
8987
6949
-21240
30501
-32540
26874
-14844
-700
16079
-27650
32674
-29962
20154
-5575
-10325
23780
-31604
31944
-24721
11644
4190
-19032
29368
-32749
28376
-17284
2099
13583
-26048
32346
-30985
22287
-8311
-7632
21768
-30750
32450
-26467
14217
1400
-16685
28020
-32719
29671
-19598
4884
10987
-24256
31781
-31781
24256
-10987
-4884
19598
-29671
32719
-28020
16685
-1400
-14217
26467
-32450
30750
-21768
7632
8311
-22287
30985
-32346
26048
-13583
-2099
17284
-28376
32749
-29368
19032
-4190
-11644
24721
-31944
31604
-23780
10325
5575
-20154
29962
-32674
27650
-16079
700
14844
-26874
32540
-30501
21240
-6949
-8987
22795
-31205
32227
-25617
12942
2798
-17875
28720
-32764
29050
-18458
3495
12296
-25175
32093
-31412
23293
-9658
-6264
20702
-30238
32615
-27268
15465
0
-15465
27268
-32615
30238
-20702
6264
9658
-23293
31412
-32093
25175
-12296
-3495
18458
-29050
32764
-28720
17875
-2798
-12942
25617
-32227
31205
-22795
8987
6949
-21240
30501
-32540
26874
-14844
-700
16079
-27650
32674
-29962
20154
-5575
-10325
23780
-31604
31944
-24721
11644
4190
-19032
29368
-32749
28376
-17284
2099
13583
-26048
32346
-30985
22287
-8311
-7632
21768
-30750
32450
-26467
14217
1400
-16685
28020
-32719
29671
-19598
4884
10987
-24256
31781
-31781
24256
-10987
-4884
19598
-29671
32719
-28020
16685
-1400
-14217
26467
-32450
30750
-21768
7632
8311
-22287
30985
-32346
26048
-13583
-2099
17284
-28376
32749
-29368
19032
-4190
-11644
24721
-31944
31604
-23780
10325
5575
-20154
29962
-32674
27650
-16079
700
14844
-26874
32540
-30501
21240
-6949
-8987
22795
-31205
32227
-25617
12942
2798
-17875
28720
-32764
29050
-18458
3495
12296
-25175
32093
-31412
23293
-9658
-6264
20702
-30238
32615
-27268
15465
0
-15465
27268
-32615
30238
-20702
6264
9658
-23293
31412
-32093
25175
-12296
-3495
18458
-29050
32764
-28720
17875
-2798
-12942
25617
-32227
31205
-22795
8987
6949
-21240
30501
-32540
26874
-14844
-700
16079
-27650
32674
-29962
20154
-5575
-10325
23780
-31604
31944
-24721
11644
4190
-19032
29368
-32749
28376
-17284
2099
13583
-26048
32346
-30985
22287
-8311
-7632
21768
-30750
32450
-26467
14217
1400
-16685
28020
-32719
29671
-19598
4884
10987
-24256
31781
-31781
24256
-10987
-4884
19598
-29671
32719
-28020
16685
-1400
-14217
26467
-32450
30750
-21768
7632
8311
-22287
30985
-32346
26048
-13583
-2099
17284
-28376
32749
-29368
19032
-4190
-11644
24721
-31944
31604
-23780
10325
5575
-20154
29962
-32674
27650
-16079
700
14844
-26874
32540
-30501
21240
-6949
-8987
22795
-31205
32227
-25617
12942
2798
-17875
28720
-32764
29050
-18458
3495
12296
-25175
32093
-31412
23293
-9658
-6264
20702
-30238
32615
-27268
15465
0
-15465
27268
-32615
30238
-20702
6264
9658
-23293
31412
-32093
25175
-12296
-3495
18458
-29050
32764
-28720
17875
-2798
-12942
25617
-32227
31205
-22795
8987
6949
-21240
30501
-32540
26874
-14844
-700
16079
-27650
32674
-29962
20154
-5575
-10325
23780
-31604
31944
-24721
11644
4190
-19032
29368
-32749
28376
-17284
2099
13583
-26048
32346
-30985
22287
-8311
-7632
21768
-30750
32450
-26467
14217
1400
-16685
28020
-32719
29671
-19598
4884
10987
-24256
31781
-31781
24256
-10987
-4884
19598
-29671
32719
-28020
16685
-1400
-14217
26467
-32450
30750
-21768
7632
8311
-22287
30985
-32346
26048
-13583
-2099
17284
-28376
32749
-29368
19032
-4190
-11644
24721
-31944
31604
-23780
10325
5575
-20154
29962
-32674
27650
-16079
700
14844
-26874
32540
-30501
21240
-6949
-8987
22795
-31205
32227
-25617
12942
2798
-17875
28720
-32764
29050
-18458
3495
12296
-25175
32093
-31412
23293
-9658
-6264
20702
-30238
32615
-27268
15465
0
-15465
27268
-32615
30238
-20702
6264
9658
-23293
31412
-32093
25175
-12296
-3495
18458
-29050
32764
-28720
17875
-2798
-12942
25617
-32227
31205
-22795
8987
6949
-21240
30501
-32540
26874
-14844
-700
16079
-27650
32674
-29962
20154
-5575
-10325
23780
-31604
31944
-24721
11644
4190
-19032
29368
-32749
28376
-17284
2099
13583
-26048
32346
-30985
22287
-8311
-7632
21768
-30750
32450
-26467
14217
1400
-16685
28020
-32719
29671
-19598
4884
10987
-24256
31781
-31781
24256
-10987
-4884
19598
-29671
32719
-28020
16685
-1400
-14217
26467
-32450
30750
-21768
7632
8311
-22287
30985
-32346
26048
-13583
-2099
17284
-28376
32749
-29368
19032
-4190
-11644
24721
-31944
31604
-23780
10325
5575
-20154
29962
-32674
27650
-16079
700
14844
-26874
32540
-30501
21240
-6949
-8987
22795
-31205
32227
-25617
12942
2798
-17875
28720
-32764
29050
-18458
3495
12296
-25175
32093
-31412
23293
-9658
-6264
20702
-30238
32615
-27268
15465
0
-15465
27268
-32615
30238
-20702
6264
9658
-23293
31412
-32093
25175
-12296
-3495
18458
-29050
32764
-28720
17875
-2798
-12942
25617
-32227
31205
-22795
8987
6949
-21240
30501
-32540
26874
-14844
-700
16079
-27650
32674
-29962
20154
-5575
-10325
23780
-31604
31944
-24721
11644
4190
-19032
29368
-32749
28376
-17284
2099
13583
-26048
32346
-30985
22287
-8311
-7632
21768
-30750
32450
-26467
14217
1400
-16685
28020
-32719
29671
-19598
4884
10987
-24256
31781
-31781
24256
-10987
-4884
19598
-29671
32719
-28020
16685
-1400
-14217
26467
-32450
30750
-21768
7632
8311
-22287
30985
-32346
26048
-13583
-2099
17284
-28376
32749
-29368
19032
-4190
-11644
24721
-31944
31604
-23780
10325
5575
-20154
29962
-32674
27650
-16079
700
14844
-26874
32540
-30501
21240
-6949
-8987
22795
-31205
32227
-25617
12942
2798
-17875
28720
-32764
29050
-18458
3495
12296
-25175
32093
-31412
23293
-9658
-6264
20702
-30238
32615
-27268
15465
