0
6949
13583
19598
24721
28720
31412
32674
32450
30750
27650
23293
17875
11644
4884
-2099
-8987
-15465
-21240
-26048
-29671
-31944
-32764
-32093
-29962
-26467
-21768
-16079
-9658
-2798
4190
10987
17284
22795
27268
30501
32346
32719
31604
29050
25175
20154
14217
7632
700
-6264
-12942
-19032
-24256
-28376
-31205
-32615
-32540
-30985
-28020
-23780
-18458
-12296
-5575
1400
8311
14844
20702
25617
29368
31781
32749
32227
30238
26874
22287
16685
10325
3495
-3495
-10325
-16685
-22287
-26874
-30238
-32227
-32749
-31781
-29368
-25617
-20702
-14844
-8311
-1400
5575
12296
18458
23780
28020
30985
32540
32615
31205
28376
24256
19032
12942
6264
-700
-7632
-14217
-20154
-25175
-29050
-31604
-32719
-32346
-30501
-27268
-22795
-17284
-10987
-4190
2798
9658
16079
21768
26467
29962
32093
32764
31944
29671
26048
21240
15465
8987
2099
-4884
-11644
-17875
-23293
-27650
-30750
-32450
-32674
-31412
-28720
-24721
-19598
-13583
-6949
0
6949
13583
19598
24721
28720
31412
32674
32450
30750
27650
23293
17875
11644
4884
-2099
-8987
-15465
-21240
-26048
-29671
-31944
-32764
-32093
-29962
-26467
-21768
-16079
-9658
-2798
4190
10987
17284
22795
27268
30501
32346
32719
31604
29050
25175
20154
14217
7632
700
-6264
-12942
-19032
-24256
-28376
-31205
-32615
-32540
-30985
-28020
-23780
-18458
-12296
-5575
1400
8311
14844
20702
25617
29368
31781
32749
32227
30238
26874
22287
16685
10325
3495
-3495
-10325
-16685
-22287
-26874
-30238
-32227
-32749
-31781
-29368
-25617
-20702
-14844
-8311
-1400
5575
12296
18458
23780
28020
30985
32540
32615
31205
28376
24256
19032
12942
6264
-700
-7632
-14217
-20154
-25175
-29050
-31604
-32719
-32346
-30501
-27268
-22795
-17284
-10987
-4190
2798
9658
16079
21768
26467
29962
32093
32764
31944
29671
26048
21240
15465
8987
2099
-4884
-11644
-17875
-23293
-27650
-30750
-32450
-32674
-31412
-28720
-24721
-19598
-13583
-6949
0
6949
13583
19598
24721
28720
31412
32674
32450
30750
27650
23293
17875
11644
4884
-2099
-8987
-15465
-21240
-26048
-29671
-31944
-32764
-32093
-29962
-26467
-21768
-16079
-9658
-2798
4190
10987
17284
22795
27268
30501
32346
32719
31604
29050
25175
20154
14217
7632
700
-6264
-12942
-19032
-24256
-28376
-31205
-32615
-32540
-30985
-28020
-23780
-18458
-12296
-5575
1400
8311
14844
20702
25617
29368
31781
32749
32227
30238
26874
22287
16685
10325
3495
-3495
-10325
-16685
-22287
-26874
-30238
-32227
-32749
-31781
-29368
-25617
-20702
-14844
-8311
-1400
5575
12296
18458
23780
28020
30985
32540
32615
31205
28376
24256
19032
12942
6264
-700
-7632
-14217
-20154
-25175
-29050
-31604
-32719
-32346
-30501
-27268
-22795
-17284
-10987
-4190
2798
9658
16079
21768
26467
29962
32093
32764
31944
29671
26048
21240
15465
8987
2099
-4884
-11644
-17875
-23293
-27650
-30750
-32450
-32674
-31412
-28720
-24721
-19598
-13583
-6949
