0
11426
21417
28720
32417
32045
27650
19784
9435
-2099
-13370
-22962
-29671
-32656
-31541
-26467
-18070
-7405
4190
15259
24412
30501
32761
30908
25175
16282
5345
-6264
-17085
-25762
-31205
-32731
-30148
-23780
-14427
-3262
8311
18842
27007
31781
32566
29263
22287
12512
1167
-10325
-20520
-28140
-32227
-32268
-28259
-20702
-10546
934
12296
22115
29158
32540
31837
27138
19032
8537
-3030
-14217
-23618
-30055
-32719
-31276
-25906
-17284
-6492
5114
16079
25025
30830
32764
30586
24567
15465
4421
-7177
-17875
-26329
-31477
-32674
-29770
-23128
-13583
-2332
9211
19598
27524
31996
32450
28831
21593
11644
233
-11207
-21240
-28607
-32382
-32093
-27775
-19970
-9658
1866
13156
22795
29572
32636
31604
26604
18264
7632
-3958
-15052
-24256
-30415
-32756
-30985
-25324
-16484
-5575
6034
16886
25617
31133
32741
30238
23940
14636
3495
-8085
-18650
-26874
-31724
-32591
-29368
-22457
-12727
-1400
10103
20338
28020
32184
32308
28376
20882
10767
-700
-12079
-21942
-29050
-32512
-31892
-27268
-19222
-8762
2798
14006
23456
29962
32706
31345
26048
17482
6721
-4884
-15875
-24874
-30750
-32766
-30668
-24721
-15670
-4653
6949
17679
26189
31412
32691
29866
23293
13795
2565
-8987
-19410
-27397
-31944
-32482
-28942
-21768
-11862
-467
10987
21062
28492
32346
32139
27898
20154
9881
-1633
-12942
-22626
-29470
-32615
-31665
-26740
-18458
-7859
3727
14844
24098
30327
32749
31060
25471
16685
5805
-5805
-16685
-25471
-31060
-32749
-30327
-24098
-14844
-3727
7859
18458
26740
31665
32615
29470
22626
12942
1633
-9881
-20154
-27898
-32139
-32346
-28492
-21062
-10987
467
11862
21768
28942
32482
31944
27397
19410
8987
-2565
-13795
-23293
-29866
-32691
-31412
-26189
-17679
-6949
4653
15670
24721
30668
32766
30750
24874
15875
4884
-6721
-17482
-26048
-31345
-32706
-29962
-23456
-14006
-2798
8762
19222
27268
31892
32512
29050
21942
12079
700
-10767
-20882
-28376
-32308
-32184
-28020
-20338
-10103
1400
12727
22457
29368
32591
31724
26874
18650
8085
-3495
-14636
-23940
-30238
-32741
-31133
-25617
-16886
-6034
5575
16484
25324
30985
32756
30415
24256
15052
3958
-7632
-18264
-26604
-31604
-32636
-29572
-22795
-13156
-1866
9658
19970
27775
32093
32382
28607
21240
11207
-233
-11644
-21593
-28831
-32450
-31996
-27524
-19598
-9211
2332
13583
23128
29770
32674
31477
26329
17875
7177
-4421
-15465
-24567
-30586
-32764
-30830
-25025
-16079
-5114
6492
17284
25906
31276
32719
30055
23618
14217
3030
-8537
-19032
-27138
-31837
-32540
-29158
-22115
-12296
-934
10546
20702
28259
32268
32227
28140
20520
10325
-1167
-12512
-22287
-29263
-32566
-31781
-27007
-18842
-8311
3262
14427
23780
30148
32731
31205
25762
17085
6264
-5345
-16282
-25175
-30908
-32761
-30501
-24412
-15259
-4190
7405
18070
26467
31541
32656
29671
22962
13370
2099
-9435
-19784
-27650
-32045
-32417
-28720
-21417
-11426
