0
9211
17679
24721
29770
32417
32450
29866
24874
17875
9435
233
-8987
-17482
-24567
-29671
-32382
-32482
-29962
-25025
-18070
-9658
-467
8762
17284
24412
29572
32346
32512
30055
25175
18264
9881
700
-8537
-17085
-24256
-29470
-32308
-32540
-30148
-25324
-18458
-10103
-934
8311
16886
24098
29368
32268
32566
30238
25471
18650
10325
1167
-8085
-16685
-23940
-29263
-32227
-32591
-30327
-25617
-18842
-10546
-1400
7859
16484
23780
29158
32184
32615
30415
25762
19032
10767
1633
-7632
-16282
-23618
-29050
-32139
-32636
-30501
-25906
-19222
-10987
-1866
7405
16079
23456
28942
32093
32656
30586
26048
19410
11207
2099
-7177
-15875
-23293
-28831
-32045
-32674
-30668
-26189
-19598
-11426
-2332
6949
15670
23128
28720
31996
32691
30750
26329
19784
11644
2565
-6721
-15465
-22962
-28607
-31944
-32706
-30830
-26467
-19970
-11862
-2798
6492
15259
22795
28492
31892
32719
30908
26604
20154
12079
3030
-6264
-15052
-22626
-28376
-31837
-32731
-30985
-26740
-20338
-12296
-3262
6034
14844
22457
28259
31781
32741
31060
26874
20520
12512
3495
-5805
-14636
-22287
-28140
-31724
-32749
-31133
-27007
-20702
-12727
-3727
5575
14427
22115
28020
31665
32756
31205
27138
20882
12942
3958
-5345
-14217
-21942
-27898
-31604
-32761
-31276
-27268
-21062
-13156
-4190
5114
14006
21768
27775
31541
32764
31345
27397
21240
13370
4421
-4884
-13795
-21593
-27650
-31477
-32766
-31412
-27524
-21417
-13583
-4653
4653
13583
21417
27524
31412
32766
31477
27650
21593
13795
4884
-4421
-13370
-21240
-27397
-31345
-32764
-31541
-27775
-21768
-14006
-5114
4190
13156
21062
27268
31276
32761
31604
27898
21942
14217
5345
-3958
-12942
-20882
-27138
-31205
-32756
-31665
-28020
-22115
-14427
-5575
3727
12727
20702
27007
31133
32749
31724
28140
22287
14636
5805
-3495
-12512
-20520
-26874
-31060
-32741
-31781
-28259
-22457
-14844
-6034
3262
12296
20338
26740
30985
32731
31837
28376
22626
15052
6264
-3030
-12079
-20154
-26604
-30908
-32719
-31892
-28492
-22795
-15259
-6492
2798
11862
19970
26467
30830
32706
31944
28607
22962
15465
6721
-2565
-11644
-19784
-26329
-30750
-32691
-31996
-28720
-23128
-15670
-6949
2332
11426
19598
26189
30668
32674
32045
28831
23293
15875
7177
-2099
-11207
-19410
-26048
-30586
-32656
-32093
-28942
-23456
-16079
-7405
1866
10987
19222
25906
30501
32636
32139
29050
23618
16282
7632
-1633
-10767
-19032
-25762
-30415
-32615
-32184
-29158
-23780
-16484
-7859
1400
10546
18842
25617
30327
32591
32227
29263
23940
16685
8085
-1167
-10325
-18650
-25471
-30238
-32566
-32268
-29368
-24098
-16886
-8311
934
10103
18458
25324
30148
32540
32308
29470
24256
17085
8537
-700
-9881
-18264
-25175
-30055
-32512
-32346
-29572
-24412
-17284
-8762
467
9658
18070
25025
29962
32482
32382
29671
24567
17482
8987
-233
-9435
-17875
-24874
-29866
-32450
-32417
-29770
-24721
-17679
-9211
