0
15670
27524
32674
29866
19784
4884
-11207
-24567
-31944
-31541
-23456
-9658
6492
21062
30501
32512
26604
14217
-1633
-17085
-28376
-32756
-29158
-18458
-3262
12727
25617
32268
31060
22287
8085
-8085
-22287
-31060
-32268
-25617
-12727
3262
18458
29158
32756
28376
17085
1633
-14217
-26604
-32512
-30501
-21062
-6492
9658
23456
31541
31944
24567
11207
-4884
-19784
-29866
-32674
-27524
-15670
0
15670
27524
32674
29866
19784
4884
-11207
-24567
-31944
-31541
-23456
-9658
6492
21062
30501
32512
26604
14217
-1633
-17085
-28376
-32756
-29158
-18458
-3262
12727
25617
32268
31060
22287
8085
-8085
-22287
-31060
-32268
-25617
-12727
3262
18458
29158
32756
28376
17085
1633
-14217
-26604
-32512
-30501
-21062
-6492
9658
23456
31541
31944
24567
11207
-4884
-19784
-29866
-32674
-27524
-15670
0
15670
27524
32674
29866
19784
4884
-11207
-24567
-31944
-31541
-23456
-9658
6492
21062
30501
32512
26604
14217
-1633
-17085
-28376
-32756
-29158
-18458
-3262
12727
25617
32268
31060
22287
8085
-8085
-22287
-31060
-32268
-25617
-12727
3262
18458
29158
32756
28376
17085
1633
-14217
-26604
-32512
-30501
-21062
-6492
9658
23456
31541
31944
24567
11207
-4884
-19784
-29866
-32674
-27524
-15670
0
15670
27524
32674
29866
19784
4884
-11207
-24567
-31944
-31541
-23456
-9658
6492
21062
30501
32512
26604
14217
-1633
-17085
-28376
-32756
-29158
-18458
-3262
12727
25617
32268
31060
22287
8085
-8085
-22287
-31060
-32268
-25617
-12727
3262
18458
29158
32756
28376
17085
1633
-14217
-26604
-32512
-30501
-21062
-6492
9658
23456
31541
31944
24567
11207
-4884
-19784
-29866
-32674
-27524
-15670
0
15670
27524
32674
29866
19784
4884
-11207
-24567
-31944
-31541
-23456
-9658
6492
21062
30501
32512
26604
14217
-1633
-17085
-28376
-32756
-29158
-18458
-3262
12727
25617
32268
31060
22287
8085
-8085
-22287
-31060
-32268
-25617
-12727
3262
18458
29158
32756
28376
17085
1633
-14217
-26604
-32512
-30501
-21062
-6492
9658
23456
31541
31944
24567
11207
-4884
-19784
-29866
-32674
-27524
-15670
0
15670
27524
32674
29866
19784
4884
-11207
-24567
-31944
-31541
-23456
-9658
6492
21062
30501
32512
26604
14217
-1633
-17085
-28376
-32756
-29158
-18458
-3262
12727
25617
32268
31060
22287
8085
-8085
-22287
-31060
-32268
-25617
-12727
3262
18458
29158
32756
28376
17085
1633
-14217
-26604
-32512
-30501
-21062
-6492
9658
23456
31541
31944
24567
11207
-4884
-19784
-29866
-32674
-27524
-15670
0
15670
27524
32674
29866
19784
4884
-11207
-24567
-31944
-31541
-23456
-9658
6492
21062
30501
32512
26604
14217
-1633
-17085
-28376
-32756
-29158
-18458
-3262
12727
25617
32268
31060
22287
8085
-8085
-22287
-31060
-32268
-25617
-12727
3262
18458
29158
32756
28376
17085
1633
-14217
-26604
-32512
-30501
-21062
-6492
9658
23456
31541
31944
24567
11207
-4884
-19784
-29866
-32674
-27524
-15670
