0
2565
-5114
7632
-10103
12512
-14844
17085
-19222
21240
-23128
24874
-26467
27898
-29158
30238
-31133
31837
-32346
32656
-32766
32674
-32382
31892
-31205
30327
-29263
28020
-26604
25025
-23293
21417
-19410
17284
-15052
12727
-10325
7859
-5345
2798
-233
-2332
4884
-7405
9881
-12296
14636
-16886
19032
-21062
22962
-24721
26329
-27775
29050
-30148
31060
-31781
32308
-32636
32764
-32691
32417
-31944
31276
-30415
29368
-28140
26740
-25175
23456
-21593
19598
-17482
15259
-12942
10546
-8085
5575
-3030
467
2099
-4653
7177
-9658
12079
-14427
16685
-18842
20882
-22795
24567
-26189
27650
-28942
30055
-30985
31724
-32268
32615
-32761
32706
-32450
31996
-31345
30501
-29470
28259
-26874
25324
-23618
21768
-19784
17679
-15465
13156
-10767
8311
-5805
3262
-700
-1866
4421
-6949
9435
-11862
14217
-16484
18650
-20702
22626
-24412
26048
-27524
28831
-29962
30908
-31665
32227
-32591
32756
-32719
32482
-32045
31412
-30586
29572
-28376
27007
-25471
23780
-21942
19970
-17875
15670
-13370
10987
-8537
6034
-3495
934
1633
-4190
6721
-9211
11644
-14006
16282
-18458
20520
-22457
24256
-25906
27397
-28720
29866
-30830
31604
-32184
32566
-32749
32731
-32512
32093
-31477
30668
-29671
28492
-27138
25617
-23940
22115
-20154
18070
-15875
13583
-11207
8762
-6264
3727
-1167
-1400
3958
-6492
8987
-11426
13795
-16079
18264
-20338
22287
-24098
25762
-27268
28607
-29770
30750
-31541
32139
-32540
32741
-32741
32540
-32139
31541
-30750
29770
-28607
27268
-25762
24098
-22287
20338
-18264
16079
-13795
11426
-8987
6492
-3958
1400
1167
-3727
6264
-8762
11207
-13583
15875
-18070
20154
-22115
23940
-25617
27138
-28492
29671
-30668
31477
-32093
32512
-32731
32749
-32566
32184
-31604
30830
-29866
28720
-27397
25906
-24256
22457
-20520
18458
-16282
14006
-11644
9211
-6721
4190
-1633
-934
3495
-6034
8537
-10987
13370
-15670
17875
-19970
21942
-23780
25471
-27007
28376
-29572
30586
-31412
32045
-32482
32719
-32756
32591
-32227
31665
-30908
29962
-28831
27524
-26048
24412
-22626
20702
-18650
16484
-14217
11862
-9435
6949
-4421
1866
700
-3262
5805
-8311
10767
-13156
15465
-17679
19784
-21768
23618
-25324
26874
-28259
29470
-30501
31345
-31996
32450
-32706
32761
-32615
32268
-31724
30985
-30055
28942
-27650
26189
-24567
22795
-20882
18842
-16685
14427
-12079
9658
-7177
4653
-2099
-467
3030
-5575
8085
-10546
12942
-15259
17482
-19598
21593
-23456
25175
-26740
28140
-29368
30415
-31276
31944
-32417
32691
-32764
32636
-32308
31781
-31060
30148
-29050
27775
-26329
24721
-22962
21062
-19032
16886
-14636
12296
-9881
7405
-4884
2332
233
-2798
5345
-7859
10325
-12727
15052
-17284
19410
-21417
23293
-25025
26604
-28020
29263
-30327
31205
-31892
32382
-32674
32766
-32656
32346
-31837
31133
-30238
29158
-27898
26467
-24874
23128
-21240
19222
-17085
14844
-12512
10103
-7632
5114
-2565
0
2565
-5114
7632
-10103
12512
-14844
17085
-19222
21240
-23128
24874
-26467
27898
-29158
30238
-31133
31837
-32346
32656
-32766
32674
-32382
31892
-31205
30327
-29263
28020
-26604
25025
-23293
21417
-19410
17284
-15052
12727
-10325
7859
-5345
2798
-233
-2332
4884
-7405
9881
-12296
14636
-16886
19032
-21062
22962
-24721
26329
-27775
29050
-30148
31060
-31781
32308
-32636
32764
-32691
32417
-31944
31276
-30415
29368
-28140
26740
-25175
23456
-21593
19598
-17482
15259
-12942
10546
-8085
5575
-3030
467
2099
-4653
7177
-9658
12079
-14427
16685
-18842
20882
-22795
24567
-26189
27650
-28942
30055
-30985
31724
-32268
32615
-32761
32706
-32450
31996
-31345
30501
-29470
28259
-26874
25324
-23618
21768
-19784
17679
-15465
13156
-10767
8311
-5805
3262
-700
-1866
4421
-6949
9435
-11862
14217
-16484
18650
-20702
22626
-24412
26048
-27524
28831
-29962
30908
-31665
32227
-32591
32756
-32719
32482
-32045
31412
-30586
29572
-28376
27007
-25471
23780
-21942
19970
-17875
15670
-13370
10987
-8537
6034
-3495
934
1633
-4190
6721
-9211
11644
-14006
16282
-18458
20520
-22457
24256
-25906
27397
-28720
29866
-30830
31604
-32184
32566
-32749
32731
-32512
32093
-31477
30668
-29671
28492
-27138
25617
-23940
22115
-20154
18070
-15875
13583
-11207
8762
-6264
3727
-1167
-1400
3958
-6492
8987
-11426
13795
-16079
18264
-20338
22287
-24098
25762
-27268
28607
-29770
30750
-31541
32139
-32540
32741
-32741
32540
-32139
31541
-30750
29770
-28607
27268
-25762
24098
-22287
20338
-18264
16079
-13795
11426
-8987
6492
-3958
1400
1167
-3727
6264
-8762
11207
-13583
15875
-18070
20154
-22115
23940
-25617
27138
-28492
29671
-30668
31477
-32093
32512
-32731
32749
-32566
32184
-31604
30830
-29866
28720
-27397
25906
-24256
22457
-20520
18458
-16282
14006
-11644
9211
-6721
4190
-1633
-934
3495
-6034
8537
-10987
13370
-15670
17875
-19970
21942
-23780
25471
-27007
28376
-29572
30586
-31412
32045
-32482
32719
-32756
32591
-32227
31665
-30908
29962
-28831
27524
-26048
24412
-22626
20702
-18650
16484
-14217
11862
-9435
6949
-4421
1866
700
-3262
5805
-8311
10767
-13156
15465
-17679
19784
-21768
23618
-25324
26874
-28259
29470
-30501
31345
-31996
32450
-32706
32761
-32615
32268
-31724
30985
-30055
28942
-27650
26189
-24567
22795
-20882
18842
-16685
14427
-12079
9658
-7177
4653
-2099
-467
3030
-5575
8085
-10546
12942
-15259
17482
-19598
21593
-23456
25175
-26740
28140
-29368
30415
-31276
31944
-32417
32691
-32764
32636
-32308
31781
-31060
30148
-29050
27775
-26329
24721
-22962
21062
-19032
16886
-14636
12296
-9881
7405
-4884
2332
233
-2798
5345
-7859
10325
-12727
15052
-17284
19410
-21417
23293
-25025
26604
-28020
29263
-30327
31205
-31892
32382
-32674
32766
-32656
32346
-31837
31133
-30238
29158
-27898
26467
-24874
23128
-21240
19222
-17085
14844
-12512
10103
-7632
5114
-2565
0
2565
-5114
7632
-10103
12512
-14844
17085
-19222
21240
-23128
24874
-26467
27898
-29158
30238
-31133
31837
-32346
32656
-32766
32674
-32382
31892
-31205
30327
-29263
28020
-26604
25025
-23293
21417
-19410
17284
-15052
12727
-10325
7859
-5345
2798
-233
-2332
4884
-7405
9881
-12296
14636
-16886
19032
-21062
22962
-24721
26329
-27775
29050
-30148
31060
-31781
32308
-32636
32764
-32691
32417
-31944
31276
-30415
29368
-28140
26740
-25175
23456
-21593
19598
-17482
15259
-12942
10546
-8085
5575
-3030
467
2099
-4653
7177
-9658
12079
-14427
16685
-18842
20882
-22795
24567
-26189
27650
-28942
30055
-30985
31724
-32268
32615
-32761
32706
-32450
31996
-31345
30501
-29470
28259
-26874
25324
-23618
21768
-19784
17679
-15465
13156
-10767
8311
-5805
3262
-700
-1866
4421
-6949
9435
-11862
14217
-16484
18650
-20702
22626
-24412
26048
-27524
28831
-29962
30908
-31665
32227
-32591
32756
-32719
32482
-32045
31412
-30586
29572
-28376
27007
-25471
23780
-21942
19970
-17875
15670
-13370
10987
-8537
6034
-3495
934
1633
-4190
6721
-9211
11644
-14006
16282
-18458
20520
-22457
24256
-25906
27397
-28720
29866
-30830
31604
-32184
32566
-32749
32731
-32512
32093
-31477
30668
-29671
28492
-27138
25617
-23940
22115
-20154
18070
-15875
13583
-11207
8762
-6264
3727
-1167
-1400
3958
-6492
8987
-11426
13795
-16079
18264
-20338
22287
-24098
25762
-27268
28607
-29770
30750
-31541
32139
-32540
32741
-32741
32540
-32139
31541
-30750
29770
-28607
27268
-25762
24098
-22287
20338
-18264
16079
-13795
11426
-8987
6492
-3958
1400
1167
-3727
6264
-8762
11207
-13583
15875
-18070
20154
-22115
23940
-25617
27138
-28492
29671
-30668
31477
-32093
32512
-32731
32749
-32566
32184
-31604
30830
-29866
28720
-27397
25906
-24256
22457
-20520
18458
-16282
14006
-11644
9211
-6721
4190
-1633
-934
3495
-6034
8537
-10987
13370
-15670
17875
-19970
21942
-23780
25471
-27007
28376
-29572
30586
-31412
32045
-32482
32719
-32756
32591
-32227
31665
-30908
29962
-28831
27524
-26048
24412
-22626
20702
-18650
16484
-14217
11862
-9435
6949
-4421
1866
700
-3262
5805
-8311
10767
-13156
15465
-17679
19784
-21768
23618
-25324
26874
-28259
29470
-30501
31345
-31996
32450
-32706
32761
-32615
32268
-31724
30985
-30055
28942
-27650
26189
-24567
22795
-20882
18842
-16685
14427
-12079
9658
-7177
4653
-2099
-467
3030
-5575
8085
-10546
12942
-15259
17482
-19598
21593
-23456
25175
-26740
28140
-29368
30415
-31276
31944
-32417
32691
-32764
32636
-32308
31781
-31060
30148
-29050
27775
-26329
24721
-22962
21062
-19032
16886
-14636
12296
-9881
7405
-4884
2332
233
-2798
5345
-7859
10325
-12727
15052
-17284
19410
-21417
23293
-25025
26604
-28020
29263
-30327
31205
-31892
32382
-32674
32766
-32656
32346
-31837
31133
-30238
29158
-27898
26467
-24874
23128
-21240
19222
-17085
14844
-12512
10103
-7632
5114
-2565
0
2565
-5114
7632
-10103
12512
-14844
17085
-19222
21240
-23128
24874
-26467
27898
-29158
30238
-31133
31837
-32346
32656
-32766
32674
-32382
31892
-31205
30327
-29263
28020
-26604
25025
-23293
21417
-19410
17284
-15052
12727
-10325
7859
-5345
2798
-233
-2332
4884
-7405
9881
-12296
14636
-16886
19032
-21062
22962
-24721
26329
-27775
29050
-30148
31060
-31781
32308
-32636
32764
-32691
32417
-31944
31276
-30415
29368
-28140
26740
-25175
23456
-21593
19598
-17482
15259
-12942
10546
-8085
5575
-3030
467
2099
-4653
7177
-9658
12079
-14427
16685
-18842
20882
-22795
24567
-26189
27650
-28942
30055
-30985
31724
-32268
32615
-32761
32706
-32450
31996
-31345
30501
-29470
28259
-26874
25324
-23618
21768
-19784
17679
-15465
13156
-10767
8311
-5805
3262
-700
-1866
4421
-6949
9435
-11862
14217
-16484
18650
-20702
22626
-24412
26048
-27524
28831
-29962
30908
-31665
32227
-32591
32756
-32719
32482
-32045
31412
-30586
29572
-28376
27007
-25471
23780
-21942
19970
-17875
15670
-13370
10987
-8537
6034
-3495
934
1633
-4190
6721
-9211
11644
-14006
16282
-18458
20520
-22457
24256
-25906
27397
-28720
29866
-30830
31604
-32184
32566
-32749
32731
-32512
32093
-31477
30668
-29671
28492
-27138
25617
-23940
22115
-20154
18070
-15875
13583
-11207
8762
-6264
3727
-1167
-1400
3958
-6492
8987
-11426
13795
-16079
18264
-20338
22287
-24098
25762
-27268
28607
-29770
30750
-31541
32139
-32540
32741
-32741
32540
-32139
31541
-30750
29770
-28607
27268
-25762
24098
-22287
20338
-18264
16079
-13795
11426
-8987
6492
-3958
1400
1167
-3727
6264
-8762
11207
-13583
15875
-18070
20154
-22115
23940
-25617
27138
-28492
29671
-30668
31477
-32093
32512
-32731
32749
-32566
32184
-31604
30830
-29866
28720
-27397
25906
-24256
22457
-20520
18458
-16282
14006
-11644
9211
-6721
4190
-1633
-934
3495
-6034
8537
-10987
13370
-15670
17875
-19970
21942
-23780
25471
-27007
28376
-29572
30586
-31412
32045
-32482
32719
-32756
32591
-32227
31665
-30908
29962
-28831
27524
-26048
24412
-22626
20702
-18650
16484
-14217
11862
-9435
6949
-4421
1866
700
-3262
5805
-8311
10767
-13156
15465
-17679
19784
-21768
23618
-25324
26874
-28259
29470
-30501
31345
-31996
32450
-32706
32761
-32615
32268
-31724
30985
-30055
28942
-27650
26189
-24567
22795
-20882
18842
-16685
14427
-12079
9658
-7177
4653
-2099
-467
3030
-5575
8085
-10546
12942
-15259
17482
-19598
21593
-23456
25175
-26740
28140
-29368
30415
-31276
31944
-32417
32691
-32764
32636
-32308
31781
-31060
30148
-29050
27775
-26329
24721
-22962
21062
-19032
16886
-14636
12296
-9881
7405
-4884
2332
233
-2798
5345
-7859
10325
-12727
15052
-17284
19410
-21417
23293
-25025
26604
-28020
29263
-30327
31205
-31892
32382
-32674
32766
-32656
32346
-31837
31133
-30238
29158
-27898
26467
-24874
23128
-21240
19222
-17085
14844
-12512
10103
-7632
5114
-2565
0
2565
-5114
7632
-10103
12512
-14844
17085
-19222
21240
-23128
24874
-26467
27898
-29158
30238
-31133
31837
-32346
32656
-32766
32674
-32382
31892
-31205
30327
-29263
28020
-26604
25025
-23293
21417
-19410
17284
-15052
12727
-10325
7859
-5345
2798
-233
-2332
4884
-7405
9881
-12296
14636
-16886
19032
-21062
22962
-24721
26329
-27775
29050
-30148
31060
-31781
32308
-32636
32764
-32691
32417
-31944
31276
-30415
29368
-28140
26740
-25175
23456
-21593
19598
-17482
15259
-12942
10546
-8085
5575
-3030
467
2099
-4653
7177
-9658
12079
-14427
16685
-18842
20882
-22795
24567
-26189
27650
-28942
30055
-30985
31724
-32268
32615
-32761
32706
-32450
31996
-31345
30501
-29470
28259
-26874
25324
-23618
21768
-19784
17679
-15465
13156
-10767
8311
-5805
3262
-700
-1866
4421
-6949
9435
-11862
14217
-16484
18650
-20702
22626
-24412
26048
-27524
28831
-29962
30908
-31665
32227
-32591
32756
-32719
32482
-32045
31412
-30586
29572
-28376
27007
-25471
23780
-21942
19970
-17875
15670
-13370
10987
-8537
6034
-3495
934
1633
-4190
6721
-9211
11644
-14006
16282
-18458
20520
-22457
24256
-25906
27397
-28720
29866
-30830
31604
-32184
32566
-32749
32731
-32512
32093
-31477
30668
-29671
28492
-27138
25617
-23940
22115
-20154
18070
-15875
13583
-11207
8762
-6264
3727
-1167
-1400
3958
-6492
8987
-11426
13795
-16079
18264
-20338
22287
-24098
25762
-27268
28607
-29770
30750
-31541
32139
-32540
32741
-32741
32540
-32139
31541
-30750
29770
-28607
27268
-25762
24098
-22287
20338
-18264
16079
-13795
11426
-8987
6492
-3958
1400
1167
-3727
6264
-8762
11207
-13583
15875
-18070
20154
-22115
23940
-25617
27138
-28492
29671
-30668
31477
-32093
32512
-32731
32749
-32566
32184
-31604
30830
-29866
28720
-27397
25906
-24256
22457
-20520
18458
-16282
14006
-11644
9211
-6721
4190
-1633
-934
3495
-6034
8537
-10987
13370
-15670
17875
-19970
21942
-23780
25471
-27007
28376
-29572
30586
-31412
32045
-32482
32719
-32756
32591
-32227
31665
-30908
29962
-28831
27524
-26048
24412
-22626
20702
-18650
16484
-14217
11862
-9435
6949
-4421
1866
700
-3262
5805
-8311
10767
-13156
15465
-17679
19784
-21768
23618
-25324
26874
-28259
29470
-30501
31345
-31996
32450
-32706
32761
-32615
32268
-31724
30985
-30055
28942
-27650
26189
-24567
22795
-20882
18842
-16685
14427
-12079
9658
-7177
4653
-2099
-467
3030
-5575
8085
-10546
12942
-15259
17482
-19598
21593
-23456
25175
-26740
28140
-29368
30415
-31276
31944
-32417
32691
-32764
32636
-32308
31781
-31060
30148
-29050
27775
-26329
24721
-22962
21062
-19032
16886
-14636
12296
-9881
7405
-4884
2332
233
-2798
5345
-7859
10325
-12727
15052
-17284
19410
-21417
23293
-25025
26604
-28020
29263
-30327
31205
-31892
32382
-32674
32766
-32656
32346
-31837
31133
-30238
29158
-27898
26467
-24874
23128
-21240
19222
-17085
14844
-12512
10103
-7632
5114
-2565
0
2565
-5114
7632
-10103
12512
-14844
17085
-19222
21240
-23128
24874
-26467
27898
-29158
30238
-31133
31837
-32346
32656
-32766
32674
-32382
31892
-31205
30327
-29263
28020
-26604
25025
-23293
21417
-19410
17284
-15052
12727
-10325
7859
-5345
2798
-233
-2332
4884
-7405
9881
-12296
14636
-16886
19032
-21062
22962
-24721
26329
-27775
29050
-30148
31060
-31781
32308
-32636
32764
-32691
32417
-31944
31276
-30415
29368
-28140
26740
-25175
23456
-21593
19598
-17482
15259
-12942
10546
-8085
5575
-3030
467
2099
-4653
7177
-9658
12079
-14427
16685
-18842
20882
-22795
24567
-26189
27650
-28942
30055
-30985
31724
-32268
32615
-32761
32706
-32450
31996
-31345
30501
-29470
28259
-26874
25324
-23618
21768
-19784
17679
-15465
13156
-10767
8311
-5805
3262
-700
-1866
4421
-6949
9435
-11862
14217
-16484
18650
-20702
22626
-24412
26048
-27524
28831
-29962
30908
-31665
32227
-32591
32756
-32719
32482
-32045
31412
-30586
29572
-28376
27007
-25471
23780
-21942
19970
-17875
15670
-13370
10987
-8537
6034
-3495
934
1633
-4190
6721
-9211
11644
-14006
16282
-18458
20520
-22457
24256
-25906
27397
-28720
29866
-30830
31604
-32184
32566
-32749
32731
-32512
32093
-31477
30668
-29671
28492
-27138
25617
-23940
22115
-20154
18070
-15875
13583
-11207
8762
-6264
3727
-1167
-1400
3958
-6492
8987
-11426
13795
-16079
18264
-20338
22287
-24098
25762
-27268
28607
-29770
30750
-31541
32139
-32540
32741
-32741
32540
-32139
31541
-30750
29770
-28607
27268
-25762
24098
-22287
20338
-18264
16079
-13795
11426
-8987
6492
-3958
1400
1167
-3727
6264
-8762
11207
-13583
15875
-18070
20154
-22115
23940
-25617
27138
-28492
29671
-30668
31477
-32093
32512
-32731
32749
-32566
32184
-31604
30830
-29866
28720
-27397
25906
-24256
22457
-20520
18458
-16282
14006
-11644
9211
-6721
4190
-1633
-934
3495
-6034
8537
-10987
13370
-15670
17875
-19970
21942
-23780
25471
-27007
28376
-29572
30586
-31412
32045
-32482
32719
-32756
32591
-32227
31665
-30908
29962
-28831
27524
-26048
24412
-22626
20702
-18650
16484
-14217
11862
-9435
6949
-4421
1866
700
-3262
5805
-8311
10767
-13156
15465
-17679
19784
-21768
23618
-25324
26874
-28259
29470
-30501
31345
-31996
32450
-32706
32761
-32615
32268
-31724
30985
-30055
28942
-27650
26189
-24567
22795
-20882
18842
-16685
14427
-12079
9658
-7177
4653
-2099
-467
3030
-5575
8085
-10546
12942
-15259
17482
-19598
21593
-23456
25175
-26740
28140
-29368
30415
-31276
31944
-32417
32691
-32764
32636
-32308
31781
-31060
30148
-29050
27775
-26329
24721
-22962
21062
-19032
16886
-14636
12296
-9881
7405
-4884
2332
233
-2798
5345
-7859
10325
-12727
15052
-17284
19410
-21417
23293
-25025
26604
-28020
29263
-30327
31205
-31892
32382
-32674
32766
-32656
32346
-31837
31133
-30238
29158
-27898
26467
-24874
23128
-21240
19222
-17085
14844
-12512
10103
-7632
5114
-2565
0
2565
-5114
7632
-10103
12512
-14844
17085
-19222
21240
-23128
24874
-26467
27898
-29158
30238
-31133
31837
-32346
32656
-32766
32674
-32382
31892
-31205
30327
-29263
28020
-26604
25025
-23293
21417
-19410
17284
-15052
12727
-10325
7859
-5345
2798
-233
-2332
4884
-7405
9881
-12296
14636
-16886
19032
-21062
22962
-24721
26329
-27775
29050
-30148
31060
-31781
32308
-32636
32764
-32691
32417
-31944
31276
-30415
29368
-28140
26740
-25175
23456
-21593
19598
-17482
15259
-12942
10546
-8085
5575
-3030
467
2099
-4653
7177
-9658
12079
-14427
16685
-18842
20882
-22795
24567
-26189
27650
-28942
30055
-30985
31724
-32268
32615
-32761
32706
-32450
31996
-31345
30501
-29470
28259
-26874
25324
-23618
21768
-19784
17679
-15465
13156
-10767
8311
-5805
3262
-700
-1866
4421
-6949
9435
-11862
14217
-16484
18650
-20702
22626
-24412
26048
-27524
28831
-29962
30908
-31665
32227
-32591
32756
-32719
32482
-32045
31412
-30586
29572
-28376
27007
-25471
23780
-21942
19970
-17875
15670
-13370
10987
-8537
6034
-3495
934
1633
-4190
6721
-9211
11644
-14006
16282
-18458
20520
-22457
24256
-25906
27397
-28720
29866
-30830
31604
-32184
32566
-32749
32731
-32512
32093
-31477
30668
-29671
28492
-27138
25617
-23940
22115
-20154
18070
-15875
13583
-11207
8762
-6264
3727
-1167
-1400
3958
-6492
8987
-11426
13795
-16079
18264
-20338
22287
-24098
25762
-27268
28607
-29770
30750
-31541
32139
-32540
32741
-32741
32540
-32139
31541
-30750
29770
-28607
27268
-25762
24098
-22287
20338
-18264
16079
-13795
11426
-8987
6492
-3958
1400
1167
-3727
6264
-8762
11207
-13583
15875
-18070
20154
-22115
23940
-25617
27138
-28492
29671
-30668
31477
-32093
32512
-32731
32749
-32566
32184
-31604
30830
-29866
28720
-27397
25906
-24256
22457
-20520
18458
-16282
14006
-11644
9211
-6721
4190
-1633
-934
3495
-6034
8537
-10987
13370
-15670
17875
-19970
21942
-23780
25471
-27007
28376
-29572
30586
-31412
32045
-32482
32719
-32756
32591
-32227
31665
-30908
29962
-28831
27524
-26048
24412
-22626
20702
-18650
16484
-14217
11862
-9435
6949
-4421
1866
700
-3262
5805
-8311
10767
-13156
15465
-17679
19784
-21768
23618
-25324
26874
-28259
29470
-30501
31345
-31996
32450
-32706
32761
-32615
32268
-31724
30985
-30055
28942
-27650
26189
-24567
22795
-20882
18842
-16685
14427
-12079
9658
-7177
4653
-2099
-467
3030
-5575
8085
-10546
12942
-15259
17482
-19598
21593
-23456
25175
-26740
28140
-29368
30415
-31276
31944
-32417
32691
-32764
32636
-32308
31781
-31060
30148
-29050
27775
-26329
24721
-22962
21062
-19032
16886
-14636
12296
-9881
7405
-4884
2332
233
-2798
5345
-7859
10325
-12727
15052
-17284
19410
-21417
23293
-25025
26604
-28020
29263
-30327
31205
-31892
32382
-32674
32766
-32656
32346
-31837
31133
-30238
29158
-27898
26467
-24874
23128
-21240
19222
-17085
14844
-12512
10103
-7632
5114
-2565
0
2565
-5114
7632
-10103
12512
-14844
17085
-19222
21240
-23128
24874
-26467
27898
-29158
30238
-31133
31837
-32346
32656
-32766
32674
-32382
31892
-31205
30327
-29263
28020
-26604
25025
-23293
21417
-19410
17284
-15052
12727
-10325
7859
-5345
2798
-233
-2332
4884
-7405
9881
-12296
14636
-16886
19032
-21062
22962
-24721
26329
-27775
29050
-30148
31060
-31781
32308
-32636
32764
-32691
32417
-31944
31276
-30415
29368
-28140
26740
-25175
23456
-21593
19598
-17482
15259
-12942
10546
-8085
5575
-3030
467
2099
-4653
7177
-9658
12079
-14427
16685
-18842
20882
-22795
24567
-26189
27650
-28942
30055
-30985
31724
-32268
32615
-32761
32706
-32450
31996
-31345
30501
-29470
28259
-26874
25324
-23618
21768
-19784
17679
-15465
13156
-10767
8311
-5805
3262
-700
-1866
4421
-6949
9435
-11862
14217
-16484
18650
-20702
22626
-24412
26048
-27524
28831
-29962
30908
-31665
32227
-32591
32756
-32719
32482
-32045
31412
-30586
29572
-28376
27007
-25471
23780
-21942
19970
-17875
15670
-13370
10987
-8537
6034
-3495
934
1633
-4190
6721
-9211
11644
-14006
16282
-18458
20520
-22457
24256
-25906
27397
-28720
29866
-30830
31604
-32184
32566
-32749
32731
-32512
32093
-31477
30668
-29671
28492
-27138
25617
-23940
22115
-20154
18070
-15875
13583
-11207
8762
-6264
3727
-1167
-1400
3958
-6492
8987
-11426
13795
-16079
18264
-20338
22287
-24098
25762
-27268
28607
-29770
30750
-31541
32139
-32540
32741
-32741
32540
-32139
31541
-30750
29770
-28607
27268
-25762
24098
-22287
20338
-18264
16079
-13795
11426
-8987
6492
-3958
1400
1167
-3727
6264
-8762
11207
-13583
15875
-18070
20154
-22115
23940
-25617
27138
-28492
29671
-30668
31477
-32093
32512
-32731
32749
-32566
32184
-31604
30830
-29866
28720
-27397
25906
-24256
22457
-20520
18458
-16282
14006
-11644
9211
-6721
4190
-1633
-934
3495
-6034
8537
-10987
13370
-15670
17875
-19970
21942
-23780
25471
-27007
28376
-29572
30586
-31412
32045
-32482
32719
-32756
32591
-32227
31665
-30908
29962
-28831
27524
-26048
24412
-22626
20702
-18650
16484
-14217
11862
-9435
6949
-4421
1866
700
-3262
5805
-8311
10767
-13156
15465
-17679
19784
-21768
23618
-25324
26874
-28259
29470
-30501
31345
-31996
32450
-32706
32761
-32615
32268
-31724
30985
-30055
28942
-27650
26189
-24567
22795
-20882
18842
-16685
14427
-12079
9658
-7177
4653
-2099
-467
3030
-5575
8085
-10546
12942
-15259
17482
-19598
21593
-23456
25175
-26740
28140
-29368
30415
-31276
31944
-32417
32691
-32764
32636
-32308
31781
-31060
30148
-29050
27775
-26329
24721
-22962
21062
-19032
16886
-14636
12296
-9881
7405
-4884
2332
233
-2798
5345
-7859
10325
-12727
15052
-17284
19410
-21417
23293
-25025
26604
-28020
29263
-30327
31205
-31892
32382
-32674
32766
-32656
32346
-31837
31133
-30238
29158
-27898
26467
-24874
23128
-21240
19222
-17085
14844
-12512
10103
-7632
5114
-2565
0
2565
-5114
7632
-10103
12512
-14844
17085
-19222
21240
-23128
24874
-26467
27898
-29158
30238
-31133
31837
-32346
32656
-32766
32674
-32382
31892
-31205
30327
-29263
28020
-26604
25025
-23293
21417
-19410
17284
-15052
12727
-10325
7859
-5345
2798
-233
-2332
4884
-7405
9881
-12296
14636
-16886
19032
-21062
22962
-24721
26329
-27775
29050
-30148
31060
-31781
32308
-32636
32764
-32691
32417
-31944
31276
-30415
29368
-28140
26740
-25175
23456
-21593
19598
-17482
15259
-12942
10546
-8085
5575
-3030
467
2099
-4653
7177
-9658
12079
-14427
16685
-18842
20882
-22795
24567
-26189
27650
-28942
30055
-30985
31724
-32268
32615
-32761
32706
-32450
31996
-31345
30501
-29470
28259
-26874
25324
-23618
21768
-19784
17679
-15465
13156
-10767
8311
-5805
3262
-700
-1866
4421
-6949
9435
-11862
14217
-16484
18650
-20702
22626
-24412
26048
-27524
28831
-29962
30908
-31665
32227
-32591
32756
-32719
32482
-32045
31412
-30586
29572
-28376
27007
-25471
23780
-21942
19970
-17875
15670
-13370
10987
-8537
6034
-3495
934
1633
-4190
6721
-9211
11644
-14006
16282
-18458
20520
-22457
24256
-25906
27397
-28720
29866
-30830
31604
-32184
32566
-32749
32731
-32512
32093
-31477
30668
-29671
28492
-27138
25617
-23940
22115
-20154
18070
-15875
13583
-11207
8762
-6264
3727
-1167
-1400
3958
-6492
8987
-11426
13795
-16079
18264
-20338
22287
-24098
25762
-27268
28607
-29770
30750
-31541
32139
-32540
32741
-32741
32540
-32139
31541
-30750
29770
-28607
27268
-25762
24098
-22287
20338
-18264
16079
-13795
11426
-8987
6492
-3958
1400
1167
-3727
6264
-8762
11207
-13583
15875
-18070
20154
-22115
23940
-25617
27138
-28492
29671
-30668
31477
-32093
32512
-32731
32749
-32566
32184
-31604
30830
-29866
28720
-27397
25906
-24256
22457
-20520
18458
-16282
14006
-11644
9211
-6721
4190
-1633
-934
3495
-6034
8537
-10987
13370
-15670
17875
-19970
21942
-23780
25471
-27007
28376
-29572
30586
-31412
32045
-32482
32719
-32756
32591
-32227
31665
-30908
29962
-28831
27524
-26048
24412
-22626
20702
-18650
16484
-14217
11862
-9435
6949
-4421
1866
700
-3262
5805
-8311
10767
-13156
15465
-17679
19784
-21768
23618
-25324
26874
-28259
29470
-30501
31345
-31996
32450
-32706
32761
-32615
32268
-31724
30985
-30055
28942
-27650
26189
-24567
22795
-20882
18842
-16685
14427
-12079
9658
-7177
4653
-2099
-467
3030
-5575
8085
-10546
12942
-15259
17482
-19598
21593
-23456
25175
-26740
28140
-29368
30415
-31276
31944
-32417
32691
-32764
32636
-32308
31781
-31060
30148
-29050
27775
-26329
24721
-22962
21062
-19032
16886
-14636
12296
-9881
7405
-4884
2332
233
-2798
5345
-7859
10325
-12727
15052
-17284
19410
-21417
23293
-25025
26604
-28020
29263
-30327
31205
-31892
32382
-32674
32766
-32656
32346
-31837
31133
-30238
29158
-27898
26467
-24874
23128
-21240
19222
-17085
14844
-12512
10103
-7632
5114
-2565
0
2565
-5114
7632
-10103
12512
-14844
17085
-19222
21240
-23128
24874
-26467
27898
-29158
30238
-31133
31837
-32346
32656
-32766
32674
-32382
31892
-31205
30327
-29263
28020
-26604
25025
-23293
21417
-19410
17284
-15052
12727
-10325
7859
-5345
2798
-233
-2332
4884
-7405
9881
-12296
14636
-16886
19032
-21062
22962
-24721
26329
-27775
29050
-30148
31060
-31781
32308
-32636
32764
-32691
32417
-31944
31276
-30415
29368
-28140
26740
-25175
23456
-21593
19598
-17482
15259
-12942
10546
-8085
5575
-3030
467
2099
-4653
7177
-9658
12079
-14427
16685
-18842
20882
-22795
24567
-26189
27650
-28942
30055
-30985
31724
-32268
32615
-32761
32706
-32450
31996
-31345
30501
-29470
28259
-26874
25324
-23618
21768
-19784
17679
-15465
13156
-10767
8311
-5805
3262
-700
-1866
4421
-6949
9435
-11862
14217
-16484
18650
-20702
22626
-24412
26048
-27524
28831
-29962
30908
-31665
32227
-32591
32756
-32719
32482
-32045
31412
-30586
29572
-28376
27007
-25471
23780
-21942
19970
-17875
15670
-13370
10987
-8537
6034
-3495
934
1633
-4190
6721
-9211
11644
-14006
16282
-18458
20520
-22457
24256
-25906
27397
-28720
29866
-30830
31604
-32184
32566
-32749
32731
-32512
32093
-31477
30668
-29671
28492
-27138
25617
-23940
22115
-20154
18070
-15875
13583
-11207
8762
-6264
3727
-1167
-1400
3958
-6492
8987
-11426
13795
-16079
18264
-20338
22287
-24098
25762
-27268
28607
-29770
30750
-31541
32139
-32540
32741
-32741
32540
-32139
31541
-30750
29770
-28607
27268
-25762
24098
-22287
20338
-18264
16079
-13795
11426
-8987
6492
-3958
1400
1167
-3727
6264
-8762
11207
-13583
15875
-18070
20154
-22115
23940
-25617
27138
-28492
29671
-30668
31477
-32093
32512
-32731
32749
-32566
32184
-31604
30830
-29866
28720
-27397
25906
-24256
22457
-20520
18458
-16282
14006
-11644
9211
-6721
4190
-1633
-934
3495
-6034
8537
-10987
13370
-15670
17875
-19970
21942
-23780
25471
-27007
28376
-29572
30586
-31412
32045
-32482
32719
-32756
32591
-32227
31665
-30908
29962
-28831
27524
-26048
24412
-22626
20702
-18650
16484
-14217
11862
-9435
6949
-4421
1866
700
-3262
5805
-8311
10767
-13156
15465
-17679
19784
-21768
23618
-25324
26874
-28259
29470
-30501
31345
-31996
32450
-32706
32761
-32615
32268
-31724
30985
-30055
28942
-27650
26189
-24567
22795
-20882
18842
-16685
14427
-12079
9658
-7177
4653
-2099
-467
3030
-5575
8085
-10546
12942
-15259
17482
-19598
21593
-23456
25175
-26740
28140
-29368
30415
-31276
31944
-32417
32691
-32764
32636
-32308
31781
-31060
30148
-29050
27775
-26329
24721
-22962
21062
-19032
16886
-14636
12296
-9881
7405
-4884
2332
233
-2798
5345
-7859
10325
-12727
15052
-17284
19410
-21417
23293
-25025
26604
-28020
29263
-30327
31205
-31892
32382
-32674
32766
-32656
32346
-31837
31133
-30238
29158
-27898
26467
-24874
23128
-21240
19222
-17085
14844
-12512
10103
-7632
5114
-2565
