0
233
-467
700
-934
1167
-1400
1633
-1866
2099
-2332
2565
-2798
3030
-3262
3495
-3727
3958
-4190
4421
-4653
4884
-5114
5345
-5575
5805
-6034
6264
-6492
6721
-6949
7177
-7405
7632
-7859
8085
-8311
8537
-8762
8987
-9211
9435
-9658
9881
-10103
10325
-10546
10767
-10987
11207
-11426
11644
-11862
12079
-12296
12512
-12727
12942
-13156
13370
-13583
13795
-14006
14217
-14427
14636
-14844
15052
-15259
15465
-15670
15875
-16079
16282
-16484
16685
-16886
17085
-17284
17482
-17679
17875
-18070
18264
-18458
18650
-18842
19032
-19222
19410
-19598
19784
-19970
20154
-20338
20520
-20702
20882
-21062
21240
-21417
21593
-21768
21942
-22115
22287
-22457
22626
-22795
22962
-23128
23293
-23456
23618
-23780
23940
-24098
24256
-24412
24567
-24721
24874
-25025
25175
-25324
25471
-25617
25762
-25906
26048
-26189
26329
-26467
26604
-26740
26874
-27007
27138
-27268
27397
-27524
27650
-27775
27898
-28020
28140
-28259
28376
-28492
28607
-28720
28831
-28942
29050
-29158
29263
-29368
29470
-29572
29671
-29770
29866
-29962
30055
-30148
30238
-30327
30415
-30501
30586
-30668
30750
-30830
30908
-30985
31060
-31133
31205
-31276
31345
-31412
31477
-31541
31604
-31665
31724
-31781
31837
-31892
31944
-31996
32045
-32093
32139
-32184
32227
-32268
32308
-32346
32382
-32417
32450
-32482
32512
-32540
32566
-32591
32615
-32636
32656
-32674
32691
-32706
32719
-32731
32741
-32749
32756
-32761
32764
-32766
32766
-32764
32761
-32756
32749
-32741
32731
-32719
32706
-32691
32674
-32656
32636
-32615
32591
-32566
32540
-32512
32482
-32450
32417
-32382
32346
-32308
32268
-32227
32184
-32139
32093
-32045
31996
-31944
31892
-31837
31781
-31724
31665
-31604
31541
-31477
31412
-31345
31276
-31205
31133
-31060
30985
-30908
30830
-30750
30668
-30586
30501
-30415
30327
-30238
30148
-30055
29962
-29866
29770
-29671
29572
-29470
29368
-29263
29158
-29050
28942
-28831
28720
-28607
28492
-28376
28259
-28140
28020
-27898
27775
-27650
27524
-27397
27268
-27138
27007
-26874
26740
-26604
26467
-26329
26189
-26048
25906
-25762
25617
-25471
25324
-25175
25025
-24874
24721
-24567
24412
-24256
24098
-23940
23780
-23618
23456
-23293
23128
-22962
22795
-22626
22457
-22287
22115
-21942
21768
-21593
21417
-21240
21062
-20882
20702
-20520
20338
-20154
19970
-19784
19598
-19410
19222
-19032
18842
-18650
18458
-18264
18070
-17875
17679
-17482
17284
-17085
16886
-16685
16484
-16282
16079
-15875
15670
-15465
15259
-15052
14844
-14636
14427
-14217
14006
-13795
13583
-13370
13156
-12942
12727
-12512
12296
-12079
11862
-11644
11426
-11207
10987
-10767
10546
-10325
10103
-9881
9658
-9435
9211
-8987
8762
-8537
8311
-8085
7859
-7632
7405
-7177
6949
-6721
6492
-6264
6034
-5805
5575
-5345
5114
-4884
4653
-4421
4190
-3958
3727
-3495
3262
-3030
2798
-2565
2332
-2099
1866
-1633
1400
-1167
934
-700
467
-233
0
233
-467
700
-934
1167
-1400
1633
-1866
2099
-2332
2565
-2798
3030
-3262
3495
-3727
3958
-4190
4421
-4653
4884
-5114
5345
-5575
5805
-6034
6264
-6492
6721
-6949
7177
-7405
7632
-7859
8085
-8311
8537
-8762
8987
-9211
9435
-9658
9881
-10103
10325
-10546
10767
-10987
11207
-11426
11644
-11862
12079
-12296
12512
-12727
12942
-13156
13370
-13583
13795
-14006
14217
-14427
14636
-14844
15052
-15259
15465
-15670
15875
-16079
16282
-16484
16685
-16886
17085
-17284
17482
-17679
17875
-18070
18264
-18458
18650
-18842
19032
-19222
19410
-19598
19784
-19970
20154
-20338
20520
-20702
20882
-21062
21240
-21417
21593
-21768
21942
-22115
22287
-22457
22626
-22795
22962
-23128
23293
-23456
23618
-23780
23940
-24098
24256
-24412
24567
-24721
24874
-25025
25175
-25324
25471
-25617
25762
-25906
26048
-26189
26329
-26467
26604
-26740
26874
-27007
27138
-27268
27397
-27524
27650
-27775
27898
-28020
28140
-28259
28376
-28492
28607
-28720
28831
-28942
29050
-29158
29263
-29368
29470
-29572
29671
-29770
29866
-29962
30055
-30148
30238
-30327
30415
-30501
30586
-30668
30750
-30830
30908
-30985
31060
-31133
31205
-31276
31345
-31412
31477
-31541
31604
-31665
31724
-31781
31837
-31892
31944
-31996
32045
-32093
32139
-32184
32227
-32268
32308
-32346
32382
-32417
32450
-32482
32512
-32540
32566
-32591
32615
-32636
32656
-32674
32691
-32706
32719
-32731
32741
-32749
32756
-32761
32764
-32766
32766
-32764
32761
-32756
32749
-32741
32731
-32719
32706
-32691
32674
-32656
32636
-32615
32591
-32566
32540
-32512
32482
-32450
32417
-32382
32346
-32308
32268
-32227
32184
-32139
32093
-32045
31996
-31944
31892
-31837
31781
-31724
31665
-31604
31541
-31477
31412
-31345
31276
-31205
31133
-31060
30985
-30908
30830
-30750
30668
-30586
30501
-30415
30327
-30238
30148
-30055
29962
-29866
29770
-29671
29572
-29470
29368
-29263
29158
-29050
28942
-28831
28720
-28607
28492
-28376
28259
-28140
28020
-27898
27775
-27650
27524
-27397
27268
-27138
27007
-26874
26740
-26604
26467
-26329
26189
-26048
25906
-25762
25617
-25471
25324
-25175
25025
-24874
24721
-24567
24412
-24256
24098
-23940
23780
-23618
23456
-23293
23128
-22962
22795
-22626
22457
-22287
22115
-21942
21768
-21593
21417
-21240
21062
-20882
20702
-20520
20338
-20154
19970
-19784
19598
-19410
19222
-19032
18842
-18650
18458
-18264
18070
-17875
17679
-17482
17284
-17085
16886
-16685
16484
-16282
16079
-15875
15670
-15465
15259
-15052
14844
-14636
14427
-14217
14006
-13795
13583
-13370
13156
-12942
12727
-12512
12296
-12079
11862
-11644
11426
-11207
10987
-10767
10546
-10325
10103
-9881
9658
-9435
9211
-8987
8762
-8537
8311
-8085
7859
-7632
7405
-7177
6949
-6721
6492
-6264
6034
-5805
5575
-5345
5114
-4884
4653
-4421
4190
-3958
3727
-3495
3262
-3030
2798
-2565
2332
-2099
1866
-1633
1400
-1167
934
-700
467
-233
0
233
-467
700
-934
1167
-1400
1633
-1866
2099
-2332
2565
-2798
3030
-3262
3495
-3727
3958
-4190
4421
-4653
4884
-5114
5345
-5575
5805
-6034
6264
-6492
6721
-6949
7177
-7405
7632
-7859
8085
-8311
8537
-8762
8987
-9211
9435
-9658
9881
-10103
10325
-10546
10767
-10987
11207
-11426
11644
-11862
12079
-12296
12512
-12727
12942
-13156
13370
-13583
13795
-14006
14217
-14427
14636
-14844
15052
-15259
15465
-15670
15875
-16079
16282
-16484
16685
-16886
17085
-17284
17482
-17679
17875
-18070
18264
-18458
18650
-18842
19032
-19222
19410
-19598
19784
-19970
20154
-20338
20520
-20702
20882
-21062
21240
-21417
21593
-21768
21942
-22115
22287
-22457
22626
-22795
22962
-23128
23293
-23456
23618
-23780
23940
-24098
24256
-24412
24567
-24721
24874
-25025
25175
-25324
25471
-25617
25762
-25906
26048
-26189
26329
-26467
26604
-26740
26874
-27007
27138
-27268
27397
-27524
27650
-27775
27898
-28020
28140
-28259
28376
-28492
28607
-28720
28831
-28942
29050
-29158
29263
-29368
29470
-29572
29671
-29770
29866
-29962
30055
-30148
30238
-30327
30415
-30501
30586
-30668
30750
-30830
30908
-30985
31060
-31133
31205
-31276
31345
-31412
31477
-31541
31604
-31665
31724
-31781
31837
-31892
31944
-31996
32045
-32093
32139
-32184
32227
-32268
32308
-32346
32382
-32417
32450
-32482
32512
-32540
32566
-32591
32615
-32636
32656
-32674
32691
-32706
32719
-32731
32741
-32749
32756
-32761
32764
-32766
32766
-32764
32761
-32756
32749
-32741
32731
-32719
32706
-32691
32674
-32656
32636
-32615
32591
-32566
32540
-32512
32482
-32450
32417
-32382
32346
-32308
32268
-32227
32184
-32139
32093
-32045
31996
-31944
31892
-31837
31781
-31724
31665
-31604
31541
-31477
31412
-31345
31276
-31205
31133
-31060
30985
-30908
30830
-30750
30668
-30586
30501
-30415
30327
-30238
30148
-30055
29962
-29866
29770
-29671
29572
-29470
29368
-29263
29158
-29050
28942
-28831
28720
-28607
28492
-28376
28259
-28140
28020
-27898
27775
-27650
27524
-27397
27268
-27138
27007
-26874
26740
-26604
26467
-26329
26189
-26048
25906
-25762
25617
-25471
25324
-25175
25025
-24874
24721
-24567
24412
-24256
24098
-23940
23780
-23618
23456
-23293
23128
-22962
22795
-22626
22457
-22287
22115
-21942
21768
-21593
21417
-21240
21062
-20882
20702
-20520
20338
-20154
19970
-19784
19598
-19410
19222
-19032
18842
-18650
18458
-18264
18070
-17875
17679
-17482
17284
-17085
16886
-16685
16484
-16282
16079
-15875
15670
-15465
15259
-15052
14844
-14636
14427
-14217
14006
-13795
13583
-13370
13156
-12942
12727
-12512
12296
-12079
11862
-11644
11426
-11207
10987
-10767
10546
-10325
10103
-9881
9658
-9435
9211
-8987
8762
-8537
8311
-8085
7859
-7632
7405
-7177
6949
-6721
6492
-6264
6034
-5805
5575
-5345
5114
-4884
4653
-4421
4190
-3958
3727
-3495
3262
-3030
2798
-2565
2332
-2099
1866
-1633
1400
-1167
934
-700
467
-233
0
233
-467
700
-934
1167
-1400
1633
-1866
2099
-2332
2565
-2798
3030
-3262
3495
-3727
3958
-4190
4421
-4653
4884
-5114
5345
-5575
5805
-6034
6264
-6492
6721
-6949
7177
-7405
7632
-7859
8085
-8311
8537
-8762
8987
-9211
9435
-9658
9881
-10103
10325
-10546
10767
-10987
11207
-11426
11644
-11862
12079
-12296
12512
-12727
12942
-13156
13370
-13583
13795
-14006
14217
-14427
14636
-14844
15052
-15259
15465
-15670
15875
-16079
16282
-16484
16685
-16886
17085
-17284
17482
-17679
17875
-18070
18264
-18458
18650
-18842
19032
-19222
19410
-19598
19784
-19970
20154
-20338
20520
-20702
20882
-21062
21240
-21417
21593
-21768
21942
-22115
22287
-22457
22626
-22795
22962
-23128
23293
-23456
23618
-23780
23940
-24098
24256
-24412
24567
-24721
24874
-25025
25175
-25324
25471
-25617
25762
-25906
26048
-26189
26329
-26467
26604
-26740
26874
-27007
27138
-27268
27397
-27524
27650
-27775
27898
-28020
28140
-28259
28376
-28492
28607
-28720
28831
-28942
29050
-29158
29263
-29368
29470
-29572
29671
-29770
29866
-29962
30055
-30148
30238
-30327
30415
-30501
30586
-30668
30750
-30830
30908
-30985
31060
-31133
31205
-31276
31345
-31412
31477
-31541
31604
-31665
31724
-31781
31837
-31892
31944
-31996
32045
-32093
32139
-32184
32227
-32268
32308
-32346
32382
-32417
32450
-32482
32512
-32540
32566
-32591
32615
-32636
32656
-32674
32691
-32706
32719
-32731
32741
-32749
32756
-32761
32764
-32766
32766
-32764
32761
-32756
32749
-32741
32731
-32719
32706
-32691
32674
-32656
32636
-32615
32591
-32566
32540
-32512
32482
-32450
32417
-32382
32346
-32308
32268
-32227
32184
-32139
32093
-32045
31996
-31944
31892
-31837
31781
-31724
31665
-31604
31541
-31477
31412
-31345
31276
-31205
31133
-31060
30985
-30908
30830
-30750
30668
-30586
30501
-30415
30327
-30238
30148
-30055
29962
-29866
29770
-29671
29572
-29470
29368
-29263
29158
-29050
28942
-28831
28720
-28607
28492
-28376
28259
-28140
28020
-27898
27775
-27650
27524
-27397
27268
-27138
27007
-26874
26740
-26604
26467
-26329
26189
-26048
25906
-25762
25617
-25471
25324
-25175
25025
-24874
24721
-24567
24412
-24256
24098
-23940
23780
-23618
23456
-23293
23128
-22962
22795
-22626
22457
-22287
22115
-21942
21768
-21593
21417
-21240
21062
-20882
20702
-20520
20338
-20154
19970
-19784
19598
-19410
19222
-19032
18842
-18650
18458
-18264
18070
-17875
17679
-17482
17284
-17085
16886
-16685
16484
-16282
16079
-15875
15670
-15465
15259
-15052
14844
-14636
14427
-14217
14006
-13795
13583
-13370
13156
-12942
12727
-12512
12296
-12079
11862
-11644
11426
-11207
10987
-10767
10546
-10325
10103
-9881
9658
-9435
9211
-8987
8762
-8537
8311
-8085
7859
-7632
7405
-7177
6949
-6721
6492
-6264
6034
-5805
5575
-5345
5114
-4884
4653
-4421
4190
-3958
3727
-3495
3262
-3030
2798
-2565
2332
-2099
1866
-1633
1400
-1167
934
-700
467
-233
0
233
-467
700
-934
1167
-1400
1633
-1866
2099
-2332
2565
-2798
3030
-3262
3495
-3727
3958
-4190
4421
-4653
4884
-5114
5345
-5575
5805
-6034
6264
-6492
6721
-6949
7177
-7405
7632
-7859
8085
-8311
8537
-8762
8987
-9211
9435
-9658
9881
-10103
10325
-10546
10767
-10987
11207
-11426
11644
-11862
12079
-12296
12512
-12727
12942
-13156
13370
-13583
13795
-14006
14217
-14427
14636
-14844
15052
-15259
15465
-15670
15875
-16079
16282
-16484
16685
-16886
17085
-17284
17482
-17679
17875
-18070
18264
-18458
18650
-18842
19032
-19222
19410
-19598
19784
-19970
20154
-20338
20520
-20702
20882
-21062
21240
-21417
21593
-21768
21942
-22115
22287
-22457
22626
-22795
22962
-23128
23293
-23456
23618
-23780
23940
-24098
24256
-24412
24567
-24721
24874
-25025
25175
-25324
25471
-25617
25762
-25906
26048
-26189
26329
-26467
26604
-26740
26874
-27007
27138
-27268
27397
-27524
27650
-27775
27898
-28020
28140
-28259
28376
-28492
28607
-28720
28831
-28942
29050
-29158
29263
-29368
29470
-29572
29671
-29770
29866
-29962
30055
-30148
30238
-30327
30415
-30501
30586
-30668
30750
-30830
30908
-30985
31060
-31133
31205
-31276
31345
-31412
31477
-31541
31604
-31665
31724
-31781
31837
-31892
31944
-31996
32045
-32093
32139
-32184
32227
-32268
32308
-32346
32382
-32417
32450
-32482
32512
-32540
32566
-32591
32615
-32636
32656
-32674
32691
-32706
32719
-32731
32741
-32749
32756
-32761
32764
-32766
32766
-32764
32761
-32756
32749
-32741
32731
-32719
32706
-32691
32674
-32656
32636
-32615
32591
-32566
32540
-32512
32482
-32450
32417
-32382
32346
-32308
32268
-32227
32184
-32139
32093
-32045
31996
-31944
31892
-31837
31781
-31724
31665
-31604
31541
-31477
31412
-31345
31276
-31205
31133
-31060
30985
-30908
30830
-30750
30668
-30586
30501
-30415
30327
-30238
30148
-30055
29962
-29866
29770
-29671
29572
-29470
29368
-29263
29158
-29050
28942
-28831
28720
-28607
28492
-28376
28259
-28140
28020
-27898
27775
-27650
27524
-27397
27268
-27138
27007
-26874
26740
-26604
26467
-26329
26189
-26048
25906
-25762
25617
-25471
25324
-25175
25025
-24874
24721
-24567
24412
-24256
24098
-23940
23780
-23618
23456
-23293
23128
-22962
22795
-22626
22457
-22287
22115
-21942
21768
-21593
21417
-21240
21062
-20882
20702
-20520
20338
-20154
19970
-19784
19598
-19410
19222
-19032
18842
-18650
18458
-18264
18070
-17875
17679
-17482
17284
-17085
16886
-16685
16484
-16282
16079
-15875
15670
-15465
15259
-15052
14844
-14636
14427
-14217
14006
-13795
13583
-13370
13156
-12942
12727
-12512
12296
-12079
11862
-11644
11426
-11207
10987
-10767
10546
-10325
10103
-9881
9658
-9435
9211
-8987
8762
-8537
8311
-8085
7859
-7632
7405
-7177
6949
-6721
6492
-6264
6034
-5805
5575
-5345
5114
-4884
4653
-4421
4190
-3958
3727
-3495
3262
-3030
2798
-2565
2332
-2099
1866
-1633
1400
-1167
934
-700
467
-233
0
233
-467
700
-934
1167
-1400
1633
-1866
2099
-2332
2565
-2798
3030
-3262
3495
-3727
3958
-4190
4421
-4653
4884
-5114
5345
-5575
5805
-6034
6264
-6492
6721
-6949
7177
-7405
7632
-7859
8085
-8311
8537
-8762
8987
-9211
9435
-9658
9881
-10103
10325
-10546
10767
-10987
11207
-11426
11644
-11862
12079
-12296
12512
-12727
12942
-13156
13370
-13583
13795
-14006
14217
-14427
14636
-14844
15052
-15259
15465
-15670
15875
-16079
16282
-16484
16685
-16886
17085
-17284
17482
-17679
17875
-18070
18264
-18458
18650
-18842
19032
-19222
19410
-19598
19784
-19970
20154
-20338
20520
-20702
20882
-21062
21240
-21417
21593
-21768
21942
-22115
22287
-22457
22626
-22795
22962
-23128
23293
-23456
23618
-23780
23940
-24098
24256
-24412
24567
-24721
24874
-25025
25175
-25324
25471
-25617
25762
-25906
26048
-26189
26329
-26467
26604
-26740
26874
-27007
27138
-27268
27397
-27524
27650
-27775
27898
-28020
28140
-28259
28376
-28492
28607
-28720
28831
-28942
29050
-29158
29263
-29368
29470
-29572
29671
-29770
29866
-29962
30055
-30148
30238
-30327
30415
-30501
30586
-30668
30750
-30830
30908
-30985
31060
-31133
31205
-31276
31345
-31412
31477
-31541
31604
-31665
31724
-31781
31837
-31892
31944
-31996
32045
-32093
32139
-32184
32227
-32268
32308
-32346
32382
-32417
32450
-32482
32512
-32540
32566
-32591
32615
-32636
32656
-32674
32691
-32706
32719
-32731
32741
-32749
32756
-32761
32764
-32766
32766
-32764
32761
-32756
32749
-32741
32731
-32719
32706
-32691
32674
-32656
32636
-32615
32591
-32566
32540
-32512
32482
-32450
32417
-32382
32346
-32308
32268
-32227
32184
-32139
32093
-32045
31996
-31944
31892
-31837
31781
-31724
31665
-31604
31541
-31477
31412
-31345
31276
-31205
31133
-31060
30985
-30908
30830
-30750
30668
-30586
30501
-30415
30327
-30238
30148
-30055
29962
-29866
29770
-29671
29572
-29470
29368
-29263
29158
-29050
28942
-28831
28720
-28607
28492
-28376
28259
-28140
28020
-27898
27775
-27650
27524
-27397
27268
-27138
27007
-26874
26740
-26604
26467
-26329
26189
-26048
25906
-25762
25617
-25471
25324
-25175
25025
-24874
24721
-24567
24412
-24256
24098
-23940
23780
-23618
23456
-23293
23128
-22962
22795
-22626
22457
-22287
22115
-21942
21768
-21593
21417
-21240
21062
-20882
20702
-20520
20338
-20154
19970
-19784
19598
-19410
19222
-19032
18842
-18650
18458
-18264
18070
-17875
17679
-17482
17284
-17085
16886
-16685
16484
-16282
16079
-15875
15670
-15465
15259
-15052
14844
-14636
14427
-14217
14006
-13795
13583
-13370
13156
-12942
12727
-12512
12296
-12079
11862
-11644
11426
-11207
10987
-10767
10546
-10325
10103
-9881
9658
-9435
9211
-8987
8762
-8537
8311
-8085
7859
-7632
7405
-7177
6949
-6721
6492
-6264
6034
-5805
5575
-5345
5114
-4884
4653
-4421
4190
-3958
3727
-3495
3262
-3030
2798
-2565
2332
-2099
1866
-1633
1400
-1167
934
-700
467
-233
0
233
-467
700
-934
1167
-1400
1633
-1866
2099
-2332
2565
-2798
3030
-3262
3495
-3727
3958
-4190
4421
-4653
4884
-5114
5345
-5575
5805
-6034
6264
-6492
6721
-6949
7177
-7405
7632
-7859
8085
-8311
8537
-8762
8987
-9211
9435
-9658
9881
-10103
10325
-10546
10767
-10987
11207
-11426
11644
-11862
12079
-12296
12512
-12727
12942
-13156
13370
-13583
13795
-14006
14217
-14427
14636
-14844
15052
-15259
15465
-15670
15875
-16079
16282
-16484
16685
-16886
17085
-17284
17482
-17679
17875
-18070
18264
-18458
18650
-18842
19032
-19222
19410
-19598
19784
-19970
20154
-20338
20520
-20702
20882
-21062
21240
-21417
21593
-21768
21942
-22115
22287
-22457
22626
-22795
22962
-23128
23293
-23456
23618
-23780
23940
-24098
24256
-24412
24567
-24721
24874
-25025
25175
-25324
25471
-25617
25762
-25906
26048
-26189
26329
-26467
26604
-26740
26874
-27007
27138
-27268
27397
-27524
27650
-27775
27898
-28020
28140
-28259
28376
-28492
28607
-28720
28831
-28942
29050
-29158
29263
-29368
29470
-29572
29671
-29770
29866
-29962
30055
-30148
30238
-30327
30415
-30501
30586
-30668
30750
-30830
30908
-30985
31060
-31133
31205
-31276
31345
-31412
31477
-31541
31604
-31665
31724
-31781
31837
-31892
31944
-31996
32045
-32093
32139
-32184
32227
-32268
32308
-32346
32382
-32417
32450
-32482
32512
-32540
32566
-32591
32615
-32636
32656
-32674
32691
-32706
32719
-32731
32741
-32749
32756
-32761
32764
-32766
32766
-32764
32761
-32756
32749
-32741
32731
-32719
32706
-32691
32674
-32656
32636
-32615
32591
-32566
32540
-32512
32482
-32450
32417
-32382
32346
-32308
32268
-32227
32184
-32139
32093
-32045
31996
-31944
31892
-31837
31781
-31724
31665
-31604
31541
-31477
31412
-31345
31276
-31205
31133
-31060
30985
-30908
30830
-30750
30668
-30586
30501
-30415
30327
-30238
30148
-30055
29962
-29866
29770
-29671
29572
-29470
29368
-29263
29158
-29050
28942
-28831
28720
-28607
28492
-28376
28259
-28140
28020
-27898
27775
-27650
27524
-27397
27268
-27138
27007
-26874
26740
-26604
26467
-26329
26189
-26048
25906
-25762
25617
-25471
25324
-25175
25025
-24874
24721
-24567
24412
-24256
24098
-23940
23780
-23618
23456
-23293
23128
-22962
22795
-22626
22457
-22287
22115
-21942
21768
-21593
21417
-21240
21062
-20882
20702
-20520
20338
-20154
19970
-19784
19598
-19410
19222
-19032
18842
-18650
18458
-18264
18070
-17875
17679
-17482
17284
-17085
16886
-16685
16484
-16282
16079
-15875
15670
-15465
15259
-15052
14844
-14636
14427
-14217
14006
-13795
13583
-13370
13156
-12942
12727
-12512
12296
-12079
11862
-11644
11426
-11207
10987
-10767
10546
-10325
10103
-9881
9658
-9435
9211
-8987
8762
-8537
8311
-8085
7859
-7632
7405
-7177
6949
-6721
6492
-6264
6034
-5805
5575
-5345
5114
-4884
4653
-4421
4190
-3958
3727
-3495
3262
-3030
2798
-2565
2332
-2099
1866
-1633
1400
-1167
934
-700
467
-233
0
233
-467
700
-934
1167
-1400
1633
-1866
2099
-2332
2565
-2798
3030
-3262
3495
-3727
3958
-4190
4421
-4653
4884
-5114
5345
-5575
5805
-6034
6264
-6492
6721
-6949
7177
-7405
7632
-7859
8085
-8311
8537
-8762
8987
-9211
9435
-9658
9881
-10103
10325
-10546
10767
-10987
11207
-11426
11644
-11862
12079
-12296
12512
-12727
12942
-13156
13370
-13583
13795
-14006
14217
-14427
14636
-14844
15052
-15259
15465
-15670
15875
-16079
16282
-16484
16685
-16886
17085
-17284
17482
-17679
17875
-18070
18264
-18458
18650
-18842
19032
-19222
19410
-19598
19784
-19970
20154
-20338
20520
-20702
20882
-21062
21240
-21417
21593
-21768
21942
-22115
22287
-22457
22626
-22795
22962
-23128
23293
-23456
23618
-23780
23940
-24098
24256
-24412
24567
-24721
24874
-25025
25175
-25324
25471
-25617
25762
-25906
26048
-26189
26329
-26467
26604
-26740
26874
-27007
27138
-27268
27397
-27524
27650
-27775
27898
-28020
28140
-28259
28376
-28492
28607
-28720
28831
-28942
29050
-29158
29263
-29368
29470
-29572
29671
-29770
29866
-29962
30055
-30148
30238
-30327
30415
-30501
30586
-30668
30750
-30830
30908
-30985
31060
-31133
31205
-31276
31345
-31412
31477
-31541
31604
-31665
31724
-31781
31837
-31892
31944
-31996
32045
-32093
32139
-32184
32227
-32268
32308
-32346
32382
-32417
32450
-32482
32512
-32540
32566
-32591
32615
-32636
32656
-32674
32691
-32706
32719
-32731
32741
-32749
32756
-32761
32764
-32766
32766
-32764
32761
-32756
32749
-32741
32731
-32719
32706
-32691
32674
-32656
32636
-32615
32591
-32566
32540
-32512
32482
-32450
32417
-32382
32346
-32308
32268
-32227
32184
-32139
32093
-32045
31996
-31944
31892
-31837
31781
-31724
31665
-31604
31541
-31477
31412
-31345
31276
-31205
31133
-31060
30985
-30908
30830
-30750
30668
-30586
30501
-30415
30327
-30238
30148
-30055
29962
-29866
29770
-29671
29572
-29470
29368
-29263
29158
-29050
28942
-28831
28720
-28607
28492
-28376
28259
-28140
28020
-27898
27775
-27650
27524
-27397
27268
-27138
27007
-26874
26740
-26604
26467
-26329
26189
-26048
25906
-25762
25617
-25471
25324
-25175
25025
-24874
24721
-24567
24412
-24256
24098
-23940
23780
-23618
23456
-23293
23128
-22962
22795
-22626
22457
-22287
22115
-21942
21768
-21593
21417
-21240
21062
-20882
20702
-20520
20338
-20154
19970
-19784
19598
-19410
19222
-19032
18842
-18650
18458
-18264
18070
-17875
17679
-17482
17284
-17085
16886
-16685
16484
-16282
16079
-15875
15670
-15465
15259
-15052
14844
-14636
14427
-14217
14006
-13795
13583
-13370
13156
-12942
12727
-12512
12296
-12079
11862
-11644
11426
-11207
10987
-10767
10546
-10325
10103
-9881
9658
-9435
9211
-8987
8762
-8537
8311
-8085
7859
-7632
7405
-7177
6949
-6721
6492
-6264
6034
-5805
5575
-5345
5114
-4884
4653
-4421
4190
-3958
3727
-3495
3262
-3030
2798
-2565
2332
-2099
1866
-1633
1400
-1167
934
-700
467
-233
0
233
-467
700
-934
1167
-1400
1633
-1866
2099
-2332
2565
-2798
3030
-3262
3495
-3727
3958
-4190
4421
-4653
4884
-5114
5345
-5575
5805
-6034
6264
-6492
6721
-6949
7177
-7405
7632
-7859
8085
-8311
8537
-8762
8987
-9211
9435
-9658
9881
-10103
10325
-10546
10767
-10987
11207
-11426
11644
-11862
12079
-12296
12512
-12727
12942
-13156
13370
-13583
13795
-14006
14217
-14427
14636
-14844
15052
-15259
15465
-15670
15875
-16079
16282
-16484
16685
-16886
17085
-17284
17482
-17679
17875
-18070
18264
-18458
18650
-18842
19032
-19222
19410
-19598
19784
-19970
20154
-20338
20520
-20702
20882
-21062
21240
-21417
21593
-21768
21942
-22115
22287
-22457
22626
-22795
22962
-23128
23293
-23456
23618
-23780
23940
-24098
24256
-24412
24567
-24721
24874
-25025
25175
-25324
25471
-25617
25762
-25906
26048
-26189
26329
-26467
26604
-26740
26874
-27007
27138
-27268
27397
-27524
27650
-27775
27898
-28020
28140
-28259
28376
-28492
28607
-28720
28831
-28942
29050
-29158
29263
-29368
29470
-29572
29671
-29770
29866
-29962
30055
-30148
30238
-30327
30415
-30501
30586
-30668
30750
-30830
30908
-30985
31060
-31133
31205
-31276
31345
-31412
31477
-31541
31604
-31665
31724
-31781
31837
-31892
31944
-31996
32045
-32093
32139
-32184
32227
-32268
32308
-32346
32382
-32417
32450
-32482
32512
-32540
32566
-32591
32615
-32636
32656
-32674
32691
-32706
32719
-32731
32741
-32749
32756
-32761
32764
-32766
32766
-32764
32761
-32756
32749
-32741
32731
-32719
32706
-32691
32674
-32656
32636
-32615
32591
-32566
32540
-32512
32482
-32450
32417
-32382
32346
-32308
32268
-32227
32184
-32139
32093
-32045
31996
-31944
31892
-31837
31781
-31724
31665
-31604
31541
-31477
31412
-31345
31276
-31205
31133
-31060
30985
-30908
30830
-30750
30668
-30586
30501
-30415
30327
-30238
30148
-30055
29962
-29866
29770
-29671
29572
-29470
29368
-29263
29158
-29050
28942
-28831
28720
-28607
28492
-28376
28259
-28140
28020
-27898
27775
-27650
27524
-27397
27268
-27138
27007
-26874
26740
-26604
26467
-26329
26189
-26048
25906
-25762
25617
-25471
25324
-25175
25025
-24874
24721
-24567
24412
-24256
24098
-23940
23780
-23618
23456
-23293
23128
-22962
22795
-22626
22457
-22287
22115
-21942
21768
-21593
21417
-21240
21062
-20882
20702
-20520
20338
-20154
19970
-19784
19598
-19410
19222
-19032
18842
-18650
18458
-18264
18070
-17875
17679
-17482
17284
-17085
16886
-16685
16484
-16282
16079
-15875
15670
-15465
15259
-15052
14844
-14636
14427
-14217
14006
-13795
13583
-13370
13156
-12942
12727
-12512
12296
-12079
11862
-11644
11426
-11207
10987
-10767
10546
-10325
10103
-9881
9658
-9435
9211
-8987
8762
-8537
8311
-8085
7859
-7632
7405
-7177
6949
-6721
6492
-6264
6034
-5805
5575
-5345
5114
-4884
4653
-4421
4190
-3958
3727
-3495
3262
-3030
2798
-2565
2332
-2099
1866
-1633
1400
-1167
934
-700
467
-233
0
233
-467
700
-934
1167
-1400
1633
-1866
2099
-2332
2565
-2798
3030
-3262
3495
-3727
3958
-4190
4421
-4653
4884
-5114
5345
-5575
5805
-6034
6264
-6492
6721
-6949
7177
-7405
7632
-7859
8085
-8311
8537
-8762
8987
-9211
9435
-9658
9881
-10103
10325
-10546
10767
-10987
11207
-11426
11644
-11862
12079
-12296
12512
-12727
12942
-13156
13370
-13583
13795
-14006
14217
-14427
14636
-14844
15052
-15259
15465
-15670
15875
-16079
16282
-16484
16685
-16886
17085
-17284
17482
-17679
17875
-18070
18264
-18458
18650
-18842
19032
-19222
19410
-19598
19784
-19970
20154
-20338
20520
-20702
20882
-21062
21240
-21417
21593
-21768
21942
-22115
22287
-22457
22626
-22795
22962
-23128
23293
-23456
23618
-23780
23940
-24098
24256
-24412
24567
-24721
24874
-25025
25175
-25324
25471
-25617
25762
-25906
26048
-26189
26329
-26467
26604
-26740
26874
-27007
27138
-27268
27397
-27524
27650
-27775
27898
-28020
28140
-28259
28376
-28492
28607
-28720
28831
-28942
29050
-29158
29263
-29368
29470
-29572
29671
-29770
29866
-29962
30055
-30148
30238
-30327
30415
-30501
30586
-30668
30750
-30830
30908
-30985
31060
-31133
31205
-31276
31345
-31412
31477
-31541
31604
-31665
31724
-31781
31837
-31892
31944
-31996
32045
-32093
32139
-32184
32227
-32268
32308
-32346
32382
-32417
32450
-32482
32512
-32540
32566
-32591
32615
-32636
32656
-32674
32691
-32706
32719
-32731
32741
-32749
32756
-32761
32764
-32766
32766
-32764
32761
-32756
32749
-32741
32731
-32719
32706
-32691
32674
-32656
32636
-32615
32591
-32566
32540
-32512
32482
-32450
32417
-32382
32346
-32308
32268
-32227
32184
-32139
32093
-32045
31996
-31944
31892
-31837
31781
-31724
31665
-31604
31541
-31477
31412
-31345
31276
-31205
31133
-31060
30985
-30908
30830
-30750
30668
-30586
30501
-30415
30327
-30238
30148
-30055
29962
-29866
29770
-29671
29572
-29470
29368
-29263
29158
-29050
28942
-28831
28720
-28607
28492
-28376
28259
-28140
28020
-27898
27775
-27650
27524
-27397
27268
-27138
27007
-26874
26740
-26604
26467
-26329
26189
-26048
25906
-25762
25617
-25471
25324
-25175
25025
-24874
24721
-24567
24412
-24256
24098
-23940
23780
-23618
23456
-23293
23128
-22962
22795
-22626
22457
-22287
22115
-21942
21768
-21593
21417
-21240
21062
-20882
20702
-20520
20338
-20154
19970
-19784
19598
-19410
19222
-19032
18842
-18650
18458
-18264
18070
-17875
17679
-17482
17284
-17085
16886
-16685
16484
-16282
16079
-15875
15670
-15465
15259
-15052
14844
-14636
14427
-14217
14006
-13795
13583
-13370
13156
-12942
12727
-12512
12296
-12079
11862
-11644
11426
-11207
10987
-10767
10546
-10325
10103
-9881
9658
-9435
9211
-8987
8762
-8537
8311
-8085
7859
-7632
7405
-7177
6949
-6721
6492
-6264
6034
-5805
5575
-5345
5114
-4884
4653
-4421
4190
-3958
3727
-3495
3262
-3030
2798
-2565
2332
-2099
1866
-1633
1400
-1167
934
-700
467
-233
