0
7177
-14006
20154
-25324
29263
-31781
32756
-32139
29962
-26329
21417
-15465
8762
-1633
-5575
12512
-18842
24256
-28492
31345
-32674
32417
-30586
27268
-22626
16886
-10325
3262
3958
-10987
17482
-23128
27650
-30830
32512
-32615
31133
-28140
23780
-18264
11862
-4884
-2332
9435
-16079
21942
-26740
30238
-32268
32731
-31604
28942
-24874
19598
-13370
6492
700
-7859
14636
-20702
25762
-29572
31944
-32766
31996
-29671
25906
-20882
14844
-8085
934
6264
-13156
19410
-24721
28831
-31541
32719
-32308
30327
-26874
22115
-16282
9658
-2565
-4653
11644
-18070
23618
-28020
31060
-32591
32540
-30908
27775
-23293
17679
-11207
4190
3030
-10103
16685
-22457
27138
-30501
32382
-32691
31412
-28607
24412
-19032
12727
-5805
-1400
8537
-15259
21240
-26189
29866
-32093
32761
-31837
29368
-25471
20338
-14217
7405
-233
-6949
13795
-19970
25175
-29158
31724
-32749
32184
-30055
26467
-21593
15670
-8987
1866
5345
-12296
18650
-24098
28376
-31276
32656
-32450
30668
-27397
22795
-17085
10546
-3495
-3727
10767
-17284
22962
-27524
30750
-32482
32636
-31205
28259
-23940
18458
-12079
5114
2099
-9211
15875
-21768
26604
-30148
32227
-32741
31665
-29050
25025
-19784
13583
-6721
-467
7632
-14427
20520
-25617
29470
-31892
32764
-32045
29770
-26048
21062
-15052
8311
-1167
-6034
12942
-19222
24567
-28720
31477
-32706
32346
-30415
27007
-22287
16484
-9881
2798
4421
-11426
17875
-23456
27898
-30985
32566
-32566
30985
-27898
23456
-17875
11426
-4421
-2798
9881
-16484
22287
-27007
30415
-32346
32706
-31477
28720
-24567
19222
-12942
6034
1167
-8311
15052
-21062
26048
-29770
32045
-32764
31892
-29470
25617
-20520
14427
-7632
467
6721
-13583
19784
-25025
29050
-31665
32741
-32227
30148
-26604
21768
-15875
9211
-2099
-5114
12079
-18458
23940
-28259
31205
-32636
32482
-30750
27524
-22962
17284
-10767
3727
3495
-10546
17085
-22795
27397
-30668
32450
-32656
31276
-28376
24098
-18650
12296
-5345
-1866
8987
-15670
21593
-26467
30055
-32184
32749
-31724
29158
-25175
19970
-13795
6949
233
-7405
14217
-20338
25471
-29368
31837
-32761
32093
-29866
26189
-21240
15259
-8537
1400
5805
-12727
19032
-24412
28607
-31412
32691
-32382
30501
-27138
22457
-16685
10103
-3030
-4190
11207
-17679
23293
-27775
30908
-32540
32591
-31060
28020
-23618
18070
-11644
4653
2565
-9658
16282
-22115
26874
-30327
32308
-32719
31541
-28831
24721
-19410
13156
-6264
-934
8085
-14844
20882
-25906
29671
-31996
32766
-31944
29572
-25762
20702
-14636
7859
-700
-6492
13370
-19598
24874
-28942
31604
-32731
32268
-30238
26740
-21942
16079
-9435
2332
4884
-11862
18264
-23780
28140
-31133
32615
-32512
30830
-27650
23128
-17482
10987
-3958
-3262
10325
-16886
22626
-27268
30586
-32417
32674
-31345
28492
-24256
18842
-12512
5575
1633
-8762
15465
-21417
26329
-29962
32139
-32756
31781
-29263
25324
-20154
14006
-7177
0
7177
-14006
20154
-25324
29263
-31781
32756
-32139
29962
-26329
21417
-15465
8762
-1633
-5575
12512
-18842
24256
-28492
31345
-32674
32417
-30586
27268
-22626
16886
-10325
3262
3958
-10987
17482
-23128
27650
-30830
32512
-32615
31133
-28140
23780
-18264
11862
-4884
-2332
9435
-16079
21942
-26740
30238
-32268
32731
-31604
28942
-24874
19598
-13370
6492
700
-7859
14636
-20702
25762
-29572
31944
-32766
31996
-29671
25906
-20882
14844
-8085
934
6264
-13156
19410
-24721
28831
-31541
32719
-32308
30327
-26874
22115
-16282
9658
-2565
-4653
11644
-18070
23618
-28020
31060
-32591
32540
-30908
27775
-23293
17679
-11207
4190
3030
-10103
16685
-22457
27138
-30501
32382
-32691
31412
-28607
24412
-19032
12727
-5805
-1400
8537
-15259
21240
-26189
29866
-32093
32761
-31837
29368
-25471
20338
-14217
7405
-233
-6949
13795
-19970
25175
-29158
31724
-32749
32184
-30055
26467
-21593
15670
-8987
1866
5345
-12296
18650
-24098
28376
-31276
32656
-32450
30668
-27397
22795
-17085
10546
-3495
-3727
10767
-17284
22962
-27524
30750
-32482
32636
-31205
28259
-23940
18458
-12079
5114
2099
-9211
15875
-21768
26604
-30148
32227
-32741
31665
-29050
25025
-19784
13583
-6721
-467
7632
-14427
20520
-25617
29470
-31892
32764
-32045
29770
-26048
21062
-15052
8311
-1167
-6034
12942
-19222
24567
-28720
31477
-32706
32346
-30415
27007
-22287
16484
-9881
2798
4421
-11426
17875
-23456
27898
-30985
32566
-32566
30985
-27898
23456
-17875
11426
-4421
-2798
9881
-16484
22287
-27007
30415
-32346
32706
-31477
28720
-24567
19222
-12942
6034
1167
-8311
15052
-21062
26048
-29770
32045
-32764
31892
-29470
25617
-20520
14427
-7632
467
6721
-13583
19784
-25025
29050
-31665
32741
-32227
30148
-26604
21768
-15875
9211
-2099
-5114
12079
-18458
23940
-28259
31205
-32636
32482
-30750
27524
-22962
17284
-10767
3727
3495
-10546
17085
-22795
27397
-30668
32450
-32656
31276
-28376
24098
-18650
12296
-5345
-1866
8987
-15670
21593
-26467
30055
-32184
32749
-31724
29158
-25175
19970
-13795
6949
233
-7405
14217
-20338
25471
-29368
31837
-32761
32093
-29866
26189
-21240
15259
-8537
1400
5805
-12727
19032
-24412
28607
-31412
32691
-32382
30501
-27138
22457
-16685
10103
-3030
-4190
11207
-17679
23293
-27775
30908
-32540
32591
-31060
28020
-23618
18070
-11644
4653
2565
-9658
16282
-22115
26874
-30327
32308
-32719
31541
-28831
24721
-19410
13156
-6264
-934
8085
-14844
20882
-25906
29671
-31996
32766
-31944
29572
-25762
20702
-14636
7859
-700
-6492
13370
-19598
24874
-28942
31604
-32731
32268
-30238
26740
-21942
16079
-9435
2332
4884
-11862
18264
-23780
28140
-31133
32615
-32512
30830
-27650
23128
-17482
10987
-3958
-3262
10325
-16886
22626
-27268
30586
-32417
32674
-31345
28492
-24256
18842
-12512
5575
1633
-8762
15465
-21417
26329
-29962
32139
-32756
31781
-29263
25324
-20154
14006
-7177
0
7177
-14006
20154
-25324
29263
-31781
32756
-32139
29962
-26329
21417
-15465
8762
-1633
-5575
12512
-18842
24256
-28492
31345
-32674
32417
-30586
27268
-22626
16886
-10325
3262
3958
-10987
17482
-23128
27650
-30830
32512
-32615
31133
-28140
23780
-18264
11862
-4884
-2332
9435
-16079
21942
-26740
30238
-32268
32731
-31604
28942
-24874
19598
-13370
6492
700
-7859
14636
-20702
25762
-29572
31944
-32766
31996
-29671
25906
-20882
14844
-8085
934
6264
-13156
19410
-24721
28831
-31541
32719
-32308
30327
-26874
22115
-16282
9658
-2565
-4653
11644
-18070
23618
-28020
31060
-32591
32540
-30908
27775
-23293
17679
-11207
4190
3030
-10103
16685
-22457
27138
-30501
32382
-32691
31412
-28607
24412
-19032
12727
-5805
-1400
8537
-15259
21240
-26189
29866
-32093
32761
-31837
29368
-25471
20338
-14217
7405
-233
-6949
13795
-19970
25175
-29158
31724
-32749
32184
-30055
26467
-21593
15670
-8987
1866
5345
-12296
18650
-24098
28376
-31276
32656
-32450
30668
-27397
22795
-17085
10546
-3495
-3727
10767
-17284
22962
-27524
30750
-32482
32636
-31205
28259
-23940
18458
-12079
5114
2099
-9211
15875
-21768
26604
-30148
32227
-32741
31665
-29050
25025
-19784
13583
-6721
-467
7632
-14427
20520
-25617
29470
-31892
32764
-32045
29770
-26048
21062
-15052
8311
-1167
-6034
12942
-19222
24567
-28720
31477
-32706
32346
-30415
27007
-22287
16484
-9881
2798
4421
-11426
17875
-23456
27898
-30985
32566
-32566
30985
-27898
23456
-17875
11426
-4421
-2798
9881
-16484
22287
-27007
30415
-32346
32706
-31477
28720
-24567
19222
-12942
6034
1167
-8311
15052
-21062
26048
-29770
32045
-32764
31892
-29470
25617
-20520
14427
-7632
467
6721
-13583
19784
-25025
29050
-31665
32741
-32227
30148
-26604
21768
-15875
9211
-2099
-5114
12079
-18458
23940
-28259
31205
-32636
32482
-30750
27524
-22962
17284
-10767
3727
3495
-10546
17085
-22795
27397
-30668
32450
-32656
31276
-28376
24098
-18650
12296
-5345
-1866
8987
-15670
21593
-26467
30055
-32184
32749
-31724
29158
-25175
19970
-13795
6949
233
-7405
14217
-20338
25471
-29368
31837
-32761
32093
-29866
26189
-21240
15259
-8537
1400
5805
-12727
19032
-24412
28607
-31412
32691
-32382
30501
-27138
22457
-16685
10103
-3030
-4190
11207
-17679
23293
-27775
30908
-32540
32591
-31060
28020
-23618
18070
-11644
4653
2565
-9658
16282
-22115
26874
-30327
32308
-32719
31541
-28831
24721
-19410
13156
-6264
-934
8085
-14844
20882
-25906
29671
-31996
32766
-31944
29572
-25762
20702
-14636
7859
-700
-6492
13370
-19598
24874
-28942
31604
-32731
32268
-30238
26740
-21942
16079
-9435
2332
4884
-11862
18264
-23780
28140
-31133
32615
-32512
30830
-27650
23128
-17482
10987
-3958
-3262
10325
-16886
22626
-27268
30586
-32417
32674
-31345
28492
-24256
18842
-12512
5575
1633
-8762
15465
-21417
26329
-29962
32139
-32756
31781
-29263
25324
-20154
14006
-7177
0
7177
-14006
20154
-25324
29263
-31781
32756
-32139
29962
-26329
21417
-15465
8762
-1633
-5575
12512
-18842
24256
-28492
31345
-32674
32417
-30586
27268
-22626
16886
-10325
3262
3958
-10987
17482
-23128
27650
-30830
32512
-32615
31133
-28140
23780
-18264
11862
-4884
-2332
9435
-16079
21942
-26740
30238
-32268
32731
-31604
28942
-24874
19598
-13370
6492
700
-7859
14636
-20702
25762
-29572
31944
-32766
31996
-29671
25906
-20882
14844
-8085
934
6264
-13156
19410
-24721
28831
-31541
32719
-32308
30327
-26874
22115
-16282
9658
-2565
-4653
11644
-18070
23618
-28020
31060
-32591
32540
-30908
27775
-23293
17679
-11207
4190
3030
-10103
16685
-22457
27138
-30501
32382
-32691
31412
-28607
24412
-19032
12727
-5805
-1400
8537
-15259
21240
-26189
29866
-32093
32761
-31837
29368
-25471
20338
-14217
7405
-233
-6949
13795
-19970
25175
-29158
31724
-32749
32184
-30055
26467
-21593
15670
-8987
1866
5345
-12296
18650
-24098
28376
-31276
32656
-32450
30668
-27397
22795
-17085
10546
-3495
-3727
10767
-17284
22962
-27524
30750
-32482
32636
-31205
28259
-23940
18458
-12079
5114
2099
-9211
15875
-21768
26604
-30148
32227
-32741
31665
-29050
25025
-19784
13583
-6721
-467
7632
-14427
20520
-25617
29470
-31892
32764
-32045
29770
-26048
21062
-15052
8311
-1167
-6034
12942
-19222
24567
-28720
31477
-32706
32346
-30415
27007
-22287
16484
-9881
2798
4421
-11426
17875
-23456
27898
-30985
32566
-32566
30985
-27898
23456
-17875
11426
-4421
-2798
9881
-16484
22287
-27007
30415
-32346
32706
-31477
28720
-24567
19222
-12942
6034
1167
-8311
15052
-21062
26048
-29770
32045
-32764
31892
-29470
25617
-20520
14427
-7632
467
6721
-13583
19784
-25025
29050
-31665
32741
-32227
30148
-26604
21768
-15875
9211
-2099
-5114
12079
-18458
23940
-28259
31205
-32636
32482
-30750
27524
-22962
17284
-10767
3727
3495
-10546
17085
-22795
27397
-30668
32450
-32656
31276
-28376
24098
-18650
12296
-5345
-1866
8987
-15670
21593
-26467
30055
-32184
32749
-31724
29158
-25175
19970
-13795
6949
233
-7405
14217
-20338
25471
-29368
31837
-32761
32093
-29866
26189
-21240
15259
-8537
1400
5805
-12727
19032
-24412
28607
-31412
32691
-32382
30501
-27138
22457
-16685
10103
-3030
-4190
11207
-17679
23293
-27775
30908
-32540
32591
-31060
28020
-23618
18070
-11644
4653
2565
-9658
16282
-22115
26874
-30327
32308
-32719
31541
-28831
24721
-19410
13156
-6264
-934
8085
-14844
20882
-25906
29671
-31996
32766
-31944
29572
-25762
20702
-14636
7859
-700
-6492
13370
-19598
24874
-28942
31604
-32731
32268
-30238
26740
-21942
16079
-9435
2332
4884
-11862
18264
-23780
28140
-31133
32615
-32512
30830
-27650
23128
-17482
10987
-3958
-3262
10325
-16886
22626
-27268
30586
-32417
32674
-31345
28492
-24256
18842
-12512
5575
1633
-8762
15465
-21417
26329
-29962
32139
-32756
31781
-29263
25324
-20154
14006
-7177
0
7177
-14006
20154
-25324
29263
-31781
32756
-32139
29962
-26329
21417
-15465
8762
-1633
-5575
12512
-18842
24256
-28492
31345
-32674
32417
-30586
27268
-22626
16886
-10325
3262
3958
-10987
17482
-23128
27650
-30830
32512
-32615
31133
-28140
23780
-18264
11862
-4884
-2332
9435
-16079
21942
-26740
30238
-32268
32731
-31604
28942
-24874
19598
-13370
6492
700
-7859
14636
-20702
25762
-29572
31944
-32766
31996
-29671
25906
-20882
14844
-8085
934
6264
-13156
19410
-24721
28831
-31541
32719
-32308
30327
-26874
22115
-16282
9658
-2565
-4653
11644
-18070
23618
-28020
31060
-32591
32540
-30908
27775
-23293
17679
-11207
4190
3030
-10103
16685
-22457
27138
-30501
32382
-32691
31412
-28607
24412
-19032
12727
-5805
-1400
8537
-15259
21240
-26189
29866
-32093
32761
-31837
29368
-25471
20338
-14217
7405
-233
-6949
13795
-19970
25175
-29158
31724
-32749
32184
-30055
26467
-21593
15670
-8987
1866
5345
-12296
18650
-24098
28376
-31276
32656
-32450
30668
-27397
22795
-17085
10546
-3495
-3727
10767
-17284
22962
-27524
30750
-32482
32636
-31205
28259
-23940
18458
-12079
5114
2099
-9211
15875
-21768
26604
-30148
32227
-32741
31665
-29050
25025
-19784
13583
-6721
-467
7632
-14427
20520
-25617
29470
-31892
32764
-32045
29770
-26048
21062
-15052
8311
-1167
-6034
12942
-19222
24567
-28720
31477
-32706
32346
-30415
27007
-22287
16484
-9881
2798
4421
-11426
17875
-23456
27898
-30985
32566
-32566
30985
-27898
23456
-17875
11426
-4421
-2798
9881
-16484
22287
-27007
30415
-32346
32706
-31477
28720
-24567
19222
-12942
6034
1167
-8311
15052
-21062
26048
-29770
32045
-32764
31892
-29470
25617
-20520
14427
-7632
467
6721
-13583
19784
-25025
29050
-31665
32741
-32227
30148
-26604
21768
-15875
9211
-2099
-5114
12079
-18458
23940
-28259
31205
-32636
32482
-30750
27524
-22962
17284
-10767
3727
3495
-10546
17085
-22795
27397
-30668
32450
-32656
31276
-28376
24098
-18650
12296
-5345
-1866
8987
-15670
21593
-26467
30055
-32184
32749
-31724
29158
-25175
19970
-13795
6949
233
-7405
14217
-20338
25471
-29368
31837
-32761
32093
-29866
26189
-21240
15259
-8537
1400
5805
-12727
19032
-24412
28607
-31412
32691
-32382
30501
-27138
22457
-16685
10103
-3030
-4190
11207
-17679
23293
-27775
30908
-32540
32591
-31060
28020
-23618
18070
-11644
4653
2565
-9658
16282
-22115
26874
-30327
32308
-32719
31541
-28831
24721
-19410
13156
-6264
-934
8085
-14844
20882
-25906
29671
-31996
32766
-31944
29572
-25762
20702
-14636
7859
-700
-6492
13370
-19598
24874
-28942
31604
-32731
32268
-30238
26740
-21942
16079
-9435
2332
4884
-11862
18264
-23780
28140
-31133
32615
-32512
30830
-27650
23128
-17482
10987
-3958
-3262
10325
-16886
22626
-27268
30586
-32417
32674
-31345
28492
-24256
18842
-12512
5575
1633
-8762
15465
-21417
26329
-29962
32139
-32756
31781
-29263
25324
-20154
14006
-7177
0
7177
-14006
20154
-25324
29263
-31781
32756
-32139
29962
-26329
21417
-15465
8762
-1633
-5575
12512
-18842
24256
-28492
31345
-32674
32417
-30586
27268
-22626
16886
-10325
3262
3958
-10987
17482
-23128
27650
-30830
32512
-32615
31133
-28140
23780
-18264
11862
-4884
-2332
9435
-16079
21942
-26740
30238
-32268
32731
-31604
28942
-24874
19598
-13370
6492
700
-7859
14636
-20702
25762
-29572
31944
-32766
31996
-29671
25906
-20882
14844
-8085
934
6264
-13156
19410
-24721
28831
-31541
32719
-32308
30327
-26874
22115
-16282
9658
-2565
-4653
11644
-18070
23618
-28020
31060
-32591
32540
-30908
27775
-23293
17679
-11207
4190
3030
-10103
16685
-22457
27138
-30501
32382
-32691
31412
-28607
24412
-19032
12727
-5805
-1400
8537
-15259
21240
-26189
29866
-32093
32761
-31837
29368
-25471
20338
-14217
7405
-233
-6949
13795
-19970
25175
-29158
31724
-32749
32184
-30055
26467
-21593
15670
-8987
1866
5345
-12296
18650
-24098
28376
-31276
32656
-32450
30668
-27397
22795
-17085
10546
-3495
-3727
10767
-17284
22962
-27524
30750
-32482
32636
-31205
28259
-23940
18458
-12079
5114
2099
-9211
15875
-21768
26604
-30148
32227
-32741
31665
-29050
25025
-19784
13583
-6721
-467
7632
-14427
20520
-25617
29470
-31892
32764
-32045
29770
-26048
21062
-15052
8311
-1167
-6034
12942
-19222
24567
-28720
31477
-32706
32346
-30415
27007
-22287
16484
-9881
2798
4421
-11426
17875
-23456
27898
-30985
32566
-32566
30985
-27898
23456
-17875
11426
-4421
-2798
9881
-16484
22287
-27007
30415
-32346
32706
-31477
28720
-24567
19222
-12942
6034
1167
-8311
15052
-21062
26048
-29770
32045
-32764
31892
-29470
25617
-20520
14427
-7632
467
6721
-13583
19784
-25025
29050
-31665
32741
-32227
30148
-26604
21768
-15875
9211
-2099
-5114
12079
-18458
23940
-28259
31205
-32636
32482
-30750
27524
-22962
17284
-10767
3727
3495
-10546
17085
-22795
27397
-30668
32450
-32656
31276
-28376
24098
-18650
12296
-5345
-1866
8987
-15670
21593
-26467
30055
-32184
32749
-31724
29158
-25175
19970
-13795
6949
233
-7405
14217
-20338
25471
-29368
31837
-32761
32093
-29866
26189
-21240
15259
-8537
1400
5805
-12727
19032
-24412
28607
-31412
32691
-32382
30501
-27138
22457
-16685
10103
-3030
-4190
11207
-17679
23293
-27775
30908
-32540
32591
-31060
28020
-23618
18070
-11644
4653
2565
-9658
16282
-22115
26874
-30327
32308
-32719
31541
-28831
24721
-19410
13156
-6264
-934
8085
-14844
20882
-25906
29671
-31996
32766
-31944
29572
-25762
20702
-14636
7859
-700
-6492
13370
-19598
24874
-28942
31604
-32731
32268
-30238
26740
-21942
16079
-9435
2332
4884
-11862
18264
-23780
28140
-31133
32615
-32512
30830
-27650
23128
-17482
10987
-3958
-3262
10325
-16886
22626
-27268
30586
-32417
32674
-31345
28492
-24256
18842
-12512
5575
1633
-8762
15465
-21417
26329
-29962
32139
-32756
31781
-29263
25324
-20154
14006
-7177
0
7177
-14006
20154
-25324
29263
-31781
32756
-32139
29962
-26329
21417
-15465
8762
-1633
-5575
12512
-18842
24256
-28492
31345
-32674
32417
-30586
27268
-22626
16886
-10325
3262
3958
-10987
17482
-23128
27650
-30830
32512
-32615
31133
-28140
23780
-18264
11862
-4884
-2332
9435
-16079
21942
-26740
30238
-32268
32731
-31604
28942
-24874
19598
-13370
6492
700
-7859
14636
-20702
25762
-29572
31944
-32766
31996
-29671
25906
-20882
14844
-8085
934
6264
-13156
19410
-24721
28831
-31541
32719
-32308
30327
-26874
22115
-16282
9658
-2565
-4653
11644
-18070
23618
-28020
31060
-32591
32540
-30908
27775
-23293
17679
-11207
4190
3030
-10103
16685
-22457
27138
-30501
32382
-32691
31412
-28607
24412
-19032
12727
-5805
-1400
8537
-15259
21240
-26189
29866
-32093
32761
-31837
29368
-25471
20338
-14217
7405
-233
-6949
13795
-19970
25175
-29158
31724
-32749
32184
-30055
26467
-21593
15670
-8987
1866
5345
-12296
18650
-24098
28376
-31276
32656
-32450
30668
-27397
22795
-17085
10546
-3495
-3727
10767
-17284
22962
-27524
30750
-32482
32636
-31205
28259
-23940
18458
-12079
5114
2099
-9211
15875
-21768
26604
-30148
32227
-32741
31665
-29050
25025
-19784
13583
-6721
-467
7632
-14427
20520
-25617
29470
-31892
32764
-32045
29770
-26048
21062
-15052
8311
-1167
-6034
12942
-19222
24567
-28720
31477
-32706
32346
-30415
27007
-22287
16484
-9881
2798
4421
-11426
17875
-23456
27898
-30985
32566
-32566
30985
-27898
23456
-17875
11426
-4421
-2798
9881
-16484
22287
-27007
30415
-32346
32706
-31477
28720
-24567
19222
-12942
6034
1167
-8311
15052
-21062
26048
-29770
32045
-32764
31892
-29470
25617
-20520
14427
-7632
467
6721
-13583
19784
-25025
29050
-31665
32741
-32227
30148
-26604
21768
-15875
9211
-2099
-5114
12079
-18458
23940
-28259
31205
-32636
32482
-30750
27524
-22962
17284
-10767
3727
3495
-10546
17085
-22795
27397
-30668
32450
-32656
31276
-28376
24098
-18650
12296
-5345
-1866
8987
-15670
21593
-26467
30055
-32184
32749
-31724
29158
-25175
19970
-13795
6949
233
-7405
14217
-20338
25471
-29368
31837
-32761
32093
-29866
26189
-21240
15259
-8537
1400
5805
-12727
19032
-24412
28607
-31412
32691
-32382
30501
-27138
22457
-16685
10103
-3030
-4190
11207
-17679
23293
-27775
30908
-32540
32591
-31060
28020
-23618
18070
-11644
4653
2565
-9658
16282
-22115
26874
-30327
32308
-32719
31541
-28831
24721
-19410
13156
-6264
-934
8085
-14844
20882
-25906
29671
-31996
32766
-31944
29572
-25762
20702
-14636
7859
-700
-6492
13370
-19598
24874
-28942
31604
-32731
32268
-30238
26740
-21942
16079
-9435
2332
4884
-11862
18264
-23780
28140
-31133
32615
-32512
30830
-27650
23128
-17482
10987
-3958
-3262
10325
-16886
22626
-27268
30586
-32417
32674
-31345
28492
-24256
18842
-12512
5575
1633
-8762
15465
-21417
26329
-29962
32139
-32756
31781
-29263
25324
-20154
14006
-7177
0
7177
-14006
20154
-25324
29263
-31781
32756
-32139
29962
-26329
21417
-15465
8762
-1633
-5575
12512
-18842
24256
-28492
31345
-32674
32417
-30586
27268
-22626
16886
-10325
3262
3958
-10987
17482
-23128
27650
-30830
32512
-32615
31133
-28140
23780
-18264
11862
-4884
-2332
9435
-16079
21942
-26740
30238
-32268
32731
-31604
28942
-24874
19598
-13370
6492
700
-7859
14636
-20702
25762
-29572
31944
-32766
31996
-29671
25906
-20882
14844
-8085
934
6264
-13156
19410
-24721
28831
-31541
32719
-32308
30327
-26874
22115
-16282
9658
-2565
-4653
11644
-18070
23618
-28020
31060
-32591
32540
-30908
27775
-23293
17679
-11207
4190
3030
-10103
16685
-22457
27138
-30501
32382
-32691
31412
-28607
24412
-19032
12727
-5805
-1400
8537
-15259
21240
-26189
29866
-32093
32761
-31837
29368
-25471
20338
-14217
7405
-233
-6949
13795
-19970
25175
-29158
31724
-32749
32184
-30055
26467
-21593
15670
-8987
1866
5345
-12296
18650
-24098
28376
-31276
32656
-32450
30668
-27397
22795
-17085
10546
-3495
-3727
10767
-17284
22962
-27524
30750
-32482
32636
-31205
28259
-23940
18458
-12079
5114
2099
-9211
15875
-21768
26604
-30148
32227
-32741
31665
-29050
25025
-19784
13583
-6721
-467
7632
-14427
20520
-25617
29470
-31892
32764
-32045
29770
-26048
21062
-15052
8311
-1167
-6034
12942
-19222
24567
-28720
31477
-32706
32346
-30415
27007
-22287
16484
-9881
2798
4421
-11426
17875
-23456
27898
-30985
32566
-32566
30985
-27898
23456
-17875
11426
-4421
-2798
9881
-16484
22287
-27007
30415
-32346
32706
-31477
28720
-24567
19222
-12942
6034
1167
-8311
15052
-21062
26048
-29770
32045
-32764
31892
-29470
25617
-20520
14427
-7632
467
6721
-13583
19784
-25025
29050
-31665
32741
-32227
30148
-26604
21768
-15875
9211
-2099
-5114
12079
-18458
23940
-28259
31205
-32636
32482
-30750
27524
-22962
17284
-10767
3727
3495
-10546
17085
-22795
27397
-30668
32450
-32656
31276
-28376
24098
-18650
12296
-5345
-1866
8987
-15670
21593
-26467
30055
-32184
32749
-31724
29158
-25175
19970
-13795
6949
233
-7405
14217
-20338
25471
-29368
31837
-32761
32093
-29866
26189
-21240
15259
-8537
1400
5805
-12727
19032
-24412
28607
-31412
32691
-32382
30501
-27138
22457
-16685
10103
-3030
-4190
11207
-17679
23293
-27775
30908
-32540
32591
-31060
28020
-23618
18070
-11644
4653
2565
-9658
16282
-22115
26874
-30327
32308
-32719
31541
-28831
24721
-19410
13156
-6264
-934
8085
-14844
20882
-25906
29671
-31996
32766
-31944
29572
-25762
20702
-14636
7859
-700
-6492
13370
-19598
24874
-28942
31604
-32731
32268
-30238
26740
-21942
16079
-9435
2332
4884
-11862
18264
-23780
28140
-31133
32615
-32512
30830
-27650
23128
-17482
10987
-3958
-3262
10325
-16886
22626
-27268
30586
-32417
32674
-31345
28492
-24256
18842
-12512
5575
1633
-8762
15465
-21417
26329
-29962
32139
-32756
31781
-29263
25324
-20154
14006
-7177
0
7177
-14006
20154
-25324
29263
-31781
32756
-32139
29962
-26329
21417
-15465
8762
-1633
-5575
12512
-18842
24256
-28492
31345
-32674
32417
-30586
27268
-22626
16886
-10325
3262
3958
-10987
17482
-23128
27650
-30830
32512
-32615
31133
-28140
23780
-18264
11862
-4884
-2332
9435
-16079
21942
-26740
30238
-32268
32731
-31604
28942
-24874
19598
-13370
6492
700
-7859
14636
-20702
25762
-29572
31944
-32766
31996
-29671
25906
-20882
14844
-8085
934
6264
-13156
19410
-24721
28831
-31541
32719
-32308
30327
-26874
22115
-16282
9658
-2565
-4653
11644
-18070
23618
-28020
31060
-32591
32540
-30908
27775
-23293
17679
-11207
4190
3030
-10103
16685
-22457
27138
-30501
32382
-32691
31412
-28607
24412
-19032
12727
-5805
-1400
8537
-15259
21240
-26189
29866
-32093
32761
-31837
29368
-25471
20338
-14217
7405
-233
-6949
13795
-19970
25175
-29158
31724
-32749
32184
-30055
26467
-21593
15670
-8987
1866
5345
-12296
18650
-24098
28376
-31276
32656
-32450
30668
-27397
22795
-17085
10546
-3495
-3727
10767
-17284
22962
-27524
30750
-32482
32636
-31205
28259
-23940
18458
-12079
5114
2099
-9211
15875
-21768
26604
-30148
32227
-32741
31665
-29050
25025
-19784
13583
-6721
-467
7632
-14427
20520
-25617
29470
-31892
32764
-32045
29770
-26048
21062
-15052
8311
-1167
-6034
12942
-19222
24567
-28720
31477
-32706
32346
-30415
27007
-22287
16484
-9881
2798
4421
-11426
17875
-23456
27898
-30985
32566
-32566
30985
-27898
23456
-17875
11426
-4421
-2798
9881
-16484
22287
-27007
30415
-32346
32706
-31477
28720
-24567
19222
-12942
6034
1167
-8311
15052
-21062
26048
-29770
32045
-32764
31892
-29470
25617
-20520
14427
-7632
467
6721
-13583
19784
-25025
29050
-31665
32741
-32227
30148
-26604
21768
-15875
9211
-2099
-5114
12079
-18458
23940
-28259
31205
-32636
32482
-30750
27524
-22962
17284
-10767
3727
3495
-10546
17085
-22795
27397
-30668
32450
-32656
31276
-28376
24098
-18650
12296
-5345
-1866
8987
-15670
21593
-26467
30055
-32184
32749
-31724
29158
-25175
19970
-13795
6949
233
-7405
14217
-20338
25471
-29368
31837
-32761
32093
-29866
26189
-21240
15259
-8537
1400
5805
-12727
19032
-24412
28607
-31412
32691
-32382
30501
-27138
22457
-16685
10103
-3030
-4190
11207
-17679
23293
-27775
30908
-32540
32591
-31060
28020
-23618
18070
-11644
4653
2565
-9658
16282
-22115
26874
-30327
32308
-32719
31541
-28831
24721
-19410
13156
-6264
-934
8085
-14844
20882
-25906
29671
-31996
32766
-31944
29572
-25762
20702
-14636
7859
-700
-6492
13370
-19598
24874
-28942
31604
-32731
32268
-30238
26740
-21942
16079
-9435
2332
4884
-11862
18264
-23780
28140
-31133
32615
-32512
30830
-27650
23128
-17482
10987
-3958
-3262
10325
-16886
22626
-27268
30586
-32417
32674
-31345
28492
-24256
18842
-12512
5575
1633
-8762
15465
-21417
26329
-29962
32139
-32756
31781
-29263
25324
-20154
14006
-7177
0
7177
-14006
20154
-25324
29263
-31781
32756
-32139
29962
-26329
21417
-15465
8762
-1633
-5575
12512
-18842
24256
-28492
31345
-32674
32417
-30586
27268
-22626
16886
-10325
3262
3958
-10987
17482
-23128
27650
-30830
32512
-32615
31133
-28140
23780
-18264
11862
-4884
-2332
9435
-16079
21942
-26740
30238
-32268
32731
-31604
28942
-24874
19598
-13370
6492
700
-7859
14636
-20702
25762
-29572
31944
-32766
31996
-29671
25906
-20882
14844
-8085
934
6264
-13156
19410
-24721
28831
-31541
32719
-32308
30327
-26874
22115
-16282
9658
-2565
-4653
11644
-18070
23618
-28020
31060
-32591
32540
-30908
27775
-23293
17679
-11207
4190
3030
-10103
16685
-22457
27138
-30501
32382
-32691
31412
-28607
24412
-19032
12727
-5805
-1400
8537
-15259
21240
-26189
29866
-32093
32761
-31837
29368
-25471
20338
-14217
7405
-233
-6949
13795
-19970
25175
-29158
31724
-32749
32184
-30055
26467
-21593
15670
-8987
1866
5345
-12296
18650
-24098
28376
-31276
32656
-32450
30668
-27397
22795
-17085
10546
-3495
-3727
10767
-17284
22962
-27524
30750
-32482
32636
-31205
28259
-23940
18458
-12079
5114
2099
-9211
15875
-21768
26604
-30148
32227
-32741
31665
-29050
25025
-19784
13583
-6721
-467
7632
-14427
20520
-25617
29470
-31892
32764
-32045
29770
-26048
21062
-15052
8311
-1167
-6034
12942
-19222
24567
-28720
31477
-32706
32346
-30415
27007
-22287
16484
-9881
2798
4421
-11426
17875
-23456
27898
-30985
32566
-32566
30985
-27898
23456
-17875
11426
-4421
-2798
9881
-16484
22287
-27007
30415
-32346
32706
-31477
28720
-24567
19222
-12942
6034
1167
-8311
15052
-21062
26048
-29770
32045
-32764
31892
-29470
25617
-20520
14427
-7632
467
6721
-13583
19784
-25025
29050
-31665
32741
-32227
30148
-26604
21768
-15875
9211
-2099
-5114
12079
-18458
23940
-28259
31205
-32636
32482
-30750
27524
-22962
17284
-10767
3727
3495
-10546
17085
-22795
27397
-30668
32450
-32656
31276
-28376
24098
-18650
12296
-5345
-1866
8987
-15670
21593
-26467
30055
-32184
32749
-31724
29158
-25175
19970
-13795
6949
233
-7405
14217
-20338
25471
-29368
31837
-32761
32093
-29866
26189
-21240
15259
-8537
1400
5805
-12727
19032
-24412
28607
-31412
32691
-32382
30501
-27138
22457
-16685
10103
-3030
-4190
11207
-17679
23293
-27775
30908
-32540
32591
-31060
28020
-23618
18070
-11644
4653
2565
-9658
16282
-22115
26874
-30327
32308
-32719
31541
-28831
24721
-19410
13156
-6264
-934
8085
-14844
20882
-25906
29671
-31996
32766
-31944
29572
-25762
20702
-14636
7859
-700
-6492
13370
-19598
24874
-28942
31604
-32731
32268
-30238
26740
-21942
16079
-9435
2332
4884
-11862
18264
-23780
28140
-31133
32615
-32512
30830
-27650
23128
-17482
10987
-3958
-3262
10325
-16886
22626
-27268
30586
-32417
32674
-31345
28492
-24256
18842
-12512
5575
1633
-8762
15465
-21417
26329
-29962
32139
-32756
31781
-29263
25324
-20154
14006
-7177
