0
-22962
32761
-23780
1167
22115
-32719
24567
-2332
-21240
32636
-25324
3495
20338
-32512
26048
-4653
-19410
32346
-26740
5805
18458
-32139
27397
-6949
-17482
31892
-28020
8085
16484
-31604
28607
-9211
-15465
31276
-29158
10325
14427
-30908
29671
-11426
-13370
30501
-30148
12512
12296
-30055
30586
-13583
-11207
29572
-30985
14636
10103
-29050
31345
-15670
-8987
28492
-31665
16685
7859
-27898
31944
-17679
-6721
27268
-32184
18650
5575
-26604
32382
-19598
-4421
25906
-32540
20520
3262
-25175
32656
-21417
-2099
24412
-32731
22287
934
-23618
32764
-23128
233
22795
-32756
23940
-1400
-21942
32706
-24721
2565
21062
-32615
25471
-3727
-20154
32482
-26189
4884
19222
-32308
26874
-6034
-18264
32093
-27524
7177
17284
-31837
28140
-8311
-16282
31541
-28720
9435
15259
-31205
29263
-10546
-14217
30830
-29770
11644
13156
-30415
30238
-12727
-12079
29962
-30668
13795
10987
-29470
31060
-14844
-9881
28942
-31412
15875
8762
-28376
31724
-16886
-7632
27775
-31996
17875
6492
-27138
32227
-18842
-5345
26467
-32417
19784
4190
-25762
32566
-20702
-3030
25025
-32674
21593
1866
-24256
32741
-22457
-700
23456
-32766
23293
-467
-22626
32749
-24098
1633
21768
-32691
24874
-2798
-20882
32591
-25617
3958
19970
-32450
26329
-5114
-19032
32268
-27007
6264
18070
-32045
27650
-7405
-17085
31781
-28259
8537
16079
-31477
28831
-9658
-15052
31133
-29368
10767
14006
-30750
29866
-11862
-12942
30327
-30327
12942
11862
-29866
30750
-14006
-10767
29368
-31133
15052
9658
-28831
31477
-16079
-8537
28259
-31781
17085
7405
-27650
32045
-18070
-6264
27007
-32268
19032
5114
-26329
32450
-19970
-3958
25617
-32591
20882
2798
-24874
32691
-21768
-1633
24098
-32749
22626
467
-23293
32766
-23456
700
22457
-32741
24256
-1866
-21593
32674
-25025
3030
20702
-32566
25762
-4190
-19784
32417
-26467
5345
18842
-32227
27138
-6492
-17875
31996
-27775
7632
16886
-31724
28376
-8762
-15875
31412
-28942
9881
14844
-31060
29470
-10987
-13795
30668
-29962
12079
12727
-30238
30415
-13156
-11644
29770
-30830
14217
10546
-29263
31205
-15259
-9435
28720
-31541
16282
8311
-28140
31837
-17284
-7177
27524
-32093
18264
6034
-26874
32308
-19222
-4884
26189
-32482
20154
3727
-25471
32615
-21062
-2565
24721
-32706
21942
1400
-23940
32756
-22795
-233
23128
-32764
23618
-934
-22287
32731
-24412
2099
21417
-32656
25175
-3262
-20520
32540
-25906
4421
19598
-32382
26604
-5575
-18650
32184
-27268
6721
17679
-31944
27898
-7859
-16685
31665
-28492
8987
15670
-31345
29050
-10103
-14636
30985
-29572
11207
13583
-30586
30055
-12296
-12512
30148
-30501
13370
11426
-29671
30908
-14427
-10325
29158
-31276
15465
9211
-28607
31604
-16484
-8085
28020
-31892
17482
6949
-27397
32139
-18458
-5805
26740
-32346
19410
4653
-26048
32512
-20338
-3495
25324
-32636
21240
2332
-24567
32719
-22115
-1167
23780
-32761
22962
0
-22962
32761
-23780
1167
22115
-32719
24567
-2332
-21240
32636
-25324
3495
20338
-32512
26048
-4653
-19410
32346
-26740
5805
18458
-32139
27397
-6949
-17482
31892
-28020
8085
16484
-31604
28607
-9211
-15465
31276
-29158
10325
14427
-30908
29671
-11426
-13370
30501
-30148
12512
12296
-30055
30586
-13583
-11207
29572
-30985
14636
10103
-29050
31345
-15670
-8987
28492
-31665
16685
7859
-27898
31944
-17679
-6721
27268
-32184
18650
5575
-26604
32382
-19598
-4421
25906
-32540
20520
3262
-25175
32656
-21417
-2099
24412
-32731
22287
934
-23618
32764
-23128
233
22795
-32756
23940
-1400
-21942
32706
-24721
2565
21062
-32615
25471
-3727
-20154
32482
-26189
4884
19222
-32308
26874
-6034
-18264
32093
-27524
7177
17284
-31837
28140
-8311
-16282
31541
-28720
9435
15259
-31205
29263
-10546
-14217
30830
-29770
11644
13156
-30415
30238
-12727
-12079
29962
-30668
13795
10987
-29470
31060
-14844
-9881
28942
-31412
15875
8762
-28376
31724
-16886
-7632
27775
-31996
17875
6492
-27138
32227
-18842
-5345
26467
-32417
19784
4190
-25762
32566
-20702
-3030
25025
-32674
21593
1866
-24256
32741
-22457
-700
23456
-32766
23293
-467
-22626
32749
-24098
1633
21768
-32691
24874
-2798
-20882
32591
-25617
3958
19970
-32450
26329
-5114
-19032
32268
-27007
6264
18070
-32045
27650
-7405
-17085
31781
-28259
8537
16079
-31477
28831
-9658
-15052
31133
-29368
10767
14006
-30750
29866
-11862
-12942
30327
-30327
12942
11862
-29866
30750
-14006
-10767
29368
-31133
15052
9658
-28831
31477
-16079
-8537
28259
-31781
17085
7405
-27650
32045
-18070
-6264
27007
-32268
19032
5114
-26329
32450
-19970
-3958
25617
-32591
20882
2798
-24874
32691
-21768
-1633
24098
-32749
22626
467
-23293
32766
-23456
700
22457
-32741
24256
-1866
-21593
32674
-25025
3030
20702
-32566
25762
-4190
-19784
32417
-26467
5345
18842
-32227
27138
-6492
-17875
31996
-27775
7632
16886
-31724
28376
-8762
-15875
31412
-28942
9881
14844
-31060
29470
-10987
-13795
30668
-29962
12079
12727
-30238
30415
-13156
-11644
29770
-30830
14217
10546
-29263
31205
-15259
-9435
28720
-31541
16282
8311
-28140
31837
-17284
-7177
27524
-32093
18264
6034
-26874
32308
-19222
-4884
26189
-32482
20154
3727
-25471
32615
-21062
-2565
24721
-32706
21942
1400
-23940
32756
-22795
-233
23128
-32764
23618
-934
-22287
32731
-24412
2099
21417
-32656
25175
-3262
-20520
32540
-25906
4421
19598
-32382
26604
-5575
-18650
32184
-27268
6721
17679
-31944
27898
-7859
-16685
31665
-28492
8987
15670
-31345
29050
-10103
-14636
30985
-29572
11207
13583
-30586
30055
-12296
-12512
30148
-30501
13370
11426
-29671
30908
-14427
-10325
29158
-31276
15465
9211
-28607
31604
-16484
-8085
28020
-31892
17482
6949
-27397
32139
-18458
-5805
26740
-32346
19410
4653
-26048
32512
-20338
-3495
25324
-32636
21240
2332
-24567
32719
-22115
-1167
23780
-32761
22962
0
-22962
32761
-23780
1167
22115
-32719
24567
-2332
-21240
32636
-25324
3495
20338
-32512
26048
-4653
-19410
32346
-26740
5805
18458
-32139
27397
-6949
-17482
31892
-28020
8085
16484
-31604
28607
-9211
-15465
31276
-29158
10325
14427
-30908
29671
-11426
-13370
30501
-30148
12512
12296
-30055
30586
-13583
-11207
29572
-30985
14636
10103
-29050
31345
-15670
-8987
28492
-31665
16685
7859
-27898
31944
-17679
-6721
27268
-32184
18650
5575
-26604
32382
-19598
-4421
25906
-32540
20520
3262
-25175
32656
-21417
-2099
24412
-32731
22287
934
-23618
32764
-23128
233
22795
-32756
23940
-1400
-21942
32706
-24721
2565
21062
-32615
25471
-3727
-20154
32482
-26189
4884
19222
-32308
26874
-6034
-18264
32093
-27524
7177
17284
-31837
28140
-8311
-16282
31541
-28720
9435
15259
-31205
29263
-10546
-14217
30830
-29770
11644
13156
-30415
30238
-12727
-12079
29962
-30668
13795
10987
-29470
31060
-14844
-9881
28942
-31412
15875
8762
-28376
31724
-16886
-7632
27775
-31996
17875
6492
-27138
32227
-18842
-5345
26467
-32417
19784
4190
-25762
32566
-20702
-3030
25025
-32674
21593
1866
-24256
32741
-22457
-700
23456
-32766
23293
-467
-22626
32749
-24098
1633
21768
-32691
24874
-2798
-20882
32591
-25617
3958
19970
-32450
26329
-5114
-19032
32268
-27007
6264
18070
-32045
27650
-7405
-17085
31781
-28259
8537
16079
-31477
28831
-9658
-15052
31133
-29368
10767
14006
-30750
29866
-11862
-12942
30327
-30327
12942
11862
-29866
30750
-14006
-10767
29368
-31133
15052
9658
-28831
31477
-16079
-8537
28259
-31781
17085
7405
-27650
32045
-18070
-6264
27007
-32268
19032
5114
-26329
32450
-19970
-3958
25617
-32591
20882
2798
-24874
32691
-21768
-1633
24098
-32749
22626
467
-23293
32766
-23456
700
22457
-32741
24256
-1866
-21593
32674
-25025
3030
20702
-32566
25762
-4190
-19784
32417
-26467
5345
18842
-32227
27138
-6492
-17875
31996
-27775
7632
16886
-31724
28376
-8762
-15875
31412
-28942
9881
14844
-31060
29470
-10987
-13795
30668
-29962
12079
12727
-30238
30415
-13156
-11644
29770
-30830
14217
10546
-29263
31205
-15259
-9435
28720
-31541
16282
8311
-28140
31837
-17284
-7177
27524
-32093
18264
6034
-26874
32308
-19222
-4884
26189
-32482
20154
3727
-25471
32615
-21062
-2565
24721
-32706
21942
1400
-23940
32756
-22795
-233
23128
-32764
23618
-934
-22287
32731
-24412
2099
21417
-32656
25175
-3262
-20520
32540
-25906
4421
19598
-32382
26604
-5575
-18650
32184
-27268
6721
17679
-31944
27898
-7859
-16685
31665
-28492
8987
15670
-31345
29050
-10103
-14636
30985
-29572
11207
13583
-30586
30055
-12296
-12512
30148
-30501
13370
11426
-29671
30908
-14427
-10325
29158
-31276
15465
9211
-28607
31604
-16484
-8085
28020
-31892
17482
6949
-27397
32139
-18458
-5805
26740
-32346
19410
4653
-26048
32512
-20338
-3495
25324
-32636
21240
2332
-24567
32719
-22115
-1167
23780
-32761
22962
0
-22962
32761
-23780
1167
22115
-32719
24567
-2332
-21240
32636
-25324
3495
20338
-32512
26048
-4653
-19410
32346
-26740
5805
18458
-32139
27397
-6949
-17482
31892
-28020
8085
16484
-31604
28607
-9211
-15465
31276
-29158
10325
14427
-30908
29671
-11426
-13370
30501
-30148
12512
12296
-30055
30586
-13583
-11207
29572
-30985
14636
10103
-29050
31345
-15670
-8987
28492
-31665
16685
7859
-27898
31944
-17679
-6721
27268
-32184
18650
5575
-26604
32382
-19598
-4421
25906
-32540
20520
3262
-25175
32656
-21417
-2099
24412
-32731
22287
934
-23618
32764
-23128
233
22795
-32756
23940
-1400
-21942
32706
-24721
2565
21062
-32615
25471
-3727
-20154
32482
-26189
4884
19222
-32308
26874
-6034
-18264
32093
-27524
7177
17284
-31837
28140
-8311
-16282
31541
-28720
9435
15259
-31205
29263
-10546
-14217
30830
-29770
11644
13156
-30415
30238
-12727
-12079
29962
-30668
13795
10987
-29470
31060
-14844
-9881
28942
-31412
15875
8762
-28376
31724
-16886
-7632
27775
-31996
17875
6492
-27138
32227
-18842
-5345
26467
-32417
19784
4190
-25762
32566
-20702
-3030
25025
-32674
21593
1866
-24256
32741
-22457
-700
23456
-32766
23293
-467
-22626
32749
-24098
1633
21768
-32691
24874
-2798
-20882
32591
-25617
3958
19970
-32450
26329
-5114
-19032
32268
-27007
6264
18070
-32045
27650
-7405
-17085
31781
-28259
8537
16079
-31477
28831
-9658
-15052
31133
-29368
10767
14006
-30750
29866
-11862
-12942
30327
-30327
12942
11862
-29866
30750
-14006
-10767
29368
-31133
15052
9658
-28831
31477
-16079
-8537
28259
-31781
17085
7405
-27650
32045
-18070
-6264
27007
-32268
19032
5114
-26329
32450
-19970
-3958
25617
-32591
20882
2798
-24874
32691
-21768
-1633
24098
-32749
22626
467
-23293
32766
-23456
700
22457
-32741
24256
-1866
-21593
32674
-25025
3030
20702
-32566
25762
-4190
-19784
32417
-26467
5345
18842
-32227
27138
-6492
-17875
31996
-27775
7632
16886
-31724
28376
-8762
-15875
31412
-28942
9881
14844
-31060
29470
-10987
-13795
30668
-29962
12079
12727
-30238
30415
-13156
-11644
29770
-30830
14217
10546
-29263
31205
-15259
-9435
28720
-31541
16282
8311
-28140
31837
-17284
-7177
27524
-32093
18264
6034
-26874
32308
-19222
-4884
26189
-32482
20154
3727
-25471
32615
-21062
-2565
24721
-32706
21942
1400
-23940
32756
-22795
-233
23128
-32764
23618
-934
-22287
32731
-24412
2099
21417
-32656
25175
-3262
-20520
32540
-25906
4421
19598
-32382
26604
-5575
-18650
32184
-27268
6721
17679
-31944
27898
-7859
-16685
31665
-28492
8987
15670
-31345
29050
-10103
-14636
30985
-29572
11207
13583
-30586
30055
-12296
-12512
30148
-30501
13370
11426
-29671
30908
-14427
-10325
29158
-31276
15465
9211
-28607
31604
-16484
-8085
28020
-31892
17482
6949
-27397
32139
-18458
-5805
26740
-32346
19410
4653
-26048
32512
-20338
-3495
25324
-32636
21240
2332
-24567
32719
-22115
-1167
23780
-32761
22962
0
-22962
32761
-23780
1167
22115
-32719
24567
-2332
-21240
32636
-25324
3495
20338
-32512
26048
-4653
-19410
32346
-26740
5805
18458
-32139
27397
-6949
-17482
31892
-28020
8085
16484
-31604
28607
-9211
-15465
31276
-29158
10325
14427
-30908
29671
-11426
-13370
30501
-30148
12512
12296
-30055
30586
-13583
-11207
29572
-30985
14636
10103
-29050
31345
-15670
-8987
28492
-31665
16685
7859
-27898
31944
-17679
-6721
27268
-32184
18650
5575
-26604
32382
-19598
-4421
25906
-32540
20520
3262
-25175
32656
-21417
-2099
24412
-32731
22287
934
-23618
32764
-23128
233
22795
-32756
23940
-1400
-21942
32706
-24721
2565
21062
-32615
25471
-3727
-20154
32482
-26189
4884
19222
-32308
26874
-6034
-18264
32093
-27524
7177
17284
-31837
28140
-8311
-16282
31541
-28720
9435
15259
-31205
29263
-10546
-14217
30830
-29770
11644
13156
-30415
30238
-12727
-12079
29962
-30668
13795
10987
-29470
31060
-14844
-9881
28942
-31412
15875
8762
-28376
31724
-16886
-7632
27775
-31996
17875
6492
-27138
32227
-18842
-5345
26467
-32417
19784
4190
-25762
32566
-20702
-3030
25025
-32674
21593
1866
-24256
32741
-22457
-700
23456
-32766
23293
-467
-22626
32749
-24098
1633
21768
-32691
24874
-2798
-20882
32591
-25617
3958
19970
-32450
26329
-5114
-19032
32268
-27007
6264
18070
-32045
27650
-7405
-17085
31781
-28259
8537
16079
-31477
28831
-9658
-15052
31133
-29368
10767
14006
-30750
29866
-11862
-12942
30327
-30327
12942
11862
-29866
30750
-14006
-10767
29368
-31133
15052
9658
-28831
31477
-16079
-8537
28259
-31781
17085
7405
-27650
32045
-18070
-6264
27007
-32268
19032
5114
-26329
32450
-19970
-3958
25617
-32591
20882
2798
-24874
32691
-21768
-1633
24098
-32749
22626
467
-23293
32766
-23456
700
22457
-32741
24256
-1866
-21593
32674
-25025
3030
20702
-32566
25762
-4190
-19784
32417
-26467
5345
18842
-32227
27138
-6492
-17875
31996
-27775
7632
16886
-31724
28376
-8762
-15875
31412
-28942
9881
14844
-31060
29470
-10987
-13795
30668
-29962
12079
12727
-30238
30415
-13156
-11644
29770
-30830
14217
10546
-29263
31205
-15259
-9435
28720
-31541
16282
8311
-28140
31837
-17284
-7177
27524
-32093
18264
6034
-26874
32308
-19222
-4884
26189
-32482
20154
3727
-25471
32615
-21062
-2565
24721
-32706
21942
1400
-23940
32756
-22795
-233
23128
-32764
23618
-934
-22287
32731
-24412
2099
21417
-32656
25175
-3262
-20520
32540
-25906
4421
19598
-32382
26604
-5575
-18650
32184
-27268
6721
17679
-31944
27898
-7859
-16685
31665
-28492
8987
15670
-31345
29050
-10103
-14636
30985
-29572
11207
13583
-30586
30055
-12296
-12512
30148
-30501
13370
11426
-29671
30908
-14427
-10325
29158
-31276
15465
9211
-28607
31604
-16484
-8085
28020
-31892
17482
6949
-27397
32139
-18458
-5805
26740
-32346
19410
4653
-26048
32512
-20338
-3495
25324
-32636
21240
2332
-24567
32719
-22115
-1167
23780
-32761
22962
0
-22962
32761
-23780
1167
22115
-32719
24567
-2332
-21240
32636
-25324
3495
20338
-32512
26048
-4653
-19410
32346
-26740
5805
18458
-32139
27397
-6949
-17482
31892
-28020
8085
16484
-31604
28607
-9211
-15465
31276
-29158
10325
14427
-30908
29671
-11426
-13370
30501
-30148
12512
12296
-30055
30586
-13583
-11207
29572
-30985
14636
10103
-29050
31345
-15670
-8987
28492
-31665
16685
7859
-27898
31944
-17679
-6721
27268
-32184
18650
5575
-26604
32382
-19598
-4421
25906
-32540
20520
3262
-25175
32656
-21417
-2099
24412
-32731
22287
934
-23618
32764
-23128
233
22795
-32756
23940
-1400
-21942
32706
-24721
2565
21062
-32615
25471
-3727
-20154
32482
-26189
4884
19222
-32308
26874
-6034
-18264
32093
-27524
7177
17284
-31837
28140
-8311
-16282
31541
-28720
9435
15259
-31205
29263
-10546
-14217
30830
-29770
11644
13156
-30415
30238
-12727
-12079
29962
-30668
13795
10987
-29470
31060
-14844
-9881
28942
-31412
15875
8762
-28376
31724
-16886
-7632
27775
-31996
17875
6492
-27138
32227
-18842
-5345
26467
-32417
19784
4190
-25762
32566
-20702
-3030
25025
-32674
21593
1866
-24256
32741
-22457
-700
23456
-32766
23293
-467
-22626
32749
-24098
1633
21768
-32691
24874
-2798
-20882
32591
-25617
3958
19970
-32450
26329
-5114
-19032
32268
-27007
6264
18070
-32045
27650
-7405
-17085
31781
-28259
8537
16079
-31477
28831
-9658
-15052
31133
-29368
10767
14006
-30750
29866
-11862
-12942
30327
-30327
12942
11862
-29866
30750
-14006
-10767
29368
-31133
15052
9658
-28831
31477
-16079
-8537
28259
-31781
17085
7405
-27650
32045
-18070
-6264
27007
-32268
19032
5114
-26329
32450
-19970
-3958
25617
-32591
20882
2798
-24874
32691
-21768
-1633
24098
-32749
22626
467
-23293
32766
-23456
700
22457
-32741
24256
-1866
-21593
32674
-25025
3030
20702
-32566
25762
-4190
-19784
32417
-26467
5345
18842
-32227
27138
-6492
-17875
31996
-27775
7632
16886
-31724
28376
-8762
-15875
31412
-28942
9881
14844
-31060
29470
-10987
-13795
30668
-29962
12079
12727
-30238
30415
-13156
-11644
29770
-30830
14217
10546
-29263
31205
-15259
-9435
28720
-31541
16282
8311
-28140
31837
-17284
-7177
27524
-32093
18264
6034
-26874
32308
-19222
-4884
26189
-32482
20154
3727
-25471
32615
-21062
-2565
24721
-32706
21942
1400
-23940
32756
-22795
-233
23128
-32764
23618
-934
-22287
32731
-24412
2099
21417
-32656
25175
-3262
-20520
32540
-25906
4421
19598
-32382
26604
-5575
-18650
32184
-27268
6721
17679
-31944
27898
-7859
-16685
31665
-28492
8987
15670
-31345
29050
-10103
-14636
30985
-29572
11207
13583
-30586
30055
-12296
-12512
30148
-30501
13370
11426
-29671
30908
-14427
-10325
29158
-31276
15465
9211
-28607
31604
-16484
-8085
28020
-31892
17482
6949
-27397
32139
-18458
-5805
26740
-32346
19410
4653
-26048
32512
-20338
-3495
25324
-32636
21240
2332
-24567
32719
-22115
-1167
23780
-32761
22962
0
-22962
32761
-23780
1167
22115
-32719
24567
-2332
-21240
32636
-25324
3495
20338
-32512
26048
-4653
-19410
32346
-26740
5805
18458
-32139
27397
-6949
-17482
31892
-28020
8085
16484
-31604
28607
-9211
-15465
31276
-29158
10325
14427
-30908
29671
-11426
-13370
30501
-30148
12512
12296
-30055
30586
-13583
-11207
29572
-30985
14636
10103
-29050
31345
-15670
-8987
28492
-31665
16685
7859
-27898
31944
-17679
-6721
27268
-32184
18650
5575
-26604
32382
-19598
-4421
25906
-32540
20520
3262
-25175
32656
-21417
-2099
24412
-32731
22287
934
-23618
32764
-23128
233
22795
-32756
23940
-1400
-21942
32706
-24721
2565
21062
-32615
25471
-3727
-20154
32482
-26189
4884
19222
-32308
26874
-6034
-18264
32093
-27524
7177
17284
-31837
28140
-8311
-16282
31541
-28720
9435
15259
-31205
29263
-10546
-14217
30830
-29770
11644
13156
-30415
30238
-12727
-12079
29962
-30668
13795
10987
-29470
31060
-14844
-9881
28942
-31412
15875
8762
-28376
31724
-16886
-7632
27775
-31996
17875
6492
-27138
32227
-18842
-5345
26467
-32417
19784
4190
-25762
32566
-20702
-3030
25025
-32674
21593
1866
-24256
32741
-22457
-700
23456
-32766
23293
-467
-22626
32749
-24098
1633
21768
-32691
24874
-2798
-20882
32591
-25617
3958
19970
-32450
26329
-5114
-19032
32268
-27007
6264
18070
-32045
27650
-7405
-17085
31781
-28259
8537
16079
-31477
28831
-9658
-15052
31133
-29368
10767
14006
-30750
29866
-11862
-12942
30327
-30327
12942
11862
-29866
30750
-14006
-10767
29368
-31133
15052
9658
-28831
31477
-16079
-8537
28259
-31781
17085
7405
-27650
32045
-18070
-6264
27007
-32268
19032
5114
-26329
32450
-19970
-3958
25617
-32591
20882
2798
-24874
32691
-21768
-1633
24098
-32749
22626
467
-23293
32766
-23456
700
22457
-32741
24256
-1866
-21593
32674
-25025
3030
20702
-32566
25762
-4190
-19784
32417
-26467
5345
18842
-32227
27138
-6492
-17875
31996
-27775
7632
16886
-31724
28376
-8762
-15875
31412
-28942
9881
14844
-31060
29470
-10987
-13795
30668
-29962
12079
12727
-30238
30415
-13156
-11644
29770
-30830
14217
10546
-29263
31205
-15259
-9435
28720
-31541
16282
8311
-28140
31837
-17284
-7177
27524
-32093
18264
6034
-26874
32308
-19222
-4884
26189
-32482
20154
3727
-25471
32615
-21062
-2565
24721
-32706
21942
1400
-23940
32756
-22795
-233
23128
-32764
23618
-934
-22287
32731
-24412
2099
21417
-32656
25175
-3262
-20520
32540
-25906
4421
19598
-32382
26604
-5575
-18650
32184
-27268
6721
17679
-31944
27898
-7859
-16685
31665
-28492
8987
15670
-31345
29050
-10103
-14636
30985
-29572
11207
13583
-30586
30055
-12296
-12512
30148
-30501
13370
11426
-29671
30908
-14427
-10325
29158
-31276
15465
9211
-28607
31604
-16484
-8085
28020
-31892
17482
6949
-27397
32139
-18458
-5805
26740
-32346
19410
4653
-26048
32512
-20338
-3495
25324
-32636
21240
2332
-24567
32719
-22115
-1167
23780
-32761
22962
0
-22962
32761
-23780
1167
22115
-32719
24567
-2332
-21240
32636
-25324
3495
20338
-32512
26048
-4653
-19410
32346
-26740
5805
18458
-32139
27397
-6949
-17482
31892
-28020
8085
16484
-31604
28607
-9211
-15465
31276
-29158
10325
14427
-30908
29671
-11426
-13370
30501
-30148
12512
12296
-30055
30586
-13583
-11207
29572
-30985
14636
10103
-29050
31345
-15670
-8987
28492
-31665
16685
7859
-27898
31944
-17679
-6721
27268
-32184
18650
5575
-26604
32382
-19598
-4421
25906
-32540
20520
3262
-25175
32656
-21417
-2099
24412
-32731
22287
934
-23618
32764
-23128
233
22795
-32756
23940
-1400
-21942
32706
-24721
2565
21062
-32615
25471
-3727
-20154
32482
-26189
4884
19222
-32308
26874
-6034
-18264
32093
-27524
7177
17284
-31837
28140
-8311
-16282
31541
-28720
9435
15259
-31205
29263
-10546
-14217
30830
-29770
11644
13156
-30415
30238
-12727
-12079
29962
-30668
13795
10987
-29470
31060
-14844
-9881
28942
-31412
15875
8762
-28376
31724
-16886
-7632
27775
-31996
17875
6492
-27138
32227
-18842
-5345
26467
-32417
19784
4190
-25762
32566
-20702
-3030
25025
-32674
21593
1866
-24256
32741
-22457
-700
23456
-32766
23293
-467
-22626
32749
-24098
1633
21768
-32691
24874
-2798
-20882
32591
-25617
3958
19970
-32450
26329
-5114
-19032
32268
-27007
6264
18070
-32045
27650
-7405
-17085
31781
-28259
8537
16079
-31477
28831
-9658
-15052
31133
-29368
10767
14006
-30750
29866
-11862
-12942
30327
-30327
12942
11862
-29866
30750
-14006
-10767
29368
-31133
15052
9658
-28831
31477
-16079
-8537
28259
-31781
17085
7405
-27650
32045
-18070
-6264
27007
-32268
19032
5114
-26329
32450
-19970
-3958
25617
-32591
20882
2798
-24874
32691
-21768
-1633
24098
-32749
22626
467
-23293
32766
-23456
700
22457
-32741
24256
-1866
-21593
32674
-25025
3030
20702
-32566
25762
-4190
-19784
32417
-26467
5345
18842
-32227
27138
-6492
-17875
31996
-27775
7632
16886
-31724
28376
-8762
-15875
31412
-28942
9881
14844
-31060
29470
-10987
-13795
30668
-29962
12079
12727
-30238
30415
-13156
-11644
29770
-30830
14217
10546
-29263
31205
-15259
-9435
28720
-31541
16282
8311
-28140
31837
-17284
-7177
27524
-32093
18264
6034
-26874
32308
-19222
-4884
26189
-32482
20154
3727
-25471
32615
-21062
-2565
24721
-32706
21942
1400
-23940
32756
-22795
-233
23128
-32764
23618
-934
-22287
32731
-24412
2099
21417
-32656
25175
-3262
-20520
32540
-25906
4421
19598
-32382
26604
-5575
-18650
32184
-27268
6721
17679
-31944
27898
-7859
-16685
31665
-28492
8987
15670
-31345
29050
-10103
-14636
30985
-29572
11207
13583
-30586
30055
-12296
-12512
30148
-30501
13370
11426
-29671
30908
-14427
-10325
29158
-31276
15465
9211
-28607
31604
-16484
-8085
28020
-31892
17482
6949
-27397
32139
-18458
-5805
26740
-32346
19410
4653
-26048
32512
-20338
-3495
25324
-32636
21240
2332
-24567
32719
-22115
-1167
23780
-32761
22962
0
-22962
32761
-23780
1167
22115
-32719
24567
-2332
-21240
32636
-25324
3495
20338
-32512
26048
-4653
-19410
32346
-26740
5805
18458
-32139
27397
-6949
-17482
31892
-28020
8085
16484
-31604
28607
-9211
-15465
31276
-29158
10325
14427
-30908
29671
-11426
-13370
30501
-30148
12512
12296
-30055
30586
-13583
-11207
29572
-30985
14636
10103
-29050
31345
-15670
-8987
28492
-31665
16685
7859
-27898
31944
-17679
-6721
27268
-32184
18650
5575
-26604
32382
-19598
-4421
25906
-32540
20520
3262
-25175
32656
-21417
-2099
24412
-32731
22287
934
-23618
32764
-23128
233
22795
-32756
23940
-1400
-21942
32706
-24721
2565
21062
-32615
25471
-3727
-20154
32482
-26189
4884
19222
-32308
26874
-6034
-18264
32093
-27524
7177
17284
-31837
28140
-8311
-16282
31541
-28720
9435
15259
-31205
29263
-10546
-14217
30830
-29770
11644
13156
-30415
30238
-12727
-12079
29962
-30668
13795
10987
-29470
31060
-14844
-9881
28942
-31412
15875
8762
-28376
31724
-16886
-7632
27775
-31996
17875
6492
-27138
32227
-18842
-5345
26467
-32417
19784
4190
-25762
32566
-20702
-3030
25025
-32674
21593
1866
-24256
32741
-22457
-700
23456
-32766
23293
-467
-22626
32749
-24098
1633
21768
-32691
24874
-2798
-20882
32591
-25617
3958
19970
-32450
26329
-5114
-19032
32268
-27007
6264
18070
-32045
27650
-7405
-17085
31781
-28259
8537
16079
-31477
28831
-9658
-15052
31133
-29368
10767
14006
-30750
29866
-11862
-12942
30327
-30327
12942
11862
-29866
30750
-14006
-10767
29368
-31133
15052
9658
-28831
31477
-16079
-8537
28259
-31781
17085
7405
-27650
32045
-18070
-6264
27007
-32268
19032
5114
-26329
32450
-19970
-3958
25617
-32591
20882
2798
-24874
32691
-21768
-1633
24098
-32749
22626
467
-23293
32766
-23456
700
22457
-32741
24256
-1866
-21593
32674
-25025
3030
20702
-32566
25762
-4190
-19784
32417
-26467
5345
18842
-32227
27138
-6492
-17875
31996
-27775
7632
16886
-31724
28376
-8762
-15875
31412
-28942
9881
14844
-31060
29470
-10987
-13795
30668
-29962
12079
12727
-30238
30415
-13156
-11644
29770
-30830
14217
10546
-29263
31205
-15259
-9435
28720
-31541
16282
8311
-28140
31837
-17284
-7177
27524
-32093
18264
6034
-26874
32308
-19222
-4884
26189
-32482
20154
3727
-25471
32615
-21062
-2565
24721
-32706
21942
1400
-23940
32756
-22795
-233
23128
-32764
23618
-934
-22287
32731
-24412
2099
21417
-32656
25175
-3262
-20520
32540
-25906
4421
19598
-32382
26604
-5575
-18650
32184
-27268
6721
17679
-31944
27898
-7859
-16685
31665
-28492
8987
15670
-31345
29050
-10103
-14636
30985
-29572
11207
13583
-30586
30055
-12296
-12512
30148
-30501
13370
11426
-29671
30908
-14427
-10325
29158
-31276
15465
9211
-28607
31604
-16484
-8085
28020
-31892
17482
6949
-27397
32139
-18458
-5805
26740
-32346
19410
4653
-26048
32512
-20338
-3495
25324
-32636
21240
2332
-24567
32719
-22115
-1167
23780
-32761
22962
0
-22962
32761
-23780
1167
22115
-32719
24567
-2332
-21240
32636
-25324
3495
20338
-32512
26048
-4653
-19410
32346
-26740
5805
18458
-32139
27397
-6949
-17482
31892
-28020
8085
16484
-31604
28607
-9211
-15465
31276
-29158
10325
14427
-30908
29671
-11426
-13370
30501
-30148
12512
12296
-30055
30586
-13583
-11207
29572
-30985
14636
10103
-29050
31345
-15670
-8987
28492
-31665
16685
7859
-27898
31944
-17679
-6721
27268
-32184
18650
5575
-26604
32382
-19598
-4421
25906
-32540
20520
3262
-25175
32656
-21417
-2099
24412
-32731
22287
934
-23618
32764
-23128
233
22795
-32756
23940
-1400
-21942
32706
-24721
2565
21062
-32615
25471
-3727
-20154
32482
-26189
4884
19222
-32308
26874
-6034
-18264
32093
-27524
7177
17284
-31837
28140
-8311
-16282
31541
-28720
9435
15259
-31205
29263
-10546
-14217
30830
-29770
11644
13156
-30415
30238
-12727
-12079
29962
-30668
13795
10987
-29470
31060
-14844
-9881
28942
-31412
15875
8762
-28376
31724
-16886
-7632
27775
-31996
17875
6492
-27138
32227
-18842
-5345
26467
-32417
19784
4190
-25762
32566
-20702
-3030
25025
-32674
21593
1866
-24256
32741
-22457
-700
23456
-32766
23293
-467
-22626
32749
-24098
1633
21768
-32691
24874
-2798
-20882
32591
-25617
3958
19970
-32450
26329
-5114
-19032
32268
-27007
6264
18070
-32045
27650
-7405
-17085
31781
-28259
8537
16079
-31477
28831
-9658
-15052
31133
-29368
10767
14006
-30750
29866
-11862
-12942
30327
-30327
12942
11862
-29866
30750
-14006
-10767
29368
-31133
15052
9658
-28831
31477
-16079
-8537
28259
-31781
17085
7405
-27650
32045
-18070
-6264
27007
-32268
19032
5114
-26329
32450
-19970
-3958
25617
-32591
20882
2798
-24874
32691
-21768
-1633
24098
-32749
22626
467
-23293
32766
-23456
700
22457
-32741
24256
-1866
-21593
32674
-25025
3030
20702
-32566
25762
-4190
-19784
32417
-26467
5345
18842
-32227
27138
-6492
-17875
31996
-27775
7632
16886
-31724
28376
-8762
-15875
31412
-28942
9881
14844
-31060
29470
-10987
-13795
30668
-29962
12079
12727
-30238
30415
-13156
-11644
29770
-30830
14217
10546
-29263
31205
-15259
-9435
28720
-31541
16282
8311
-28140
31837
-17284
-7177
27524
-32093
18264
6034
-26874
32308
-19222
-4884
26189
-32482
20154
3727
-25471
32615
-21062
-2565
24721
-32706
21942
1400
-23940
32756
-22795
-233
23128
-32764
23618
-934
-22287
32731
-24412
2099
21417
-32656
25175
-3262
-20520
32540
-25906
4421
19598
-32382
26604
-5575
-18650
32184
-27268
6721
17679
-31944
27898
-7859
-16685
31665
-28492
8987
15670
-31345
29050
-10103
-14636
30985
-29572
11207
13583
-30586
30055
-12296
-12512
30148
-30501
13370
11426
-29671
30908
-14427
-10325
29158
-31276
15465
9211
-28607
31604
-16484
-8085
28020
-31892
17482
6949
-27397
32139
-18458
-5805
26740
-32346
19410
4653
-26048
32512
-20338
-3495
25324
-32636
21240
2332
-24567
32719
-22115
-1167
23780
-32761
22962
