0
-19410
31276
-30985
18650
934
-20154
31541
-30668
17875
1866
-20882
31781
-30327
17085
2798
-21593
31996
-29962
16282
3727
-22287
32184
-29572
15465
4653
-22962
32346
-29158
14636
5575
-23618
32482
-28720
13795
6492
-24256
32591
-28259
12942
7405
-24874
32674
-27775
12079
8311
-25471
32731
-27268
11207
9211
-26048
32761
-26740
10325
10103
-26604
32764
-26189
9435
10987
-27138
32741
-25617
8537
11862
-27650
32691
-25025
7632
12727
-28140
32615
-24412
6721
13583
-28607
32512
-23780
5805
14427
-29050
32382
-23128
4884
15259
-29470
32227
-22457
3958
16079
-29866
32045
-21768
3030
16886
-30238
31837
-21062
2099
17679
-30586
31604
-20338
1167
18458
-30908
31345
-19598
233
19222
-31205
31060
-18842
-700
19970
-31477
30750
-18070
-1633
20702
-31724
30415
-17284
-2565
21417
-31944
30055
-16484
-3495
22115
-32139
29671
-15670
-4421
22795
-32308
29263
-14844
-5345
23456
-32450
28831
-14006
-6264
24098
-32566
28376
-13156
-7177
24721
-32656
27898
-12296
-8085
25324
-32719
27397
-11426
-8987
25906
-32756
26874
-10546
-9881
26467
-32766
26329
-9658
-10767
27007
-32749
25762
-8762
-11644
27524
-32706
25175
-7859
-12512
28020
-32636
24567
-6949
-13370
28492
-32540
23940
-6034
-14217
28942
-32417
23293
-5114
-15052
29368
-32268
22626
-4190
-15875
29770
-32093
21942
-3262
-16685
30148
-31892
21240
-2332
-17482
30501
-31665
20520
-1400
-18264
30830
-31412
19784
-467
-19032
31133
-31133
19032
467
-19784
31412
-30830
18264
1400
-20520
31665
-30501
17482
2332
-21240
31892
-30148
16685
3262
-21942
32093
-29770
15875
4190
-22626
32268
-29368
15052
5114
-23293
32417
-28942
14217
6034
-23940
32540
-28492
13370
6949
-24567
32636
-28020
12512
7859
-25175
32706
-27524
11644
8762
-25762
32749
-27007
10767
9658
-26329
32766
-26467
9881
10546
-26874
32756
-25906
8987
11426
-27397
32719
-25324
8085
12296
-27898
32656
-24721
7177
13156
-28376
32566
-24098
6264
14006
-28831
32450
-23456
5345
14844
-29263
32308
-22795
4421
15670
-29671
32139
-22115
3495
16484
-30055
31944
-21417
2565
17284
-30415
31724
-20702
1633
18070
-30750
31477
-19970
700
18842
-31060
31205
-19222
-233
19598
-31345
30908
-18458
-1167
20338
-31604
30586
-17679
-2099
21062
-31837
30238
-16886
-3030
21768
-32045
29866
-16079
-3958
22457
-32227
29470
-15259
-4884
23128
-32382
29050
-14427
-5805
23780
-32512
28607
-13583
-6721
24412
-32615
28140
-12727
-7632
25025
-32691
27650
-11862
-8537
25617
-32741
27138
-10987
-9435
26189
-32764
26604
-10103
-10325
26740
-32761
26048
-9211
-11207
27268
-32731
25471
-8311
-12079
27775
-32674
24874
-7405
-12942
28259
-32591
24256
-6492
-13795
28720
-32482
23618
-5575
-14636
29158
-32346
22962
-4653
-15465
29572
-32184
22287
-3727
-16282
29962
-31996
21593
-2798
-17085
30327
-31781
20882
-1866
-17875
30668
-31541
20154
-934
-18650
30985
-31276
19410
0
-19410
31276
-30985
18650
934
-20154
31541
-30668
17875
1866
-20882
31781
-30327
17085
2798
-21593
31996
-29962
16282
3727
-22287
32184
-29572
15465
4653
-22962
32346
-29158
14636
5575
-23618
32482
-28720
13795
6492
-24256
32591
-28259
12942
7405
-24874
32674
-27775
12079
8311
-25471
32731
-27268
11207
9211
-26048
32761
-26740
10325
10103
-26604
32764
-26189
9435
10987
-27138
32741
-25617
8537
11862
-27650
32691
-25025
7632
12727
-28140
32615
-24412
6721
13583
-28607
32512
-23780
5805
14427
-29050
32382
-23128
4884
15259
-29470
32227
-22457
3958
16079
-29866
32045
-21768
3030
16886
-30238
31837
-21062
2099
17679
-30586
31604
-20338
1167
18458
-30908
31345
-19598
233
19222
-31205
31060
-18842
-700
19970
-31477
30750
-18070
-1633
20702
-31724
30415
-17284
-2565
21417
-31944
30055
-16484
-3495
22115
-32139
29671
-15670
-4421
22795
-32308
29263
-14844
-5345
23456
-32450
28831
-14006
-6264
24098
-32566
28376
-13156
-7177
24721
-32656
27898
-12296
-8085
25324
-32719
27397
-11426
-8987
25906
-32756
26874
-10546
-9881
26467
-32766
26329
-9658
-10767
27007
-32749
25762
-8762
-11644
27524
-32706
25175
-7859
-12512
28020
-32636
24567
-6949
-13370
28492
-32540
23940
-6034
-14217
28942
-32417
23293
-5114
-15052
29368
-32268
22626
-4190
-15875
29770
-32093
21942
-3262
-16685
30148
-31892
21240
-2332
-17482
30501
-31665
20520
-1400
-18264
30830
-31412
19784
-467
-19032
31133
-31133
19032
467
-19784
31412
-30830
18264
1400
-20520
31665
-30501
17482
2332
-21240
31892
-30148
16685
3262
-21942
32093
-29770
15875
4190
-22626
32268
-29368
15052
5114
-23293
32417
-28942
14217
6034
-23940
32540
-28492
13370
6949
-24567
32636
-28020
12512
7859
-25175
32706
-27524
11644
8762
-25762
32749
-27007
10767
9658
-26329
32766
-26467
9881
10546
-26874
32756
-25906
8987
11426
-27397
32719
-25324
8085
12296
-27898
32656
-24721
7177
13156
-28376
32566
-24098
6264
14006
-28831
32450
-23456
5345
14844
-29263
32308
-22795
4421
15670
-29671
32139
-22115
3495
16484
-30055
31944
-21417
2565
17284
-30415
31724
-20702
1633
18070
-30750
31477
-19970
700
18842
-31060
31205
-19222
-233
19598
-31345
30908
-18458
-1167
20338
-31604
30586
-17679
-2099
21062
-31837
30238
-16886
-3030
21768
-32045
29866
-16079
-3958
22457
-32227
29470
-15259
-4884
23128
-32382
29050
-14427
-5805
23780
-32512
28607
-13583
-6721
24412
-32615
28140
-12727
-7632
25025
-32691
27650
-11862
-8537
25617
-32741
27138
-10987
-9435
26189
-32764
26604
-10103
-10325
26740
-32761
26048
-9211
-11207
27268
-32731
25471
-8311
-12079
27775
-32674
24874
-7405
-12942
28259
-32591
24256
-6492
-13795
28720
-32482
23618
-5575
-14636
29158
-32346
22962
-4653
-15465
29572
-32184
22287
-3727
-16282
29962
-31996
21593
-2798
-17085
30327
-31781
20882
-1866
-17875
30668
-31541
20154
-934
-18650
30985
-31276
19410
0
-19410
31276
-30985
18650
934
-20154
31541
-30668
17875
1866
-20882
31781
-30327
17085
2798
-21593
31996
-29962
16282
3727
-22287
32184
-29572
15465
4653
-22962
32346
-29158
14636
5575
-23618
32482
-28720
13795
6492
-24256
32591
-28259
12942
7405
-24874
32674
-27775
12079
8311
-25471
32731
-27268
11207
9211
-26048
32761
-26740
10325
10103
-26604
32764
-26189
9435
10987
-27138
32741
-25617
8537
11862
-27650
32691
-25025
7632
12727
-28140
32615
-24412
6721
13583
-28607
32512
-23780
5805
14427
-29050
32382
-23128
4884
15259
-29470
32227
-22457
3958
16079
-29866
32045
-21768
3030
16886
-30238
31837
-21062
2099
17679
-30586
31604
-20338
1167
18458
-30908
31345
-19598
233
19222
-31205
31060
-18842
-700
19970
-31477
30750
-18070
-1633
20702
-31724
30415
-17284
-2565
21417
-31944
30055
-16484
-3495
22115
-32139
29671
-15670
-4421
22795
-32308
29263
-14844
-5345
23456
-32450
28831
-14006
-6264
24098
-32566
28376
-13156
-7177
24721
-32656
27898
-12296
-8085
25324
-32719
27397
-11426
-8987
25906
-32756
26874
-10546
-9881
26467
-32766
26329
-9658
-10767
27007
-32749
25762
-8762
-11644
27524
-32706
25175
-7859
-12512
28020
-32636
24567
-6949
-13370
28492
-32540
23940
-6034
-14217
28942
-32417
23293
-5114
-15052
29368
-32268
22626
-4190
-15875
29770
-32093
21942
-3262
-16685
30148
-31892
21240
-2332
-17482
30501
-31665
20520
-1400
-18264
30830
-31412
19784
-467
-19032
31133
-31133
19032
467
-19784
31412
-30830
18264
1400
-20520
31665
-30501
17482
2332
-21240
31892
-30148
16685
3262
-21942
32093
-29770
15875
4190
-22626
32268
-29368
15052
5114
-23293
32417
-28942
14217
6034
-23940
32540
-28492
13370
6949
-24567
32636
-28020
12512
7859
-25175
32706
-27524
11644
8762
-25762
32749
-27007
10767
9658
-26329
32766
-26467
9881
10546
-26874
32756
-25906
8987
11426
-27397
32719
-25324
8085
12296
-27898
32656
-24721
7177
13156
-28376
32566
-24098
6264
14006
-28831
32450
-23456
5345
14844
-29263
32308
-22795
4421
15670
-29671
32139
-22115
3495
16484
-30055
31944
-21417
2565
17284
-30415
31724
-20702
1633
18070
-30750
31477
-19970
700
18842
-31060
31205
-19222
-233
19598
-31345
30908
-18458
-1167
20338
-31604
30586
-17679
-2099
21062
-31837
30238
-16886
-3030
21768
-32045
29866
-16079
-3958
22457
-32227
29470
-15259
-4884
23128
-32382
29050
-14427
-5805
23780
-32512
28607
-13583
-6721
24412
-32615
28140
-12727
-7632
25025
-32691
27650
-11862
-8537
25617
-32741
27138
-10987
-9435
26189
-32764
26604
-10103
-10325
26740
-32761
26048
-9211
-11207
27268
-32731
25471
-8311
-12079
27775
-32674
24874
-7405
-12942
28259
-32591
24256
-6492
-13795
28720
-32482
23618
-5575
-14636
29158
-32346
22962
-4653
-15465
29572
-32184
22287
-3727
-16282
29962
-31996
21593
-2798
-17085
30327
-31781
20882
-1866
-17875
30668
-31541
20154
-934
-18650
30985
-31276
19410
0
-19410
31276
-30985
18650
934
-20154
31541
-30668
17875
1866
-20882
31781
-30327
17085
2798
-21593
31996
-29962
16282
3727
-22287
32184
-29572
15465
4653
-22962
32346
-29158
14636
5575
-23618
32482
-28720
13795
6492
-24256
32591
-28259
12942
7405
-24874
32674
-27775
12079
8311
-25471
32731
-27268
11207
9211
-26048
32761
-26740
10325
10103
-26604
32764
-26189
9435
10987
-27138
32741
-25617
8537
11862
-27650
32691
-25025
7632
12727
-28140
32615
-24412
6721
13583
-28607
32512
-23780
5805
14427
-29050
32382
-23128
4884
15259
-29470
32227
-22457
3958
16079
-29866
32045
-21768
3030
16886
-30238
31837
-21062
2099
17679
-30586
31604
-20338
1167
18458
-30908
31345
-19598
233
19222
-31205
31060
-18842
-700
19970
-31477
30750
-18070
-1633
20702
-31724
30415
-17284
-2565
21417
-31944
30055
-16484
-3495
22115
-32139
29671
-15670
-4421
22795
-32308
29263
-14844
-5345
23456
-32450
28831
-14006
-6264
24098
-32566
28376
-13156
-7177
24721
-32656
27898
-12296
-8085
25324
-32719
27397
-11426
-8987
25906
-32756
26874
-10546
-9881
26467
-32766
26329
-9658
-10767
27007
-32749
25762
-8762
-11644
27524
-32706
25175
-7859
-12512
28020
-32636
24567
-6949
-13370
28492
-32540
23940
-6034
-14217
28942
-32417
23293
-5114
-15052
29368
-32268
22626
-4190
-15875
29770
-32093
21942
-3262
-16685
30148
-31892
21240
-2332
-17482
30501
-31665
20520
-1400
-18264
30830
-31412
19784
-467
-19032
31133
-31133
19032
467
-19784
31412
-30830
18264
1400
-20520
31665
-30501
17482
2332
-21240
31892
-30148
16685
3262
-21942
32093
-29770
15875
4190
-22626
32268
-29368
15052
5114
-23293
32417
-28942
14217
6034
-23940
32540
-28492
13370
6949
-24567
32636
-28020
12512
7859
-25175
32706
-27524
11644
8762
-25762
32749
-27007
10767
9658
-26329
32766
-26467
9881
10546
-26874
32756
-25906
8987
11426
-27397
32719
-25324
8085
12296
-27898
32656
-24721
7177
13156
-28376
32566
-24098
6264
14006
-28831
32450
-23456
5345
14844
-29263
32308
-22795
4421
15670
-29671
32139
-22115
3495
16484
-30055
31944
-21417
2565
17284
-30415
31724
-20702
1633
18070
-30750
31477
-19970
700
18842
-31060
31205
-19222
-233
19598
-31345
30908
-18458
-1167
20338
-31604
30586
-17679
-2099
21062
-31837
30238
-16886
-3030
21768
-32045
29866
-16079
-3958
22457
-32227
29470
-15259
-4884
23128
-32382
29050
-14427
-5805
23780
-32512
28607
-13583
-6721
24412
-32615
28140
-12727
-7632
25025
-32691
27650
-11862
-8537
25617
-32741
27138
-10987
-9435
26189
-32764
26604
-10103
-10325
26740
-32761
26048
-9211
-11207
27268
-32731
25471
-8311
-12079
27775
-32674
24874
-7405
-12942
28259
-32591
24256
-6492
-13795
28720
-32482
23618
-5575
-14636
29158
-32346
22962
-4653
-15465
29572
-32184
22287
-3727
-16282
29962
-31996
21593
-2798
-17085
30327
-31781
20882
-1866
-17875
30668
-31541
20154
-934
-18650
30985
-31276
19410
0
-19410
31276
-30985
18650
934
-20154
31541
-30668
17875
1866
-20882
31781
-30327
17085
2798
-21593
31996
-29962
16282
3727
-22287
32184
-29572
15465
4653
-22962
32346
-29158
14636
5575
-23618
32482
-28720
13795
6492
-24256
32591
-28259
12942
7405
-24874
32674
-27775
12079
8311
-25471
32731
-27268
11207
9211
-26048
32761
-26740
10325
10103
-26604
32764
-26189
9435
10987
-27138
32741
-25617
8537
11862
-27650
32691
-25025
7632
12727
-28140
32615
-24412
6721
13583
-28607
32512
-23780
5805
14427
-29050
32382
-23128
4884
15259
-29470
32227
-22457
3958
16079
-29866
32045
-21768
3030
16886
-30238
31837
-21062
2099
17679
-30586
31604
-20338
1167
18458
-30908
31345
-19598
233
19222
-31205
31060
-18842
-700
19970
-31477
30750
-18070
-1633
20702
-31724
30415
-17284
-2565
21417
-31944
30055
-16484
-3495
22115
-32139
29671
-15670
-4421
22795
-32308
29263
-14844
-5345
23456
-32450
28831
-14006
-6264
24098
-32566
28376
-13156
-7177
24721
-32656
27898
-12296
-8085
25324
-32719
27397
-11426
-8987
25906
-32756
26874
-10546
-9881
26467
-32766
26329
-9658
-10767
27007
-32749
25762
-8762
-11644
27524
-32706
25175
-7859
-12512
28020
-32636
24567
-6949
-13370
28492
-32540
23940
-6034
-14217
28942
-32417
23293
-5114
-15052
29368
-32268
22626
-4190
-15875
29770
-32093
21942
-3262
-16685
30148
-31892
21240
-2332
-17482
30501
-31665
20520
-1400
-18264
30830
-31412
19784
-467
-19032
31133
-31133
19032
467
-19784
31412
-30830
18264
1400
-20520
31665
-30501
17482
2332
-21240
31892
-30148
16685
3262
-21942
32093
-29770
15875
4190
-22626
32268
-29368
15052
5114
-23293
32417
-28942
14217
6034
-23940
32540
-28492
13370
6949
-24567
32636
-28020
12512
7859
-25175
32706
-27524
11644
8762
-25762
32749
-27007
10767
9658
-26329
32766
-26467
9881
10546
-26874
32756
-25906
8987
11426
-27397
32719
-25324
8085
12296
-27898
32656
-24721
7177
13156
-28376
32566
-24098
6264
14006
-28831
32450
-23456
5345
14844
-29263
32308
-22795
4421
15670
-29671
32139
-22115
3495
16484
-30055
31944
-21417
2565
17284
-30415
31724
-20702
1633
18070
-30750
31477
-19970
700
18842
-31060
31205
-19222
-233
19598
-31345
30908
-18458
-1167
20338
-31604
30586
-17679
-2099
21062
-31837
30238
-16886
-3030
21768
-32045
29866
-16079
-3958
22457
-32227
29470
-15259
-4884
23128
-32382
29050
-14427
-5805
23780
-32512
28607
-13583
-6721
24412
-32615
28140
-12727
-7632
25025
-32691
27650
-11862
-8537
25617
-32741
27138
-10987
-9435
26189
-32764
26604
-10103
-10325
26740
-32761
26048
-9211
-11207
27268
-32731
25471
-8311
-12079
27775
-32674
24874
-7405
-12942
28259
-32591
24256
-6492
-13795
28720
-32482
23618
-5575
-14636
29158
-32346
22962
-4653
-15465
29572
-32184
22287
-3727
-16282
29962
-31996
21593
-2798
-17085
30327
-31781
20882
-1866
-17875
30668
-31541
20154
-934
-18650
30985
-31276
19410
0
-19410
31276
-30985
18650
934
-20154
31541
-30668
17875
1866
-20882
31781
-30327
17085
2798
-21593
31996
-29962
16282
3727
-22287
32184
-29572
15465
4653
-22962
32346
-29158
14636
5575
-23618
32482
-28720
13795
6492
-24256
32591
-28259
12942
7405
-24874
32674
-27775
12079
8311
-25471
32731
-27268
11207
9211
-26048
32761
-26740
10325
10103
-26604
32764
-26189
9435
10987
-27138
32741
-25617
8537
11862
-27650
32691
-25025
7632
12727
-28140
32615
-24412
6721
13583
-28607
32512
-23780
5805
14427
-29050
32382
-23128
4884
15259
-29470
32227
-22457
3958
16079
-29866
32045
-21768
3030
16886
-30238
31837
-21062
2099
17679
-30586
31604
-20338
1167
18458
-30908
31345
-19598
233
19222
-31205
31060
-18842
-700
19970
-31477
30750
-18070
-1633
20702
-31724
30415
-17284
-2565
21417
-31944
30055
-16484
-3495
22115
-32139
29671
-15670
-4421
22795
-32308
29263
-14844
-5345
23456
-32450
28831
-14006
-6264
24098
-32566
28376
-13156
-7177
24721
-32656
27898
-12296
-8085
25324
-32719
27397
-11426
-8987
25906
-32756
26874
-10546
-9881
26467
-32766
26329
-9658
-10767
27007
-32749
25762
-8762
-11644
27524
-32706
25175
-7859
-12512
28020
-32636
24567
-6949
-13370
28492
-32540
23940
-6034
-14217
28942
-32417
23293
-5114
-15052
29368
-32268
22626
-4190
-15875
29770
-32093
21942
-3262
-16685
30148
-31892
21240
-2332
-17482
30501
-31665
20520
-1400
-18264
30830
-31412
19784
-467
-19032
31133
-31133
19032
467
-19784
31412
-30830
18264
1400
-20520
31665
-30501
17482
2332
-21240
31892
-30148
16685
3262
-21942
32093
-29770
15875
4190
-22626
32268
-29368
15052
5114
-23293
32417
-28942
14217
6034
-23940
32540
-28492
13370
6949
-24567
32636
-28020
12512
7859
-25175
32706
-27524
11644
8762
-25762
32749
-27007
10767
9658
-26329
32766
-26467
9881
10546
-26874
32756
-25906
8987
11426
-27397
32719
-25324
8085
12296
-27898
32656
-24721
7177
13156
-28376
32566
-24098
6264
14006
-28831
32450
-23456
5345
14844
-29263
32308
-22795
4421
15670
-29671
32139
-22115
3495
16484
-30055
31944
-21417
2565
17284
-30415
31724
-20702
1633
18070
-30750
31477
-19970
700
18842
-31060
31205
-19222
-233
19598
-31345
30908
-18458
-1167
20338
-31604
30586
-17679
-2099
21062
-31837
30238
-16886
-3030
21768
-32045
29866
-16079
-3958
22457
-32227
29470
-15259
-4884
23128
-32382
29050
-14427
-5805
23780
-32512
28607
-13583
-6721
24412
-32615
28140
-12727
-7632
25025
-32691
27650
-11862
-8537
25617
-32741
27138
-10987
-9435
26189
-32764
26604
-10103
-10325
26740
-32761
26048
-9211
-11207
27268
-32731
25471
-8311
-12079
27775
-32674
24874
-7405
-12942
28259
-32591
24256
-6492
-13795
28720
-32482
23618
-5575
-14636
29158
-32346
22962
-4653
-15465
29572
-32184
22287
-3727
-16282
29962
-31996
21593
-2798
-17085
30327
-31781
20882
-1866
-17875
30668
-31541
20154
-934
-18650
30985
-31276
19410
0
-19410
31276
-30985
18650
934
-20154
31541
-30668
17875
1866
-20882
31781
-30327
17085
2798
-21593
31996
-29962
16282
3727
-22287
32184
-29572
15465
4653
-22962
32346
-29158
14636
5575
-23618
32482
-28720
13795
6492
-24256
32591
-28259
12942
7405
-24874
32674
-27775
12079
8311
-25471
32731
-27268
11207
9211
-26048
32761
-26740
10325
10103
-26604
32764
-26189
9435
10987
-27138
32741
-25617
8537
11862
-27650
32691
-25025
7632
12727
-28140
32615
-24412
6721
13583
-28607
32512
-23780
5805
14427
-29050
32382
-23128
4884
15259
-29470
32227
-22457
3958
16079
-29866
32045
-21768
3030
16886
-30238
31837
-21062
2099
17679
-30586
31604
-20338
1167
18458
-30908
31345
-19598
233
19222
-31205
31060
-18842
-700
19970
-31477
30750
-18070
-1633
20702
-31724
30415
-17284
-2565
21417
-31944
30055
-16484
-3495
22115
-32139
29671
-15670
-4421
22795
-32308
29263
-14844
-5345
23456
-32450
28831
-14006
-6264
24098
-32566
28376
-13156
-7177
24721
-32656
27898
-12296
-8085
25324
-32719
27397
-11426
-8987
25906
-32756
26874
-10546
-9881
26467
-32766
26329
-9658
-10767
27007
-32749
25762
-8762
-11644
27524
-32706
25175
-7859
-12512
28020
-32636
24567
-6949
-13370
28492
-32540
23940
-6034
-14217
28942
-32417
23293
-5114
-15052
29368
-32268
22626
-4190
-15875
29770
-32093
21942
-3262
-16685
30148
-31892
21240
-2332
-17482
30501
-31665
20520
-1400
-18264
30830
-31412
19784
-467
-19032
31133
-31133
19032
467
-19784
31412
-30830
18264
1400
-20520
31665
-30501
17482
2332
-21240
31892
-30148
16685
3262
-21942
32093
-29770
15875
4190
-22626
32268
-29368
15052
5114
-23293
32417
-28942
14217
6034
-23940
32540
-28492
13370
6949
-24567
32636
-28020
12512
7859
-25175
32706
-27524
11644
8762
-25762
32749
-27007
10767
9658
-26329
32766
-26467
9881
10546
-26874
32756
-25906
8987
11426
-27397
32719
-25324
8085
12296
-27898
32656
-24721
7177
13156
-28376
32566
-24098
6264
14006
-28831
32450
-23456
5345
14844
-29263
32308
-22795
4421
15670
-29671
32139
-22115
3495
16484
-30055
31944
-21417
2565
17284
-30415
31724
-20702
1633
18070
-30750
31477
-19970
700
18842
-31060
31205
-19222
-233
19598
-31345
30908
-18458
-1167
20338
-31604
30586
-17679
-2099
21062
-31837
30238
-16886
-3030
21768
-32045
29866
-16079
-3958
22457
-32227
29470
-15259
-4884
23128
-32382
29050
-14427
-5805
23780
-32512
28607
-13583
-6721
24412
-32615
28140
-12727
-7632
25025
-32691
27650
-11862
-8537
25617
-32741
27138
-10987
-9435
26189
-32764
26604
-10103
-10325
26740
-32761
26048
-9211
-11207
27268
-32731
25471
-8311
-12079
27775
-32674
24874
-7405
-12942
28259
-32591
24256
-6492
-13795
28720
-32482
23618
-5575
-14636
29158
-32346
22962
-4653
-15465
29572
-32184
22287
-3727
-16282
29962
-31996
21593
-2798
-17085
30327
-31781
20882
-1866
-17875
30668
-31541
20154
-934
-18650
30985
-31276
19410
0
-19410
31276
-30985
18650
934
-20154
31541
-30668
17875
1866
-20882
31781
-30327
17085
2798
-21593
31996
-29962
16282
3727
-22287
32184
-29572
15465
4653
-22962
32346
-29158
14636
5575
-23618
32482
-28720
13795
6492
-24256
32591
-28259
12942
7405
-24874
32674
-27775
12079
8311
-25471
32731
-27268
11207
9211
-26048
32761
-26740
10325
10103
-26604
32764
-26189
9435
10987
-27138
32741
-25617
8537
11862
-27650
32691
-25025
7632
12727
-28140
32615
-24412
6721
13583
-28607
32512
-23780
5805
14427
-29050
32382
-23128
4884
15259
-29470
32227
-22457
3958
16079
-29866
32045
-21768
3030
16886
-30238
31837
-21062
2099
17679
-30586
31604
-20338
1167
18458
-30908
31345
-19598
233
19222
-31205
31060
-18842
-700
19970
-31477
30750
-18070
-1633
20702
-31724
30415
-17284
-2565
21417
-31944
30055
-16484
-3495
22115
-32139
29671
-15670
-4421
22795
-32308
29263
-14844
-5345
23456
-32450
28831
-14006
-6264
24098
-32566
28376
-13156
-7177
24721
-32656
27898
-12296
-8085
25324
-32719
27397
-11426
-8987
25906
-32756
26874
-10546
-9881
26467
-32766
26329
-9658
-10767
27007
-32749
25762
-8762
-11644
27524
-32706
25175
-7859
-12512
28020
-32636
24567
-6949
-13370
28492
-32540
23940
-6034
-14217
28942
-32417
23293
-5114
-15052
29368
-32268
22626
-4190
-15875
29770
-32093
21942
-3262
-16685
30148
-31892
21240
-2332
-17482
30501
-31665
20520
-1400
-18264
30830
-31412
19784
-467
-19032
31133
-31133
19032
467
-19784
31412
-30830
18264
1400
-20520
31665
-30501
17482
2332
-21240
31892
-30148
16685
3262
-21942
32093
-29770
15875
4190
-22626
32268
-29368
15052
5114
-23293
32417
-28942
14217
6034
-23940
32540
-28492
13370
6949
-24567
32636
-28020
12512
7859
-25175
32706
-27524
11644
8762
-25762
32749
-27007
10767
9658
-26329
32766
-26467
9881
10546
-26874
32756
-25906
8987
11426
-27397
32719
-25324
8085
12296
-27898
32656
-24721
7177
13156
-28376
32566
-24098
6264
14006
-28831
32450
-23456
5345
14844
-29263
32308
-22795
4421
15670
-29671
32139
-22115
3495
16484
-30055
31944
-21417
2565
17284
-30415
31724
-20702
1633
18070
-30750
31477
-19970
700
18842
-31060
31205
-19222
-233
19598
-31345
30908
-18458
-1167
20338
-31604
30586
-17679
-2099
21062
-31837
30238
-16886
-3030
21768
-32045
29866
-16079
-3958
22457
-32227
29470
-15259
-4884
23128
-32382
29050
-14427
-5805
23780
-32512
28607
-13583
-6721
24412
-32615
28140
-12727
-7632
25025
-32691
27650
-11862
-8537
25617
-32741
27138
-10987
-9435
26189
-32764
26604
-10103
-10325
26740
-32761
26048
-9211
-11207
27268
-32731
25471
-8311
-12079
27775
-32674
24874
-7405
-12942
28259
-32591
24256
-6492
-13795
28720
-32482
23618
-5575
-14636
29158
-32346
22962
-4653
-15465
29572
-32184
22287
-3727
-16282
29962
-31996
21593
-2798
-17085
30327
-31781
20882
-1866
-17875
30668
-31541
20154
-934
-18650
30985
-31276
19410
0
-19410
31276
-30985
18650
934
-20154
31541
-30668
17875
1866
-20882
31781
-30327
17085
2798
-21593
31996
-29962
16282
3727
-22287
32184
-29572
15465
4653
-22962
32346
-29158
14636
5575
-23618
32482
-28720
13795
6492
-24256
32591
-28259
12942
7405
-24874
32674
-27775
12079
8311
-25471
32731
-27268
11207
9211
-26048
32761
-26740
10325
10103
-26604
32764
-26189
9435
10987
-27138
32741
-25617
8537
11862
-27650
32691
-25025
7632
12727
-28140
32615
-24412
6721
13583
-28607
32512
-23780
5805
14427
-29050
32382
-23128
4884
15259
-29470
32227
-22457
3958
16079
-29866
32045
-21768
3030
16886
-30238
31837
-21062
2099
17679
-30586
31604
-20338
1167
18458
-30908
31345
-19598
233
19222
-31205
31060
-18842
-700
19970
-31477
30750
-18070
-1633
20702
-31724
30415
-17284
-2565
21417
-31944
30055
-16484
-3495
22115
-32139
29671
-15670
-4421
22795
-32308
29263
-14844
-5345
23456
-32450
28831
-14006
-6264
24098
-32566
28376
-13156
-7177
24721
-32656
27898
-12296
-8085
25324
-32719
27397
-11426
-8987
25906
-32756
26874
-10546
-9881
26467
-32766
26329
-9658
-10767
27007
-32749
25762
-8762
-11644
27524
-32706
25175
-7859
-12512
28020
-32636
24567
-6949
-13370
28492
-32540
23940
-6034
-14217
28942
-32417
23293
-5114
-15052
29368
-32268
22626
-4190
-15875
29770
-32093
21942
-3262
-16685
30148
-31892
21240
-2332
-17482
30501
-31665
20520
-1400
-18264
30830
-31412
19784
-467
-19032
31133
-31133
19032
467
-19784
31412
-30830
18264
1400
-20520
31665
-30501
17482
2332
-21240
31892
-30148
16685
3262
-21942
32093
-29770
15875
4190
-22626
32268
-29368
15052
5114
-23293
32417
-28942
14217
6034
-23940
32540
-28492
13370
6949
-24567
32636
-28020
12512
7859
-25175
32706
-27524
11644
8762
-25762
32749
-27007
10767
9658
-26329
32766
-26467
9881
10546
-26874
32756
-25906
8987
11426
-27397
32719
-25324
8085
12296
-27898
32656
-24721
7177
13156
-28376
32566
-24098
6264
14006
-28831
32450
-23456
5345
14844
-29263
32308
-22795
4421
15670
-29671
32139
-22115
3495
16484
-30055
31944
-21417
2565
17284
-30415
31724
-20702
1633
18070
-30750
31477
-19970
700
18842
-31060
31205
-19222
-233
19598
-31345
30908
-18458
-1167
20338
-31604
30586
-17679
-2099
21062
-31837
30238
-16886
-3030
21768
-32045
29866
-16079
-3958
22457
-32227
29470
-15259
-4884
23128
-32382
29050
-14427
-5805
23780
-32512
28607
-13583
-6721
24412
-32615
28140
-12727
-7632
25025
-32691
27650
-11862
-8537
25617
-32741
27138
-10987
-9435
26189
-32764
26604
-10103
-10325
26740
-32761
26048
-9211
-11207
27268
-32731
25471
-8311
-12079
27775
-32674
24874
-7405
-12942
28259
-32591
24256
-6492
-13795
28720
-32482
23618
-5575
-14636
29158
-32346
22962
-4653
-15465
29572
-32184
22287
-3727
-16282
29962
-31996
21593
-2798
-17085
30327
-31781
20882
-1866
-17875
30668
-31541
20154
-934
-18650
30985
-31276
19410
0
-19410
31276
-30985
18650
934
-20154
31541
-30668
17875
1866
-20882
31781
-30327
17085
2798
-21593
31996
-29962
16282
3727
-22287
32184
-29572
15465
4653
-22962
32346
-29158
14636
5575
-23618
32482
-28720
13795
6492
-24256
32591
-28259
12942
7405
-24874
32674
-27775
12079
8311
-25471
32731
-27268
11207
9211
-26048
32761
-26740
10325
10103
-26604
32764
-26189
9435
10987
-27138
32741
-25617
8537
11862
-27650
32691
-25025
7632
12727
-28140
32615
-24412
6721
13583
-28607
32512
-23780
5805
14427
-29050
32382
-23128
4884
15259
-29470
32227
-22457
3958
16079
-29866
32045
-21768
3030
16886
-30238
31837
-21062
2099
17679
-30586
31604
-20338
1167
18458
-30908
31345
-19598
233
19222
-31205
31060
-18842
-700
19970
-31477
30750
-18070
-1633
20702
-31724
30415
-17284
-2565
21417
-31944
30055
-16484
-3495
22115
-32139
29671
-15670
-4421
22795
-32308
29263
-14844
-5345
23456
-32450
28831
-14006
-6264
24098
-32566
28376
-13156
-7177
24721
-32656
27898
-12296
-8085
25324
-32719
27397
-11426
-8987
25906
-32756
26874
-10546
-9881
26467
-32766
26329
-9658
-10767
27007
-32749
25762
-8762
-11644
27524
-32706
25175
-7859
-12512
28020
-32636
24567
-6949
-13370
28492
-32540
23940
-6034
-14217
28942
-32417
23293
-5114
-15052
29368
-32268
22626
-4190
-15875
29770
-32093
21942
-3262
-16685
30148
-31892
21240
-2332
-17482
30501
-31665
20520
-1400
-18264
30830
-31412
19784
-467
-19032
31133
-31133
19032
467
-19784
31412
-30830
18264
1400
-20520
31665
-30501
17482
2332
-21240
31892
-30148
16685
3262
-21942
32093
-29770
15875
4190
-22626
32268
-29368
15052
5114
-23293
32417
-28942
14217
6034
-23940
32540
-28492
13370
6949
-24567
32636
-28020
12512
7859
-25175
32706
-27524
11644
8762
-25762
32749
-27007
10767
9658
-26329
32766
-26467
9881
10546
-26874
32756
-25906
8987
11426
-27397
32719
-25324
8085
12296
-27898
32656
-24721
7177
13156
-28376
32566
-24098
6264
14006
-28831
32450
-23456
5345
14844
-29263
32308
-22795
4421
15670
-29671
32139
-22115
3495
16484
-30055
31944
-21417
2565
17284
-30415
31724
-20702
1633
18070
-30750
31477
-19970
700
18842
-31060
31205
-19222
-233
19598
-31345
30908
-18458
-1167
20338
-31604
30586
-17679
-2099
21062
-31837
30238
-16886
-3030
21768
-32045
29866
-16079
-3958
22457
-32227
29470
-15259
-4884
23128
-32382
29050
-14427
-5805
23780
-32512
28607
-13583
-6721
24412
-32615
28140
-12727
-7632
25025
-32691
27650
-11862
-8537
25617
-32741
27138
-10987
-9435
26189
-32764
26604
-10103
-10325
26740
-32761
26048
-9211
-11207
27268
-32731
25471
-8311
-12079
27775
-32674
24874
-7405
-12942
28259
-32591
24256
-6492
-13795
28720
-32482
23618
-5575
-14636
29158
-32346
22962
-4653
-15465
29572
-32184
22287
-3727
-16282
29962
-31996
21593
-2798
-17085
30327
-31781
20882
-1866
-17875
30668
-31541
20154
-934
-18650
30985
-31276
19410
