0
9435
-18070
25175
-30148
32566
-32227
29158
-23618
16079
-7177
-2332
11644
-19970
26604
-30985
32741
-31724
28020
-21942
14006
-4884
-4653
13795
-21768
27898
-31665
32749
-31060
26740
-20154
11862
-2565
-6949
15875
-23456
29050
-32184
32591
-30238
25324
-18264
9658
-233
-9211
17875
-25025
30055
-32540
32268
-29263
23780
-16282
7405
2099
-11426
19784
-26467
30908
-32731
31781
-28140
22115
-14217
5114
4421
-13583
21593
-27775
31604
-32756
31133
-26874
20338
-12079
2798
6721
-15670
23293
-28942
32139
-32615
30327
-25471
18458
-9881
467
8987
-17679
24874
-29962
32512
-32308
29368
-23940
16484
-7632
-1866
11207
-19598
26329
-30830
32719
-31837
28259
-22287
14427
-5345
-4190
13370
-21417
27650
-31541
32761
-31205
27007
-20520
12296
-3030
-6492
15465
-23128
28831
-32093
32636
-30415
25617
-18650
10103
-700
-8762
17482
-24721
29866
-32482
32346
-29470
24098
-16685
7859
1633
-10987
19410
-26189
30750
-32706
31892
-28376
22457
-14636
5575
3958
-13156
21240
-27524
31477
-32764
31276
-27138
20702
-12512
3262
6264
-15259
22962
-28720
32045
-32656
30501
-25762
18842
-10325
934
8537
-17284
24567
-29770
32450
-32382
29572
-24256
16886
-8085
-1400
10767
-19222
26048
-30668
32691
-31944
28492
-22626
14844
-5805
-3727
12942
-21062
27397
-31412
32766
-31345
27268
-20882
12727
-3495
-6034
15052
-22795
28607
-31996
32674
-30586
25906
-19032
10546
-1167
-8311
17085
-24412
29671
-32417
32417
-29671
24412
-17085
8311
1167
-10546
19032
-25906
30586
-32674
31996
-28607
22795
-15052
6034
3495
-12727
20882
-27268
31345
-32766
31412
-27397
21062
-12942
3727
5805
-14844
22626
-28492
31944
-32691
30668
-26048
19222
-10767
1400
8085
-16886
24256
-29572
32382
-32450
29770
-24567
17284
-8537
-934
10325
-18842
25762
-30501
32656
-32045
28720
-22962
15259
-6264
-3262
12512
-20702
27138
-31276
32764
-31477
27524
-21240
13156
-3958
-5575
14636
-22457
28376
-31892
32706
-30750
26189
-19410
10987
-1633
-7859
16685
-24098
29470
-32346
32482
-29866
24721
-17482
8762
700
-10103
18650
-25617
30415
-32636
32093
-28831
23128
-15465
6492
3030
-12296
20520
-27007
31205
-32761
31541
-27650
21417
-13370
4190
5345
-14427
22287
-28259
31837
-32719
30830
-26329
19598
-11207
1866
7632
-16484
23940
-29368
32308
-32512
29962
-24874
17679
-8987
-467
9881
-18458
25471
-30327
32615
-32139
28942
-23293
15670
-6721
-2798
12079
-20338
26874
-31133
32756
-31604
27775
-21593
13583
-4421
-5114
14217
-22115
28140
-31781
32731
-30908
26467
-19784
11426
-2099
-7405
16282
-23780
29263
-32268
32540
-30055
25025
-17875
9211
233
-9658
18264
-25324
30238
-32591
32184
-29050
23456
-15875
6949
2565
-11862
20154
-26740
31060
-32749
31665
-27898
21768
-13795
4653
4884
-14006
21942
-28020
31724
-32741
30985
-26604
19970
-11644
2332
7177
-16079
23618
-29158
32227
-32566
30148
-25175
18070
-9435
0
9435
-18070
25175
-30148
32566
-32227
29158
-23618
16079
-7177
-2332
11644
-19970
26604
-30985
32741
-31724
28020
-21942
14006
-4884
-4653
13795
-21768
27898
-31665
32749
-31060
26740
-20154
11862
-2565
-6949
15875
-23456
29050
-32184
32591
-30238
25324
-18264
9658
-233
-9211
17875
-25025
30055
-32540
32268
-29263
23780
-16282
7405
2099
-11426
19784
-26467
30908
-32731
31781
-28140
22115
-14217
5114
4421
-13583
21593
-27775
31604
-32756
31133
-26874
20338
-12079
2798
6721
-15670
23293
-28942
32139
-32615
30327
-25471
18458
-9881
467
8987
-17679
24874
-29962
32512
-32308
29368
-23940
16484
-7632
-1866
11207
-19598
26329
-30830
32719
-31837
28259
-22287
14427
-5345
-4190
13370
-21417
27650
-31541
32761
-31205
27007
-20520
12296
-3030
-6492
15465
-23128
28831
-32093
32636
-30415
25617
-18650
10103
-700
-8762
17482
-24721
29866
-32482
32346
-29470
24098
-16685
7859
1633
-10987
19410
-26189
30750
-32706
31892
-28376
22457
-14636
5575
3958
-13156
21240
-27524
31477
-32764
31276
-27138
20702
-12512
3262
6264
-15259
22962
-28720
32045
-32656
30501
-25762
18842
-10325
934
8537
-17284
24567
-29770
32450
-32382
29572
-24256
16886
-8085
-1400
10767
-19222
26048
-30668
32691
-31944
28492
-22626
14844
-5805
-3727
12942
-21062
27397
-31412
32766
-31345
27268
-20882
12727
-3495
-6034
15052
-22795
28607
-31996
32674
-30586
25906
-19032
10546
-1167
-8311
17085
-24412
29671
-32417
32417
-29671
24412
-17085
8311
1167
-10546
19032
-25906
30586
-32674
31996
-28607
22795
-15052
6034
3495
-12727
20882
-27268
31345
-32766
31412
-27397
21062
-12942
3727
5805
-14844
22626
-28492
31944
-32691
30668
-26048
19222
-10767
1400
8085
-16886
24256
-29572
32382
-32450
29770
-24567
17284
-8537
-934
10325
-18842
25762
-30501
32656
-32045
28720
-22962
15259
-6264
-3262
12512
-20702
27138
-31276
32764
-31477
27524
-21240
13156
-3958
-5575
14636
-22457
28376
-31892
32706
-30750
26189
-19410
10987
-1633
-7859
16685
-24098
29470
-32346
32482
-29866
24721
-17482
8762
700
-10103
18650
-25617
30415
-32636
32093
-28831
23128
-15465
6492
3030
-12296
20520
-27007
31205
-32761
31541
-27650
21417
-13370
4190
5345
-14427
22287
-28259
31837
-32719
30830
-26329
19598
-11207
1866
7632
-16484
23940
-29368
32308
-32512
29962
-24874
17679
-8987
-467
9881
-18458
25471
-30327
32615
-32139
28942
-23293
15670
-6721
-2798
12079
-20338
26874
-31133
32756
-31604
27775
-21593
13583
-4421
-5114
14217
-22115
28140
-31781
32731
-30908
26467
-19784
11426
-2099
-7405
16282
-23780
29263
-32268
32540
-30055
25025
-17875
9211
233
-9658
18264
-25324
30238
-32591
32184
-29050
23456
-15875
6949
2565
-11862
20154
-26740
31060
-32749
31665
-27898
21768
-13795
4653
4884
-14006
21942
-28020
31724
-32741
30985
-26604
19970
-11644
2332
7177
-16079
23618
-29158
32227
-32566
30148
-25175
18070
-9435
0
9435
-18070
25175
-30148
32566
-32227
29158
-23618
16079
-7177
-2332
11644
-19970
26604
-30985
32741
-31724
28020
-21942
14006
-4884
-4653
13795
-21768
27898
-31665
32749
-31060
26740
-20154
11862
-2565
-6949
15875
-23456
29050
-32184
32591
-30238
25324
-18264
9658
-233
-9211
17875
-25025
30055
-32540
32268
-29263
23780
-16282
7405
2099
-11426
19784
-26467
30908
-32731
31781
-28140
22115
-14217
5114
4421
-13583
21593
-27775
31604
-32756
31133
-26874
20338
-12079
2798
6721
-15670
23293
-28942
32139
-32615
30327
-25471
18458
-9881
467
8987
-17679
24874
-29962
32512
-32308
29368
-23940
16484
-7632
-1866
11207
-19598
26329
-30830
32719
-31837
28259
-22287
14427
-5345
-4190
13370
-21417
27650
-31541
32761
-31205
27007
-20520
12296
-3030
-6492
15465
-23128
28831
-32093
32636
-30415
25617
-18650
10103
-700
-8762
17482
-24721
29866
-32482
32346
-29470
24098
-16685
7859
1633
-10987
19410
-26189
30750
-32706
31892
-28376
22457
-14636
5575
3958
-13156
21240
-27524
31477
-32764
31276
-27138
20702
-12512
3262
6264
-15259
22962
-28720
32045
-32656
30501
-25762
18842
-10325
934
8537
-17284
24567
-29770
32450
-32382
29572
-24256
16886
-8085
-1400
10767
-19222
26048
-30668
32691
-31944
28492
-22626
14844
-5805
-3727
12942
-21062
27397
-31412
32766
-31345
27268
-20882
12727
-3495
-6034
15052
-22795
28607
-31996
32674
-30586
25906
-19032
10546
-1167
-8311
17085
-24412
29671
-32417
32417
-29671
24412
-17085
8311
1167
-10546
19032
-25906
30586
-32674
31996
-28607
22795
-15052
6034
3495
-12727
20882
-27268
31345
-32766
31412
-27397
21062
-12942
3727
5805
-14844
22626
-28492
31944
-32691
30668
-26048
19222
-10767
1400
8085
-16886
24256
-29572
32382
-32450
29770
-24567
17284
-8537
-934
10325
-18842
25762
-30501
32656
-32045
28720
-22962
15259
-6264
-3262
12512
-20702
27138
-31276
32764
-31477
27524
-21240
13156
-3958
-5575
14636
-22457
28376
-31892
32706
-30750
26189
-19410
10987
-1633
-7859
16685
-24098
29470
-32346
32482
-29866
24721
-17482
8762
700
-10103
18650
-25617
30415
-32636
32093
-28831
23128
-15465
6492
3030
-12296
20520
-27007
31205
-32761
31541
-27650
21417
-13370
4190
5345
-14427
22287
-28259
31837
-32719
30830
-26329
19598
-11207
1866
7632
-16484
23940
-29368
32308
-32512
29962
-24874
17679
-8987
-467
9881
-18458
25471
-30327
32615
-32139
28942
-23293
15670
-6721
-2798
12079
-20338
26874
-31133
32756
-31604
27775
-21593
13583
-4421
-5114
14217
-22115
28140
-31781
32731
-30908
26467
-19784
11426
-2099
-7405
16282
-23780
29263
-32268
32540
-30055
25025
-17875
9211
233
-9658
18264
-25324
30238
-32591
32184
-29050
23456
-15875
6949
2565
-11862
20154
-26740
31060
-32749
31665
-27898
21768
-13795
4653
4884
-14006
21942
-28020
31724
-32741
30985
-26604
19970
-11644
2332
7177
-16079
23618
-29158
32227
-32566
30148
-25175
18070
-9435
0
9435
-18070
25175
-30148
32566
-32227
29158
-23618
16079
-7177
-2332
11644
-19970
26604
-30985
32741
-31724
28020
-21942
14006
-4884
-4653
13795
-21768
27898
-31665
32749
-31060
26740
-20154
11862
-2565
-6949
15875
-23456
29050
-32184
32591
-30238
25324
-18264
9658
-233
-9211
17875
-25025
30055
-32540
32268
-29263
23780
-16282
7405
2099
-11426
19784
-26467
30908
-32731
31781
-28140
22115
-14217
5114
4421
-13583
21593
-27775
31604
-32756
31133
-26874
20338
-12079
2798
6721
-15670
23293
-28942
32139
-32615
30327
-25471
18458
-9881
467
8987
-17679
24874
-29962
32512
-32308
29368
-23940
16484
-7632
-1866
11207
-19598
26329
-30830
32719
-31837
28259
-22287
14427
-5345
-4190
13370
-21417
27650
-31541
32761
-31205
27007
-20520
12296
-3030
-6492
15465
-23128
28831
-32093
32636
-30415
25617
-18650
10103
-700
-8762
17482
-24721
29866
-32482
32346
-29470
24098
-16685
7859
1633
-10987
19410
-26189
30750
-32706
31892
-28376
22457
-14636
5575
3958
-13156
21240
-27524
31477
-32764
31276
-27138
20702
-12512
3262
6264
-15259
22962
-28720
32045
-32656
30501
-25762
18842
-10325
934
8537
-17284
24567
-29770
32450
-32382
29572
-24256
16886
-8085
-1400
10767
-19222
26048
-30668
32691
-31944
28492
-22626
14844
-5805
-3727
12942
-21062
27397
-31412
32766
-31345
27268
-20882
12727
-3495
-6034
15052
-22795
28607
-31996
32674
-30586
25906
-19032
10546
-1167
-8311
17085
-24412
29671
-32417
32417
-29671
24412
-17085
8311
1167
-10546
19032
-25906
30586
-32674
31996
-28607
22795
-15052
6034
3495
-12727
20882
-27268
31345
-32766
31412
-27397
21062
-12942
3727
5805
-14844
22626
-28492
31944
-32691
30668
-26048
19222
-10767
1400
8085
-16886
24256
-29572
32382
-32450
29770
-24567
17284
-8537
-934
10325
-18842
25762
-30501
32656
-32045
28720
-22962
15259
-6264
-3262
12512
-20702
27138
-31276
32764
-31477
27524
-21240
13156
-3958
-5575
14636
-22457
28376
-31892
32706
-30750
26189
-19410
10987
-1633
-7859
16685
-24098
29470
-32346
32482
-29866
24721
-17482
8762
700
-10103
18650
-25617
30415
-32636
32093
-28831
23128
-15465
6492
3030
-12296
20520
-27007
31205
-32761
31541
-27650
21417
-13370
4190
5345
-14427
22287
-28259
31837
-32719
30830
-26329
19598
-11207
1866
7632
-16484
23940
-29368
32308
-32512
29962
-24874
17679
-8987
-467
9881
-18458
25471
-30327
32615
-32139
28942
-23293
15670
-6721
-2798
12079
-20338
26874
-31133
32756
-31604
27775
-21593
13583
-4421
-5114
14217
-22115
28140
-31781
32731
-30908
26467
-19784
11426
-2099
-7405
16282
-23780
29263
-32268
32540
-30055
25025
-17875
9211
233
-9658
18264
-25324
30238
-32591
32184
-29050
23456
-15875
6949
2565
-11862
20154
-26740
31060
-32749
31665
-27898
21768
-13795
4653
4884
-14006
21942
-28020
31724
-32741
30985
-26604
19970
-11644
2332
7177
-16079
23618
-29158
32227
-32566
30148
-25175
18070
-9435
0
9435
-18070
25175
-30148
32566
-32227
29158
-23618
16079
-7177
-2332
11644
-19970
26604
-30985
32741
-31724
28020
-21942
14006
-4884
-4653
13795
-21768
27898
-31665
32749
-31060
26740
-20154
11862
-2565
-6949
15875
-23456
29050
-32184
32591
-30238
25324
-18264
9658
-233
-9211
17875
-25025
30055
-32540
32268
-29263
23780
-16282
7405
2099
-11426
19784
-26467
30908
-32731
31781
-28140
22115
-14217
5114
4421
-13583
21593
-27775
31604
-32756
31133
-26874
20338
-12079
2798
6721
-15670
23293
-28942
32139
-32615
30327
-25471
18458
-9881
467
8987
-17679
24874
-29962
32512
-32308
29368
-23940
16484
-7632
-1866
11207
-19598
26329
-30830
32719
-31837
28259
-22287
14427
-5345
-4190
13370
-21417
27650
-31541
32761
-31205
27007
-20520
12296
-3030
-6492
15465
-23128
28831
-32093
32636
-30415
25617
-18650
10103
-700
-8762
17482
-24721
29866
-32482
32346
-29470
24098
-16685
7859
1633
-10987
19410
-26189
30750
-32706
31892
-28376
22457
-14636
5575
3958
-13156
21240
-27524
31477
-32764
31276
-27138
20702
-12512
3262
6264
-15259
22962
-28720
32045
-32656
30501
-25762
18842
-10325
934
8537
-17284
24567
-29770
32450
-32382
29572
-24256
16886
-8085
-1400
10767
-19222
26048
-30668
32691
-31944
28492
-22626
14844
-5805
-3727
12942
-21062
27397
-31412
32766
-31345
27268
-20882
12727
-3495
-6034
15052
-22795
28607
-31996
32674
-30586
25906
-19032
10546
-1167
-8311
17085
-24412
29671
-32417
32417
-29671
24412
-17085
8311
1167
-10546
19032
-25906
30586
-32674
31996
-28607
22795
-15052
6034
3495
-12727
20882
-27268
31345
-32766
31412
-27397
21062
-12942
3727
5805
-14844
22626
-28492
31944
-32691
30668
-26048
19222
-10767
1400
8085
-16886
24256
-29572
32382
-32450
29770
-24567
17284
-8537
-934
10325
-18842
25762
-30501
32656
-32045
28720
-22962
15259
-6264
-3262
12512
-20702
27138
-31276
32764
-31477
27524
-21240
13156
-3958
-5575
14636
-22457
28376
-31892
32706
-30750
26189
-19410
10987
-1633
-7859
16685
-24098
29470
-32346
32482
-29866
24721
-17482
8762
700
-10103
18650
-25617
30415
-32636
32093
-28831
23128
-15465
6492
3030
-12296
20520
-27007
31205
-32761
31541
-27650
21417
-13370
4190
5345
-14427
22287
-28259
31837
-32719
30830
-26329
19598
-11207
1866
7632
-16484
23940
-29368
32308
-32512
29962
-24874
17679
-8987
-467
9881
-18458
25471
-30327
32615
-32139
28942
-23293
15670
-6721
-2798
12079
-20338
26874
-31133
32756
-31604
27775
-21593
13583
-4421
-5114
14217
-22115
28140
-31781
32731
-30908
26467
-19784
11426
-2099
-7405
16282
-23780
29263
-32268
32540
-30055
25025
-17875
9211
233
-9658
18264
-25324
30238
-32591
32184
-29050
23456
-15875
6949
2565
-11862
20154
-26740
31060
-32749
31665
-27898
21768
-13795
4653
4884
-14006
21942
-28020
31724
-32741
30985
-26604
19970
-11644
2332
7177
-16079
23618
-29158
32227
-32566
30148
-25175
18070
-9435
0
9435
-18070
25175
-30148
32566
-32227
29158
-23618
16079
-7177
-2332
11644
-19970
26604
-30985
32741
-31724
28020
-21942
14006
-4884
-4653
13795
-21768
27898
-31665
32749
-31060
26740
-20154
11862
-2565
-6949
15875
-23456
29050
-32184
32591
-30238
25324
-18264
9658
-233
-9211
17875
-25025
30055
-32540
32268
-29263
23780
-16282
7405
2099
-11426
19784
-26467
30908
-32731
31781
-28140
22115
-14217
5114
4421
-13583
21593
-27775
31604
-32756
31133
-26874
20338
-12079
2798
6721
-15670
23293
-28942
32139
-32615
30327
-25471
18458
-9881
467
8987
-17679
24874
-29962
32512
-32308
29368
-23940
16484
-7632
-1866
11207
-19598
26329
-30830
32719
-31837
28259
-22287
14427
-5345
-4190
13370
-21417
27650
-31541
32761
-31205
27007
-20520
12296
-3030
-6492
15465
-23128
28831
-32093
32636
-30415
25617
-18650
10103
-700
-8762
17482
-24721
29866
-32482
32346
-29470
24098
-16685
7859
1633
-10987
19410
-26189
30750
-32706
31892
-28376
22457
-14636
5575
3958
-13156
21240
-27524
31477
-32764
31276
-27138
20702
-12512
3262
6264
-15259
22962
-28720
32045
-32656
30501
-25762
18842
-10325
934
8537
-17284
24567
-29770
32450
-32382
29572
-24256
16886
-8085
-1400
10767
-19222
26048
-30668
32691
-31944
28492
-22626
14844
-5805
-3727
12942
-21062
27397
-31412
32766
-31345
27268
-20882
12727
-3495
-6034
15052
-22795
28607
-31996
32674
-30586
25906
-19032
10546
-1167
-8311
17085
-24412
29671
-32417
32417
-29671
24412
-17085
8311
1167
-10546
19032
-25906
30586
-32674
31996
-28607
22795
-15052
6034
3495
-12727
20882
-27268
31345
-32766
31412
-27397
21062
-12942
3727
5805
-14844
22626
-28492
31944
-32691
30668
-26048
19222
-10767
1400
8085
-16886
24256
-29572
32382
-32450
29770
-24567
17284
-8537
-934
10325
-18842
25762
-30501
32656
-32045
28720
-22962
15259
-6264
-3262
12512
-20702
27138
-31276
32764
-31477
27524
-21240
13156
-3958
-5575
14636
-22457
28376
-31892
32706
-30750
26189
-19410
10987
-1633
-7859
16685
-24098
29470
-32346
32482
-29866
24721
-17482
8762
700
-10103
18650
-25617
30415
-32636
32093
-28831
23128
-15465
6492
3030
-12296
20520
-27007
31205
-32761
31541
-27650
21417
-13370
4190
5345
-14427
22287
-28259
31837
-32719
30830
-26329
19598
-11207
1866
7632
-16484
23940
-29368
32308
-32512
29962
-24874
17679
-8987
-467
9881
-18458
25471
-30327
32615
-32139
28942
-23293
15670
-6721
-2798
12079
-20338
26874
-31133
32756
-31604
27775
-21593
13583
-4421
-5114
14217
-22115
28140
-31781
32731
-30908
26467
-19784
11426
-2099
-7405
16282
-23780
29263
-32268
32540
-30055
25025
-17875
9211
233
-9658
18264
-25324
30238
-32591
32184
-29050
23456
-15875
6949
2565
-11862
20154
-26740
31060
-32749
31665
-27898
21768
-13795
4653
4884
-14006
21942
-28020
31724
-32741
30985
-26604
19970
-11644
2332
7177
-16079
23618
-29158
32227
-32566
30148
-25175
18070
-9435
0
9435
-18070
25175
-30148
32566
-32227
29158
-23618
16079
-7177
-2332
11644
-19970
26604
-30985
32741
-31724
28020
-21942
14006
-4884
-4653
13795
-21768
27898
-31665
32749
-31060
26740
-20154
11862
-2565
-6949
15875
-23456
29050
-32184
32591
-30238
25324
-18264
9658
-233
-9211
17875
-25025
30055
-32540
32268
-29263
23780
-16282
7405
2099
-11426
19784
-26467
30908
-32731
31781
-28140
22115
-14217
5114
4421
-13583
21593
-27775
31604
-32756
31133
-26874
20338
-12079
2798
6721
-15670
23293
-28942
32139
-32615
30327
-25471
18458
-9881
467
8987
-17679
24874
-29962
32512
-32308
29368
-23940
16484
-7632
-1866
11207
-19598
26329
-30830
32719
-31837
28259
-22287
14427
-5345
-4190
13370
-21417
27650
-31541
32761
-31205
27007
-20520
12296
-3030
-6492
15465
-23128
28831
-32093
32636
-30415
25617
-18650
10103
-700
-8762
17482
-24721
29866
-32482
32346
-29470
24098
-16685
7859
1633
-10987
19410
-26189
30750
-32706
31892
-28376
22457
-14636
5575
3958
-13156
21240
-27524
31477
-32764
31276
-27138
20702
-12512
3262
6264
-15259
22962
-28720
32045
-32656
30501
-25762
18842
-10325
934
8537
-17284
24567
-29770
32450
-32382
29572
-24256
16886
-8085
-1400
10767
-19222
26048
-30668
32691
-31944
28492
-22626
14844
-5805
-3727
12942
-21062
27397
-31412
32766
-31345
27268
-20882
12727
-3495
-6034
15052
-22795
28607
-31996
32674
-30586
25906
-19032
10546
-1167
-8311
17085
-24412
29671
-32417
32417
-29671
24412
-17085
8311
1167
-10546
19032
-25906
30586
-32674
31996
-28607
22795
-15052
6034
3495
-12727
20882
-27268
31345
-32766
31412
-27397
21062
-12942
3727
5805
-14844
22626
-28492
31944
-32691
30668
-26048
19222
-10767
1400
8085
-16886
24256
-29572
32382
-32450
29770
-24567
17284
-8537
-934
10325
-18842
25762
-30501
32656
-32045
28720
-22962
15259
-6264
-3262
12512
-20702
27138
-31276
32764
-31477
27524
-21240
13156
-3958
-5575
14636
-22457
28376
-31892
32706
-30750
26189
-19410
10987
-1633
-7859
16685
-24098
29470
-32346
32482
-29866
24721
-17482
8762
700
-10103
18650
-25617
30415
-32636
32093
-28831
23128
-15465
6492
3030
-12296
20520
-27007
31205
-32761
31541
-27650
21417
-13370
4190
5345
-14427
22287
-28259
31837
-32719
30830
-26329
19598
-11207
1866
7632
-16484
23940
-29368
32308
-32512
29962
-24874
17679
-8987
-467
9881
-18458
25471
-30327
32615
-32139
28942
-23293
15670
-6721
-2798
12079
-20338
26874
-31133
32756
-31604
27775
-21593
13583
-4421
-5114
14217
-22115
28140
-31781
32731
-30908
26467
-19784
11426
-2099
-7405
16282
-23780
29263
-32268
32540
-30055
25025
-17875
9211
233
-9658
18264
-25324
30238
-32591
32184
-29050
23456
-15875
6949
2565
-11862
20154
-26740
31060
-32749
31665
-27898
21768
-13795
4653
4884
-14006
21942
-28020
31724
-32741
30985
-26604
19970
-11644
2332
7177
-16079
23618
-29158
32227
-32566
30148
-25175
18070
-9435
0
9435
-18070
25175
-30148
32566
-32227
29158
-23618
16079
-7177
-2332
11644
-19970
26604
-30985
32741
-31724
28020
-21942
14006
-4884
-4653
13795
-21768
27898
-31665
32749
-31060
26740
-20154
11862
-2565
-6949
15875
-23456
29050
-32184
32591
-30238
25324
-18264
9658
-233
-9211
17875
-25025
30055
-32540
32268
-29263
23780
-16282
7405
2099
-11426
19784
-26467
30908
-32731
31781
-28140
22115
-14217
5114
4421
-13583
21593
-27775
31604
-32756
31133
-26874
20338
-12079
2798
6721
-15670
23293
-28942
32139
-32615
30327
-25471
18458
-9881
467
8987
-17679
24874
-29962
32512
-32308
29368
-23940
16484
-7632
-1866
11207
-19598
26329
-30830
32719
-31837
28259
-22287
14427
-5345
-4190
13370
-21417
27650
-31541
32761
-31205
27007
-20520
12296
-3030
-6492
15465
-23128
28831
-32093
32636
-30415
25617
-18650
10103
-700
-8762
17482
-24721
29866
-32482
32346
-29470
24098
-16685
7859
1633
-10987
19410
-26189
30750
-32706
31892
-28376
22457
-14636
5575
3958
-13156
21240
-27524
31477
-32764
31276
-27138
20702
-12512
3262
6264
-15259
22962
-28720
32045
-32656
30501
-25762
18842
-10325
934
8537
-17284
24567
-29770
32450
-32382
29572
-24256
16886
-8085
-1400
10767
-19222
26048
-30668
32691
-31944
28492
-22626
14844
-5805
-3727
12942
-21062
27397
-31412
32766
-31345
27268
-20882
12727
-3495
-6034
15052
-22795
28607
-31996
32674
-30586
25906
-19032
10546
-1167
-8311
17085
-24412
29671
-32417
32417
-29671
24412
-17085
8311
1167
-10546
19032
-25906
30586
-32674
31996
-28607
22795
-15052
6034
3495
-12727
20882
-27268
31345
-32766
31412
-27397
21062
-12942
3727
5805
-14844
22626
-28492
31944
-32691
30668
-26048
19222
-10767
1400
8085
-16886
24256
-29572
32382
-32450
29770
-24567
17284
-8537
-934
10325
-18842
25762
-30501
32656
-32045
28720
-22962
15259
-6264
-3262
12512
-20702
27138
-31276
32764
-31477
27524
-21240
13156
-3958
-5575
14636
-22457
28376
-31892
32706
-30750
26189
-19410
10987
-1633
-7859
16685
-24098
29470
-32346
32482
-29866
24721
-17482
8762
700
-10103
18650
-25617
30415
-32636
32093
-28831
23128
-15465
6492
3030
-12296
20520
-27007
31205
-32761
31541
-27650
21417
-13370
4190
5345
-14427
22287
-28259
31837
-32719
30830
-26329
19598
-11207
1866
7632
-16484
23940
-29368
32308
-32512
29962
-24874
17679
-8987
-467
9881
-18458
25471
-30327
32615
-32139
28942
-23293
15670
-6721
-2798
12079
-20338
26874
-31133
32756
-31604
27775
-21593
13583
-4421
-5114
14217
-22115
28140
-31781
32731
-30908
26467
-19784
11426
-2099
-7405
16282
-23780
29263
-32268
32540
-30055
25025
-17875
9211
233
-9658
18264
-25324
30238
-32591
32184
-29050
23456
-15875
6949
2565
-11862
20154
-26740
31060
-32749
31665
-27898
21768
-13795
4653
4884
-14006
21942
-28020
31724
-32741
30985
-26604
19970
-11644
2332
7177
-16079
23618
-29158
32227
-32566
30148
-25175
18070
-9435
0
9435
-18070
25175
-30148
32566
-32227
29158
-23618
16079
-7177
-2332
11644
-19970
26604
-30985
32741
-31724
28020
-21942
14006
-4884
-4653
13795
-21768
27898
-31665
32749
-31060
26740
-20154
11862
-2565
-6949
15875
-23456
29050
-32184
32591
-30238
25324
-18264
9658
-233
-9211
17875
-25025
30055
-32540
32268
-29263
23780
-16282
7405
2099
-11426
19784
-26467
30908
-32731
31781
-28140
22115
-14217
5114
4421
-13583
21593
-27775
31604
-32756
31133
-26874
20338
-12079
2798
6721
-15670
23293
-28942
32139
-32615
30327
-25471
18458
-9881
467
8987
-17679
24874
-29962
32512
-32308
29368
-23940
16484
-7632
-1866
11207
-19598
26329
-30830
32719
-31837
28259
-22287
14427
-5345
-4190
13370
-21417
27650
-31541
32761
-31205
27007
-20520
12296
-3030
-6492
15465
-23128
28831
-32093
32636
-30415
25617
-18650
10103
-700
-8762
17482
-24721
29866
-32482
32346
-29470
24098
-16685
7859
1633
-10987
19410
-26189
30750
-32706
31892
-28376
22457
-14636
5575
3958
-13156
21240
-27524
31477
-32764
31276
-27138
20702
-12512
3262
6264
-15259
22962
-28720
32045
-32656
30501
-25762
18842
-10325
934
8537
-17284
24567
-29770
32450
-32382
29572
-24256
16886
-8085
-1400
10767
-19222
26048
-30668
32691
-31944
28492
-22626
14844
-5805
-3727
12942
-21062
27397
-31412
32766
-31345
27268
-20882
12727
-3495
-6034
15052
-22795
28607
-31996
32674
-30586
25906
-19032
10546
-1167
-8311
17085
-24412
29671
-32417
32417
-29671
24412
-17085
8311
1167
-10546
19032
-25906
30586
-32674
31996
-28607
22795
-15052
6034
3495
-12727
20882
-27268
31345
-32766
31412
-27397
21062
-12942
3727
5805
-14844
22626
-28492
31944
-32691
30668
-26048
19222
-10767
1400
8085
-16886
24256
-29572
32382
-32450
29770
-24567
17284
-8537
-934
10325
-18842
25762
-30501
32656
-32045
28720
-22962
15259
-6264
-3262
12512
-20702
27138
-31276
32764
-31477
27524
-21240
13156
-3958
-5575
14636
-22457
28376
-31892
32706
-30750
26189
-19410
10987
-1633
-7859
16685
-24098
29470
-32346
32482
-29866
24721
-17482
8762
700
-10103
18650
-25617
30415
-32636
32093
-28831
23128
-15465
6492
3030
-12296
20520
-27007
31205
-32761
31541
-27650
21417
-13370
4190
5345
-14427
22287
-28259
31837
-32719
30830
-26329
19598
-11207
1866
7632
-16484
23940
-29368
32308
-32512
29962
-24874
17679
-8987
-467
9881
-18458
25471
-30327
32615
-32139
28942
-23293
15670
-6721
-2798
12079
-20338
26874
-31133
32756
-31604
27775
-21593
13583
-4421
-5114
14217
-22115
28140
-31781
32731
-30908
26467
-19784
11426
-2099
-7405
16282
-23780
29263
-32268
32540
-30055
25025
-17875
9211
233
-9658
18264
-25324
30238
-32591
32184
-29050
23456
-15875
6949
2565
-11862
20154
-26740
31060
-32749
31665
-27898
21768
-13795
4653
4884
-14006
21942
-28020
31724
-32741
30985
-26604
19970
-11644
2332
7177
-16079
23618
-29158
32227
-32566
30148
-25175
18070
-9435
0
9435
-18070
25175
-30148
32566
-32227
29158
-23618
16079
-7177
-2332
11644
-19970
26604
-30985
32741
-31724
28020
-21942
14006
-4884
-4653
13795
-21768
27898
-31665
32749
-31060
26740
-20154
11862
-2565
-6949
15875
-23456
29050
-32184
32591
-30238
25324
-18264
9658
-233
-9211
17875
-25025
30055
-32540
32268
-29263
23780
-16282
7405
2099
-11426
19784
-26467
30908
-32731
31781
-28140
22115
-14217
5114
4421
-13583
21593
-27775
31604
-32756
31133
-26874
20338
-12079
2798
6721
-15670
23293
-28942
32139
-32615
30327
-25471
18458
-9881
467
8987
-17679
24874
-29962
32512
-32308
29368
-23940
16484
-7632
-1866
11207
-19598
26329
-30830
32719
-31837
28259
-22287
14427
-5345
-4190
13370
-21417
27650
-31541
32761
-31205
27007
-20520
12296
-3030
-6492
15465
-23128
28831
-32093
32636
-30415
25617
-18650
10103
-700
-8762
17482
-24721
29866
-32482
32346
-29470
24098
-16685
7859
1633
-10987
19410
-26189
30750
-32706
31892
-28376
22457
-14636
5575
3958
-13156
21240
-27524
31477
-32764
31276
-27138
20702
-12512
3262
6264
-15259
22962
-28720
32045
-32656
30501
-25762
18842
-10325
934
8537
-17284
24567
-29770
32450
-32382
29572
-24256
16886
-8085
-1400
10767
-19222
26048
-30668
32691
-31944
28492
-22626
14844
-5805
-3727
12942
-21062
27397
-31412
32766
-31345
27268
-20882
12727
-3495
-6034
15052
-22795
28607
-31996
32674
-30586
25906
-19032
10546
-1167
-8311
17085
-24412
29671
-32417
32417
-29671
24412
-17085
8311
1167
-10546
19032
-25906
30586
-32674
31996
-28607
22795
-15052
6034
3495
-12727
20882
-27268
31345
-32766
31412
-27397
21062
-12942
3727
5805
-14844
22626
-28492
31944
-32691
30668
-26048
19222
-10767
1400
8085
-16886
24256
-29572
32382
-32450
29770
-24567
17284
-8537
-934
10325
-18842
25762
-30501
32656
-32045
28720
-22962
15259
-6264
-3262
12512
-20702
27138
-31276
32764
-31477
27524
-21240
13156
-3958
-5575
14636
-22457
28376
-31892
32706
-30750
26189
-19410
10987
-1633
-7859
16685
-24098
29470
-32346
32482
-29866
24721
-17482
8762
700
-10103
18650
-25617
30415
-32636
32093
-28831
23128
-15465
6492
3030
-12296
20520
-27007
31205
-32761
31541
-27650
21417
-13370
4190
5345
-14427
22287
-28259
31837
-32719
30830
-26329
19598
-11207
1866
7632
-16484
23940
-29368
32308
-32512
29962
-24874
17679
-8987
-467
9881
-18458
25471
-30327
32615
-32139
28942
-23293
15670
-6721
-2798
12079
-20338
26874
-31133
32756
-31604
27775
-21593
13583
-4421
-5114
14217
-22115
28140
-31781
32731
-30908
26467
-19784
11426
-2099
-7405
16282
-23780
29263
-32268
32540
-30055
25025
-17875
9211
233
-9658
18264
-25324
30238
-32591
32184
-29050
23456
-15875
6949
2565
-11862
20154
-26740
31060
-32749
31665
-27898
21768
-13795
4653
4884
-14006
21942
-28020
31724
-32741
30985
-26604
19970
-11644
2332
7177
-16079
23618
-29158
32227
-32566
30148
-25175
18070
-9435
