0
13583
24721
31412
32450
27650
17875
4884
-8987
-21240
-29671
-32764
-29962
-21768
-9658
4190
17284
27268
32346
31604
25175
14217
700
-12942
-24256
-31205
-32540
-28020
-18458
-5575
8311
20702
29368
32749
30238
22287
10325
-3495
-16685
-26874
-32227
-31781
-25617
-14844
-1400
12296
23780
30985
32615
28376
19032
6264
-7632
-20154
-29050
-32719
-30501
-22795
-10987
2798
16079
26467
32093
31944
26048
15465
2099
-11644
-23293
-30750
-32674
-28720
-19598
-6949
6949
19598
28720
32674
30750
23293
11644
-2099
-15465
-26048
-31944
-32093
-26467
-16079
-2798
10987
22795
30501
32719
29050
20154
7632
-6264
-19032
-28376
-32615
-30985
-23780
-12296
1400
14844
25617
31781
32227
26874
16685
3495
-10325
-22287
-30238
-32749
-29368
-20702
-8311
5575
18458
28020
32540
31205
24256
12942
-700
-14217
-25175
-31604
-32346
-27268
-17284
-4190
9658
21768
29962
32764
29671
21240
8987
-4884
-17875
-27650
-32450
-31412
-24721
-13583
0
13583
24721
31412
32450
27650
17875
4884
-8987
-21240
-29671
-32764
-29962
-21768
-9658
4190
17284
27268
32346
31604
25175
14217
700
-12942
-24256
-31205
-32540
-28020
-18458
-5575
8311
20702
29368
32749
30238
22287
10325
-3495
-16685
-26874
-32227
-31781
-25617
-14844
-1400
12296
23780
30985
32615
28376
19032
6264
-7632
-20154
-29050
-32719
-30501
-22795
-10987
2798
16079
26467
32093
31944
26048
15465
2099
-11644
-23293
-30750
-32674
-28720
-19598
-6949
6949
19598
28720
32674
30750
23293
11644
-2099
-15465
-26048
-31944
-32093
-26467
-16079
-2798
10987
22795
30501
32719
29050
20154
7632
-6264
-19032
-28376
-32615
-30985
-23780
-12296
1400
14844
25617
31781
32227
26874
16685
3495
-10325
-22287
-30238
-32749
-29368
-20702
-8311
5575
18458
28020
32540
31205
24256
12942
-700
-14217
-25175
-31604
-32346
-27268
-17284
-4190
9658
21768
29962
32764
29671
21240
8987
-4884
-17875
-27650
-32450
-31412
-24721
-13583
0
13583
24721
31412
32450
27650
17875
4884
-8987
-21240
-29671
-32764
-29962
-21768
-9658
4190
17284
27268
32346
31604
25175
14217
700
-12942
-24256
-31205
-32540
-28020
-18458
-5575
8311
20702
29368
32749
30238
22287
10325
-3495
-16685
-26874
-32227
-31781
-25617
-14844
-1400
12296
23780
30985
32615
28376
19032
6264
-7632
-20154
-29050
-32719
-30501
-22795
-10987
2798
16079
26467
32093
31944
26048
15465
2099
-11644
-23293
-30750
-32674
-28720
-19598
-6949
6949
19598
28720
32674
30750
23293
11644
-2099
-15465
-26048
-31944
-32093
-26467
-16079
-2798
10987
22795
30501
32719
29050
20154
7632
-6264
-19032
-28376
-32615
-30985
-23780
-12296
1400
14844
25617
31781
32227
26874
16685
3495
-10325
-22287
-30238
-32749
-29368
-20702
-8311
5575
18458
28020
32540
31205
24256
12942
-700
-14217
-25175
-31604
-32346
-27268
-17284
-4190
9658
21768
29962
32764
29671
21240
8987
-4884
-17875
-27650
-32450
-31412
-24721
-13583
