0
-6721
13156
-19032
24098
-28140
30985
-32512
32656
-31412
28831
-25025
20154
-14427
8085
-1400
-5345
11862
-17875
23128
-27397
30501
-32308
32741
-31781
29470
-25906
21240
-15670
9435
-2798
-3958
10546
-16685
22115
-26604
29962
-32045
32766
-32093
30055
-26740
22287
-16886
10767
-4190
-2565
9211
-15465
21062
-25762
29368
-31724
32731
-32346
30586
-27524
23293
-18070
12079
-5575
-1167
7859
-14217
19970
-24874
28720
-31345
32636
-32540
31060
-28259
24256
-19222
13370
-6949
233
6492
-12942
18842
-23940
28020
-30908
32482
-32674
31477
-28942
25175
-20338
14636
-8311
1633
5114
-11644
17679
-22962
27268
-30415
32268
-32749
31837
-29572
26048
-21417
15875
-9658
3030
3727
-10325
16484
-21942
26467
-29866
31996
-32764
32139
-30148
26874
-22457
17085
-10987
4421
2332
-8987
15259
-20882
25617
-29263
31665
-32719
32382
-30668
27650
-23456
18264
-12296
5805
934
-7632
14006
-19784
24721
-28607
31276
-32615
32566
-31133
28376
-24412
19410
-13583
7177
-467
-6264
12727
-18650
23780
-27898
30830
-32450
32691
-31541
29050
-25324
20520
-14844
8537
-1866
-4884
11426
-17482
22795
-27138
30327
-32227
32756
-31892
29671
-26189
21593
-16079
9881
-3262
-3495
10103
-16282
21768
-26329
29770
-31944
32761
-32184
30238
-27007
22626
-17284
11207
-4653
-2099
8762
-15052
20702
-25471
29158
-31604
32706
-32417
30750
-27775
23618
-18458
12512
-6034
-700
7405
-13795
19598
-24567
28492
-31205
32591
-32591
31205
-28492
24567
-19598
13795
-7405
700
6034
-12512
18458
-23618
27775
-30750
32417
-32706
31604
-29158
25471
-20702
15052
-8762
2099
4653
-11207
17284
-22626
27007
-30238
32184
-32761
31944
-29770
26329
-21768
16282
-10103
3495
3262
-9881
16079
-21593
26189
-29671
31892
-32756
32227
-30327
27138
-22795
17482
-11426
4884
1866
-8537
14844
-20520
25324
-29050
31541
-32691
32450
-30830
27898
-23780
18650
-12727
6264
467
-7177
13583
-19410
24412
-28376
31133
-32566
32615
-31276
28607
-24721
19784
-14006
7632
-934
-5805
12296
-18264
23456
-27650
30668
-32382
32719
-31665
29263
-25617
20882
-15259
8987
-2332
-4421
10987
-17085
22457
-26874
30148
-32139
32764
-31996
29866
-26467
21942
-16484
10325
-3727
-3030
9658
-15875
21417
-26048
29572
-31837
32749
-32268
30415
-27268
22962
-17679
11644
-5114
-1633
8311
-14636
20338
-25175
28942
-31477
32674
-32482
30908
-28020
23940
-18842
12942
-6492
-233
6949
-13370
19222
-24256
28259
-31060
32540
-32636
31345
-28720
24874
-19970
14217
-7859
1167
5575
-12079
18070
-23293
27524
-30586
32346
-32731
31724
-29368
25762
-21062
15465
-9211
2565
4190
-10767
16886
-22287
26740
-30055
32093
-32766
32045
-29962
26604
-22115
16685
-10546
3958
2798
-9435
15670
-21240
25906
-29470
31781
-32741
32308
-30501
27397
-23128
17875
-11862
5345
1400
-8085
14427
-20154
25025
-28831
31412
-32656
32512
-30985
28140
-24098
19032
-13156
6721
0
-6721
13156
-19032
24098
-28140
30985
-32512
32656
-31412
28831
-25025
20154
-14427
8085
-1400
-5345
11862
-17875
23128
-27397
30501
-32308
32741
-31781
29470
-25906
21240
-15670
9435
-2798
-3958
10546
-16685
22115
-26604
29962
-32045
32766
-32093
30055
-26740
22287
-16886
10767
-4190
-2565
9211
-15465
21062
-25762
29368
-31724
32731
-32346
30586
-27524
23293
-18070
12079
-5575
-1167
7859
-14217
19970
-24874
28720
-31345
32636
-32540
31060
-28259
24256
-19222
13370
-6949
233
6492
-12942
18842
-23940
28020
-30908
32482
-32674
31477
-28942
25175
-20338
14636
-8311
1633
5114
-11644
17679
-22962
27268
-30415
32268
-32749
31837
-29572
26048
-21417
15875
-9658
3030
3727
-10325
16484
-21942
26467
-29866
31996
-32764
32139
-30148
26874
-22457
17085
-10987
4421
2332
-8987
15259
-20882
25617
-29263
31665
-32719
32382
-30668
27650
-23456
18264
-12296
5805
934
-7632
14006
-19784
24721
-28607
31276
-32615
32566
-31133
28376
-24412
19410
-13583
7177
-467
-6264
12727
-18650
23780
-27898
30830
-32450
32691
-31541
29050
-25324
20520
-14844
8537
-1866
-4884
11426
-17482
22795
-27138
30327
-32227
32756
-31892
29671
-26189
21593
-16079
9881
-3262
-3495
10103
-16282
21768
-26329
29770
-31944
32761
-32184
30238
-27007
22626
-17284
11207
-4653
-2099
8762
-15052
20702
-25471
29158
-31604
32706
-32417
30750
-27775
23618
-18458
12512
-6034
-700
7405
-13795
19598
-24567
28492
-31205
32591
-32591
31205
-28492
24567
-19598
13795
-7405
700
6034
-12512
18458
-23618
27775
-30750
32417
-32706
31604
-29158
25471
-20702
15052
-8762
2099
4653
-11207
17284
-22626
27007
-30238
32184
-32761
31944
-29770
26329
-21768
16282
-10103
3495
3262
-9881
16079
-21593
26189
-29671
31892
-32756
32227
-30327
27138
-22795
17482
-11426
4884
1866
-8537
14844
-20520
25324
-29050
31541
-32691
32450
-30830
27898
-23780
18650
-12727
6264
467
-7177
13583
-19410
24412
-28376
31133
-32566
32615
-31276
28607
-24721
19784
-14006
7632
-934
-5805
12296
-18264
23456
-27650
30668
-32382
32719
-31665
29263
-25617
20882
-15259
8987
-2332
-4421
10987
-17085
22457
-26874
30148
-32139
32764
-31996
29866
-26467
21942
-16484
10325
-3727
-3030
9658
-15875
21417
-26048
29572
-31837
32749
-32268
30415
-27268
22962
-17679
11644
-5114
-1633
8311
-14636
20338
-25175
28942
-31477
32674
-32482
30908
-28020
23940
-18842
12942
-6492
-233
6949
-13370
19222
-24256
28259
-31060
32540
-32636
31345
-28720
24874
-19970
14217
-7859
1167
5575
-12079
18070
-23293
27524
-30586
32346
-32731
31724
-29368
25762
-21062
15465
-9211
2565
4190
-10767
16886
-22287
26740
-30055
32093
-32766
32045
-29962
26604
-22115
16685
-10546
3958
2798
-9435
15670
-21240
25906
-29470
31781
-32741
32308
-30501
27397
-23128
17875
-11862
5345
1400
-8085
14427
-20154
25025
-28831
31412
-32656
32512
-30985
28140
-24098
19032
-13156
6721
0
-6721
13156
-19032
24098
-28140
30985
-32512
32656
-31412
28831
-25025
20154
-14427
8085
-1400
-5345
11862
-17875
23128
-27397
30501
-32308
32741
-31781
29470
-25906
21240
-15670
9435
-2798
-3958
10546
-16685
22115
-26604
29962
-32045
32766
-32093
30055
-26740
22287
-16886
10767
-4190
-2565
9211
-15465
21062
-25762
29368
-31724
32731
-32346
30586
-27524
23293
-18070
12079
-5575
-1167
7859
-14217
19970
-24874
28720
-31345
32636
-32540
31060
-28259
24256
-19222
13370
-6949
233
6492
-12942
18842
-23940
28020
-30908
32482
-32674
31477
-28942
25175
-20338
14636
-8311
1633
5114
-11644
17679
-22962
27268
-30415
32268
-32749
31837
-29572
26048
-21417
15875
-9658
3030
3727
-10325
16484
-21942
26467
-29866
31996
-32764
32139
-30148
26874
-22457
17085
-10987
4421
2332
-8987
15259
-20882
25617
-29263
31665
-32719
32382
-30668
27650
-23456
18264
-12296
5805
934
-7632
14006
-19784
24721
-28607
31276
-32615
32566
-31133
28376
-24412
19410
-13583
7177
-467
-6264
12727
-18650
23780
-27898
30830
-32450
32691
-31541
29050
-25324
20520
-14844
8537
-1866
-4884
11426
-17482
22795
-27138
30327
-32227
32756
-31892
29671
-26189
21593
-16079
9881
-3262
-3495
10103
-16282
21768
-26329
29770
-31944
32761
-32184
30238
-27007
22626
-17284
11207
-4653
-2099
8762
-15052
20702
-25471
29158
-31604
32706
-32417
30750
-27775
23618
-18458
12512
-6034
-700
7405
-13795
19598
-24567
28492
-31205
32591
-32591
31205
-28492
24567
-19598
13795
-7405
700
6034
-12512
18458
-23618
27775
-30750
32417
-32706
31604
-29158
25471
-20702
15052
-8762
2099
4653
-11207
17284
-22626
27007
-30238
32184
-32761
31944
-29770
26329
-21768
16282
-10103
3495
3262
-9881
16079
-21593
26189
-29671
31892
-32756
32227
-30327
27138
-22795
17482
-11426
4884
1866
-8537
14844
-20520
25324
-29050
31541
-32691
32450
-30830
27898
-23780
18650
-12727
6264
467
-7177
13583
-19410
24412
-28376
31133
-32566
32615
-31276
28607
-24721
19784
-14006
7632
-934
-5805
12296
-18264
23456
-27650
30668
-32382
32719
-31665
29263
-25617
20882
-15259
8987
-2332
-4421
10987
-17085
22457
-26874
30148
-32139
32764
-31996
29866
-26467
21942
-16484
10325
-3727
-3030
9658
-15875
21417
-26048
29572
-31837
32749
-32268
30415
-27268
22962
-17679
11644
-5114
-1633
8311
-14636
20338
-25175
28942
-31477
32674
-32482
30908
-28020
23940
-18842
12942
-6492
-233
6949
-13370
19222
-24256
28259
-31060
32540
-32636
31345
-28720
24874
-19970
14217
-7859
1167
5575
-12079
18070
-23293
27524
-30586
32346
-32731
31724
-29368
25762
-21062
15465
-9211
2565
4190
-10767
16886
-22287
26740
-30055
32093
-32766
32045
-29962
26604
-22115
16685
-10546
3958
2798
-9435
15670
-21240
25906
-29470
31781
-32741
32308
-30501
27397
-23128
17875
-11862
5345
1400
-8085
14427
-20154
25025
-28831
31412
-32656
32512
-30985
28140
-24098
19032
-13156
6721
0
-6721
13156
-19032
24098
-28140
30985
-32512
32656
-31412
28831
-25025
20154
-14427
8085
-1400
-5345
11862
-17875
23128
-27397
30501
-32308
32741
-31781
29470
-25906
21240
-15670
9435
-2798
-3958
10546
-16685
22115
-26604
29962
-32045
32766
-32093
30055
-26740
22287
-16886
10767
-4190
-2565
9211
-15465
21062
-25762
29368
-31724
32731
-32346
30586
-27524
23293
-18070
12079
-5575
-1167
7859
-14217
19970
-24874
28720
-31345
32636
-32540
31060
-28259
24256
-19222
13370
-6949
233
6492
-12942
18842
-23940
28020
-30908
32482
-32674
31477
-28942
25175
-20338
14636
-8311
1633
5114
-11644
17679
-22962
27268
-30415
32268
-32749
31837
-29572
26048
-21417
15875
-9658
3030
3727
-10325
16484
-21942
26467
-29866
31996
-32764
32139
-30148
26874
-22457
17085
-10987
4421
2332
-8987
15259
-20882
25617
-29263
31665
-32719
32382
-30668
27650
-23456
18264
-12296
5805
934
-7632
14006
-19784
24721
-28607
31276
-32615
32566
-31133
28376
-24412
19410
-13583
7177
-467
-6264
12727
-18650
23780
-27898
30830
-32450
32691
-31541
29050
-25324
20520
-14844
8537
-1866
-4884
11426
-17482
22795
-27138
30327
-32227
32756
-31892
29671
-26189
21593
-16079
9881
-3262
-3495
10103
-16282
21768
-26329
29770
-31944
32761
-32184
30238
-27007
22626
-17284
11207
-4653
-2099
8762
-15052
20702
-25471
29158
-31604
32706
-32417
30750
-27775
23618
-18458
12512
-6034
-700
7405
-13795
19598
-24567
28492
-31205
32591
-32591
31205
-28492
24567
-19598
13795
-7405
700
6034
-12512
18458
-23618
27775
-30750
32417
-32706
31604
-29158
25471
-20702
15052
-8762
2099
4653
-11207
17284
-22626
27007
-30238
32184
-32761
31944
-29770
26329
-21768
16282
-10103
3495
3262
-9881
16079
-21593
26189
-29671
31892
-32756
32227
-30327
27138
-22795
17482
-11426
4884
1866
-8537
14844
-20520
25324
-29050
31541
-32691
32450
-30830
27898
-23780
18650
-12727
6264
467
-7177
13583
-19410
24412
-28376
31133
-32566
32615
-31276
28607
-24721
19784
-14006
7632
-934
-5805
12296
-18264
23456
-27650
30668
-32382
32719
-31665
29263
-25617
20882
-15259
8987
-2332
-4421
10987
-17085
22457
-26874
30148
-32139
32764
-31996
29866
-26467
21942
-16484
10325
-3727
-3030
9658
-15875
21417
-26048
29572
-31837
32749
-32268
30415
-27268
22962
-17679
11644
-5114
-1633
8311
-14636
20338
-25175
28942
-31477
32674
-32482
30908
-28020
23940
-18842
12942
-6492
-233
6949
-13370
19222
-24256
28259
-31060
32540
-32636
31345
-28720
24874
-19970
14217
-7859
1167
5575
-12079
18070
-23293
27524
-30586
32346
-32731
31724
-29368
25762
-21062
15465
-9211
2565
4190
-10767
16886
-22287
26740
-30055
32093
-32766
32045
-29962
26604
-22115
16685
-10546
3958
2798
-9435
15670
-21240
25906
-29470
31781
-32741
32308
-30501
27397
-23128
17875
-11862
5345
1400
-8085
14427
-20154
25025
-28831
31412
-32656
32512
-30985
28140
-24098
19032
-13156
6721
0
-6721
13156
-19032
24098
-28140
30985
-32512
32656
-31412
28831
-25025
20154
-14427
8085
-1400
-5345
11862
-17875
23128
-27397
30501
-32308
32741
-31781
29470
-25906
21240
-15670
9435
-2798
-3958
10546
-16685
22115
-26604
29962
-32045
32766
-32093
30055
-26740
22287
-16886
10767
-4190
-2565
9211
-15465
21062
-25762
29368
-31724
32731
-32346
30586
-27524
23293
-18070
12079
-5575
-1167
7859
-14217
19970
-24874
28720
-31345
32636
-32540
31060
-28259
24256
-19222
13370
-6949
233
6492
-12942
18842
-23940
28020
-30908
32482
-32674
31477
-28942
25175
-20338
14636
-8311
1633
5114
-11644
17679
-22962
27268
-30415
32268
-32749
31837
-29572
26048
-21417
15875
-9658
3030
3727
-10325
16484
-21942
26467
-29866
31996
-32764
32139
-30148
26874
-22457
17085
-10987
4421
2332
-8987
15259
-20882
25617
-29263
31665
-32719
32382
-30668
27650
-23456
18264
-12296
5805
934
-7632
14006
-19784
24721
-28607
31276
-32615
32566
-31133
28376
-24412
19410
-13583
7177
-467
-6264
12727
-18650
23780
-27898
30830
-32450
32691
-31541
29050
-25324
20520
-14844
8537
-1866
-4884
11426
-17482
22795
-27138
30327
-32227
32756
-31892
29671
-26189
21593
-16079
9881
-3262
-3495
10103
-16282
21768
-26329
29770
-31944
32761
-32184
30238
-27007
22626
-17284
11207
-4653
-2099
8762
-15052
20702
-25471
29158
-31604
32706
-32417
30750
-27775
23618
-18458
12512
-6034
-700
7405
-13795
19598
-24567
28492
-31205
32591
-32591
31205
-28492
24567
-19598
13795
-7405
700
6034
-12512
18458
-23618
27775
-30750
32417
-32706
31604
-29158
25471
-20702
15052
-8762
2099
4653
-11207
17284
-22626
27007
-30238
32184
-32761
31944
-29770
26329
-21768
16282
-10103
3495
3262
-9881
16079
-21593
26189
-29671
31892
-32756
32227
-30327
27138
-22795
17482
-11426
4884
1866
-8537
14844
-20520
25324
-29050
31541
-32691
32450
-30830
27898
-23780
18650
-12727
6264
467
-7177
13583
-19410
24412
-28376
31133
-32566
32615
-31276
28607
-24721
19784
-14006
7632
-934
-5805
12296
-18264
23456
-27650
30668
-32382
32719
-31665
29263
-25617
20882
-15259
8987
-2332
-4421
10987
-17085
22457
-26874
30148
-32139
32764
-31996
29866
-26467
21942
-16484
10325
-3727
-3030
9658
-15875
21417
-26048
29572
-31837
32749
-32268
30415
-27268
22962
-17679
11644
-5114
-1633
8311
-14636
20338
-25175
28942
-31477
32674
-32482
30908
-28020
23940
-18842
12942
-6492
-233
6949
-13370
19222
-24256
28259
-31060
32540
-32636
31345
-28720
24874
-19970
14217
-7859
1167
5575
-12079
18070
-23293
27524
-30586
32346
-32731
31724
-29368
25762
-21062
15465
-9211
2565
4190
-10767
16886
-22287
26740
-30055
32093
-32766
32045
-29962
26604
-22115
16685
-10546
3958
2798
-9435
15670
-21240
25906
-29470
31781
-32741
32308
-30501
27397
-23128
17875
-11862
5345
1400
-8085
14427
-20154
25025
-28831
31412
-32656
32512
-30985
28140
-24098
19032
-13156
6721
0
-6721
13156
-19032
24098
-28140
30985
-32512
32656
-31412
28831
-25025
20154
-14427
8085
-1400
-5345
11862
-17875
23128
-27397
30501
-32308
32741
-31781
29470
-25906
21240
-15670
9435
-2798
-3958
10546
-16685
22115
-26604
29962
-32045
32766
-32093
30055
-26740
22287
-16886
10767
-4190
-2565
9211
-15465
21062
-25762
29368
-31724
32731
-32346
30586
-27524
23293
-18070
12079
-5575
-1167
7859
-14217
19970
-24874
28720
-31345
32636
-32540
31060
-28259
24256
-19222
13370
-6949
233
6492
-12942
18842
-23940
28020
-30908
32482
-32674
31477
-28942
25175
-20338
14636
-8311
1633
5114
-11644
17679
-22962
27268
-30415
32268
-32749
31837
-29572
26048
-21417
15875
-9658
3030
3727
-10325
16484
-21942
26467
-29866
31996
-32764
32139
-30148
26874
-22457
17085
-10987
4421
2332
-8987
15259
-20882
25617
-29263
31665
-32719
32382
-30668
27650
-23456
18264
-12296
5805
934
-7632
14006
-19784
24721
-28607
31276
-32615
32566
-31133
28376
-24412
19410
-13583
7177
-467
-6264
12727
-18650
23780
-27898
30830
-32450
32691
-31541
29050
-25324
20520
-14844
8537
-1866
-4884
11426
-17482
22795
-27138
30327
-32227
32756
-31892
29671
-26189
21593
-16079
9881
-3262
-3495
10103
-16282
21768
-26329
29770
-31944
32761
-32184
30238
-27007
22626
-17284
11207
-4653
-2099
8762
-15052
20702
-25471
29158
-31604
32706
-32417
30750
-27775
23618
-18458
12512
-6034
-700
7405
-13795
19598
-24567
28492
-31205
32591
-32591
31205
-28492
24567
-19598
13795
-7405
700
6034
-12512
18458
-23618
27775
-30750
32417
-32706
31604
-29158
25471
-20702
15052
-8762
2099
4653
-11207
17284
-22626
27007
-30238
32184
-32761
31944
-29770
26329
-21768
16282
-10103
3495
3262
-9881
16079
-21593
26189
-29671
31892
-32756
32227
-30327
27138
-22795
17482
-11426
4884
1866
-8537
14844
-20520
25324
-29050
31541
-32691
32450
-30830
27898
-23780
18650
-12727
6264
467
-7177
13583
-19410
24412
-28376
31133
-32566
32615
-31276
28607
-24721
19784
-14006
7632
-934
-5805
12296
-18264
23456
-27650
30668
-32382
32719
-31665
29263
-25617
20882
-15259
8987
-2332
-4421
10987
-17085
22457
-26874
30148
-32139
32764
-31996
29866
-26467
21942
-16484
10325
-3727
-3030
9658
-15875
21417
-26048
29572
-31837
32749
-32268
30415
-27268
22962
-17679
11644
-5114
-1633
8311
-14636
20338
-25175
28942
-31477
32674
-32482
30908
-28020
23940
-18842
12942
-6492
-233
6949
-13370
19222
-24256
28259
-31060
32540
-32636
31345
-28720
24874
-19970
14217
-7859
1167
5575
-12079
18070
-23293
27524
-30586
32346
-32731
31724
-29368
25762
-21062
15465
-9211
2565
4190
-10767
16886
-22287
26740
-30055
32093
-32766
32045
-29962
26604
-22115
16685
-10546
3958
2798
-9435
15670
-21240
25906
-29470
31781
-32741
32308
-30501
27397
-23128
17875
-11862
5345
1400
-8085
14427
-20154
25025
-28831
31412
-32656
32512
-30985
28140
-24098
19032
-13156
6721
0
-6721
13156
-19032
24098
-28140
30985
-32512
32656
-31412
28831
-25025
20154
-14427
8085
-1400
-5345
11862
-17875
23128
-27397
30501
-32308
32741
-31781
29470
-25906
21240
-15670
9435
-2798
-3958
10546
-16685
22115
-26604
29962
-32045
32766
-32093
30055
-26740
22287
-16886
10767
-4190
-2565
9211
-15465
21062
-25762
29368
-31724
32731
-32346
30586
-27524
23293
-18070
12079
-5575
-1167
7859
-14217
19970
-24874
28720
-31345
32636
-32540
31060
-28259
24256
-19222
13370
-6949
233
6492
-12942
18842
-23940
28020
-30908
32482
-32674
31477
-28942
25175
-20338
14636
-8311
1633
5114
-11644
17679
-22962
27268
-30415
32268
-32749
31837
-29572
26048
-21417
15875
-9658
3030
3727
-10325
16484
-21942
26467
-29866
31996
-32764
32139
-30148
26874
-22457
17085
-10987
4421
2332
-8987
15259
-20882
25617
-29263
31665
-32719
32382
-30668
27650
-23456
18264
-12296
5805
934
-7632
14006
-19784
24721
-28607
31276
-32615
32566
-31133
28376
-24412
19410
-13583
7177
-467
-6264
12727
-18650
23780
-27898
30830
-32450
32691
-31541
29050
-25324
20520
-14844
8537
-1866
-4884
11426
-17482
22795
-27138
30327
-32227
32756
-31892
29671
-26189
21593
-16079
9881
-3262
-3495
10103
-16282
21768
-26329
29770
-31944
32761
-32184
30238
-27007
22626
-17284
11207
-4653
-2099
8762
-15052
20702
-25471
29158
-31604
32706
-32417
30750
-27775
23618
-18458
12512
-6034
-700
7405
-13795
19598
-24567
28492
-31205
32591
-32591
31205
-28492
24567
-19598
13795
-7405
700
6034
-12512
18458
-23618
27775
-30750
32417
-32706
31604
-29158
25471
-20702
15052
-8762
2099
4653
-11207
17284
-22626
27007
-30238
32184
-32761
31944
-29770
26329
-21768
16282
-10103
3495
3262
-9881
16079
-21593
26189
-29671
31892
-32756
32227
-30327
27138
-22795
17482
-11426
4884
1866
-8537
14844
-20520
25324
-29050
31541
-32691
32450
-30830
27898
-23780
18650
-12727
6264
467
-7177
13583
-19410
24412
-28376
31133
-32566
32615
-31276
28607
-24721
19784
-14006
7632
-934
-5805
12296
-18264
23456
-27650
30668
-32382
32719
-31665
29263
-25617
20882
-15259
8987
-2332
-4421
10987
-17085
22457
-26874
30148
-32139
32764
-31996
29866
-26467
21942
-16484
10325
-3727
-3030
9658
-15875
21417
-26048
29572
-31837
32749
-32268
30415
-27268
22962
-17679
11644
-5114
-1633
8311
-14636
20338
-25175
28942
-31477
32674
-32482
30908
-28020
23940
-18842
12942
-6492
-233
6949
-13370
19222
-24256
28259
-31060
32540
-32636
31345
-28720
24874
-19970
14217
-7859
1167
5575
-12079
18070
-23293
27524
-30586
32346
-32731
31724
-29368
25762
-21062
15465
-9211
2565
4190
-10767
16886
-22287
26740
-30055
32093
-32766
32045
-29962
26604
-22115
16685
-10546
3958
2798
-9435
15670
-21240
25906
-29470
31781
-32741
32308
-30501
27397
-23128
17875
-11862
5345
1400
-8085
14427
-20154
25025
-28831
31412
-32656
32512
-30985
28140
-24098
19032
-13156
6721
0
-6721
13156
-19032
24098
-28140
30985
-32512
32656
-31412
28831
-25025
20154
-14427
8085
-1400
-5345
11862
-17875
23128
-27397
30501
-32308
32741
-31781
29470
-25906
21240
-15670
9435
-2798
-3958
10546
-16685
22115
-26604
29962
-32045
32766
-32093
30055
-26740
22287
-16886
10767
-4190
-2565
9211
-15465
21062
-25762
29368
-31724
32731
-32346
30586
-27524
23293
-18070
12079
-5575
-1167
7859
-14217
19970
-24874
28720
-31345
32636
-32540
31060
-28259
24256
-19222
13370
-6949
233
6492
-12942
18842
-23940
28020
-30908
32482
-32674
31477
-28942
25175
-20338
14636
-8311
1633
5114
-11644
17679
-22962
27268
-30415
32268
-32749
31837
-29572
26048
-21417
15875
-9658
3030
3727
-10325
16484
-21942
26467
-29866
31996
-32764
32139
-30148
26874
-22457
17085
-10987
4421
2332
-8987
15259
-20882
25617
-29263
31665
-32719
32382
-30668
27650
-23456
18264
-12296
5805
934
-7632
14006
-19784
24721
-28607
31276
-32615
32566
-31133
28376
-24412
19410
-13583
7177
-467
-6264
12727
-18650
23780
-27898
30830
-32450
32691
-31541
29050
-25324
20520
-14844
8537
-1866
-4884
11426
-17482
22795
-27138
30327
-32227
32756
-31892
29671
-26189
21593
-16079
9881
-3262
-3495
10103
-16282
21768
-26329
29770
-31944
32761
-32184
30238
-27007
22626
-17284
11207
-4653
-2099
8762
-15052
20702
-25471
29158
-31604
32706
-32417
30750
-27775
23618
-18458
12512
-6034
-700
7405
-13795
19598
-24567
28492
-31205
32591
-32591
31205
-28492
24567
-19598
13795
-7405
700
6034
-12512
18458
-23618
27775
-30750
32417
-32706
31604
-29158
25471
-20702
15052
-8762
2099
4653
-11207
17284
-22626
27007
-30238
32184
-32761
31944
-29770
26329
-21768
16282
-10103
3495
3262
-9881
16079
-21593
26189
-29671
31892
-32756
32227
-30327
27138
-22795
17482
-11426
4884
1866
-8537
14844
-20520
25324
-29050
31541
-32691
32450
-30830
27898
-23780
18650
-12727
6264
467
-7177
13583
-19410
24412
-28376
31133
-32566
32615
-31276
28607
-24721
19784
-14006
7632
-934
-5805
12296
-18264
23456
-27650
30668
-32382
32719
-31665
29263
-25617
20882
-15259
8987
-2332
-4421
10987
-17085
22457
-26874
30148
-32139
32764
-31996
29866
-26467
21942
-16484
10325
-3727
-3030
9658
-15875
21417
-26048
29572
-31837
32749
-32268
30415
-27268
22962
-17679
11644
-5114
-1633
8311
-14636
20338
-25175
28942
-31477
32674
-32482
30908
-28020
23940
-18842
12942
-6492
-233
6949
-13370
19222
-24256
28259
-31060
32540
-32636
31345
-28720
24874
-19970
14217
-7859
1167
5575
-12079
18070
-23293
27524
-30586
32346
-32731
31724
-29368
25762
-21062
15465
-9211
2565
4190
-10767
16886
-22287
26740
-30055
32093
-32766
32045
-29962
26604
-22115
16685
-10546
3958
2798
-9435
15670
-21240
25906
-29470
31781
-32741
32308
-30501
27397
-23128
17875
-11862
5345
1400
-8085
14427
-20154
25025
-28831
31412
-32656
32512
-30985
28140
-24098
19032
-13156
6721
0
-6721
13156
-19032
24098
-28140
30985
-32512
32656
-31412
28831
-25025
20154
-14427
8085
-1400
-5345
11862
-17875
23128
-27397
30501
-32308
32741
-31781
29470
-25906
21240
-15670
9435
-2798
-3958
10546
-16685
22115
-26604
29962
-32045
32766
-32093
30055
-26740
22287
-16886
10767
-4190
-2565
9211
-15465
21062
-25762
29368
-31724
32731
-32346
30586
-27524
23293
-18070
12079
-5575
-1167
7859
-14217
19970
-24874
28720
-31345
32636
-32540
31060
-28259
24256
-19222
13370
-6949
233
6492
-12942
18842
-23940
28020
-30908
32482
-32674
31477
-28942
25175
-20338
14636
-8311
1633
5114
-11644
17679
-22962
27268
-30415
32268
-32749
31837
-29572
26048
-21417
15875
-9658
3030
3727
-10325
16484
-21942
26467
-29866
31996
-32764
32139
-30148
26874
-22457
17085
-10987
4421
2332
-8987
15259
-20882
25617
-29263
31665
-32719
32382
-30668
27650
-23456
18264
-12296
5805
934
-7632
14006
-19784
24721
-28607
31276
-32615
32566
-31133
28376
-24412
19410
-13583
7177
-467
-6264
12727
-18650
23780
-27898
30830
-32450
32691
-31541
29050
-25324
20520
-14844
8537
-1866
-4884
11426
-17482
22795
-27138
30327
-32227
32756
-31892
29671
-26189
21593
-16079
9881
-3262
-3495
10103
-16282
21768
-26329
29770
-31944
32761
-32184
30238
-27007
22626
-17284
11207
-4653
-2099
8762
-15052
20702
-25471
29158
-31604
32706
-32417
30750
-27775
23618
-18458
12512
-6034
-700
7405
-13795
19598
-24567
28492
-31205
32591
-32591
31205
-28492
24567
-19598
13795
-7405
700
6034
-12512
18458
-23618
27775
-30750
32417
-32706
31604
-29158
25471
-20702
15052
-8762
2099
4653
-11207
17284
-22626
27007
-30238
32184
-32761
31944
-29770
26329
-21768
16282
-10103
3495
3262
-9881
16079
-21593
26189
-29671
31892
-32756
32227
-30327
27138
-22795
17482
-11426
4884
1866
-8537
14844
-20520
25324
-29050
31541
-32691
32450
-30830
27898
-23780
18650
-12727
6264
467
-7177
13583
-19410
24412
-28376
31133
-32566
32615
-31276
28607
-24721
19784
-14006
7632
-934
-5805
12296
-18264
23456
-27650
30668
-32382
32719
-31665
29263
-25617
20882
-15259
8987
-2332
-4421
10987
-17085
22457
-26874
30148
-32139
32764
-31996
29866
-26467
21942
-16484
10325
-3727
-3030
9658
-15875
21417
-26048
29572
-31837
32749
-32268
30415
-27268
22962
-17679
11644
-5114
-1633
8311
-14636
20338
-25175
28942
-31477
32674
-32482
30908
-28020
23940
-18842
12942
-6492
-233
6949
-13370
19222
-24256
28259
-31060
32540
-32636
31345
-28720
24874
-19970
14217
-7859
1167
5575
-12079
18070
-23293
27524
-30586
32346
-32731
31724
-29368
25762
-21062
15465
-9211
2565
4190
-10767
16886
-22287
26740
-30055
32093
-32766
32045
-29962
26604
-22115
16685
-10546
3958
2798
-9435
15670
-21240
25906
-29470
31781
-32741
32308
-30501
27397
-23128
17875
-11862
5345
1400
-8085
14427
-20154
25025
-28831
31412
-32656
32512
-30985
28140
-24098
19032
-13156
6721
0
-6721
13156
-19032
24098
-28140
30985
-32512
32656
-31412
28831
-25025
20154
-14427
8085
-1400
-5345
11862
-17875
23128
-27397
30501
-32308
32741
-31781
29470
-25906
21240
-15670
9435
-2798
-3958
10546
-16685
22115
-26604
29962
-32045
32766
-32093
30055
-26740
22287
-16886
10767
-4190
-2565
9211
-15465
21062
-25762
29368
-31724
32731
-32346
30586
-27524
23293
-18070
12079
-5575
-1167
7859
-14217
19970
-24874
28720
-31345
32636
-32540
31060
-28259
24256
-19222
13370
-6949
233
6492
-12942
18842
-23940
28020
-30908
32482
-32674
31477
-28942
25175
-20338
14636
-8311
1633
5114
-11644
17679
-22962
27268
-30415
32268
-32749
31837
-29572
26048
-21417
15875
-9658
3030
3727
-10325
16484
-21942
26467
-29866
31996
-32764
32139
-30148
26874
-22457
17085
-10987
4421
2332
-8987
15259
-20882
25617
-29263
31665
-32719
32382
-30668
27650
-23456
18264
-12296
5805
934
-7632
14006
-19784
24721
-28607
31276
-32615
32566
-31133
28376
-24412
19410
-13583
7177
-467
-6264
12727
-18650
23780
-27898
30830
-32450
32691
-31541
29050
-25324
20520
-14844
8537
-1866
-4884
11426
-17482
22795
-27138
30327
-32227
32756
-31892
29671
-26189
21593
-16079
9881
-3262
-3495
10103
-16282
21768
-26329
29770
-31944
32761
-32184
30238
-27007
22626
-17284
11207
-4653
-2099
8762
-15052
20702
-25471
29158
-31604
32706
-32417
30750
-27775
23618
-18458
12512
-6034
-700
7405
-13795
19598
-24567
28492
-31205
32591
-32591
31205
-28492
24567
-19598
13795
-7405
700
6034
-12512
18458
-23618
27775
-30750
32417
-32706
31604
-29158
25471
-20702
15052
-8762
2099
4653
-11207
17284
-22626
27007
-30238
32184
-32761
31944
-29770
26329
-21768
16282
-10103
3495
3262
-9881
16079
-21593
26189
-29671
31892
-32756
32227
-30327
27138
-22795
17482
-11426
4884
1866
-8537
14844
-20520
25324
-29050
31541
-32691
32450
-30830
27898
-23780
18650
-12727
6264
467
-7177
13583
-19410
24412
-28376
31133
-32566
32615
-31276
28607
-24721
19784
-14006
7632
-934
-5805
12296
-18264
23456
-27650
30668
-32382
32719
-31665
29263
-25617
20882
-15259
8987
-2332
-4421
10987
-17085
22457
-26874
30148
-32139
32764
-31996
29866
-26467
21942
-16484
10325
-3727
-3030
9658
-15875
21417
-26048
29572
-31837
32749
-32268
30415
-27268
22962
-17679
11644
-5114
-1633
8311
-14636
20338
-25175
28942
-31477
32674
-32482
30908
-28020
23940
-18842
12942
-6492
-233
6949
-13370
19222
-24256
28259
-31060
32540
-32636
31345
-28720
24874
-19970
14217
-7859
1167
5575
-12079
18070
-23293
27524
-30586
32346
-32731
31724
-29368
25762
-21062
15465
-9211
2565
4190
-10767
16886
-22287
26740
-30055
32093
-32766
32045
-29962
26604
-22115
16685
-10546
3958
2798
-9435
15670
-21240
25906
-29470
31781
-32741
32308
-30501
27397
-23128
17875
-11862
5345
1400
-8085
14427
-20154
25025
-28831
31412
-32656
32512
-30985
28140
-24098
19032
-13156
6721
